<root>
	<entity_1>
		<stopLinkStation>	00000000.00000000.00000000.00000000	</stopLinkStation>
		<animation>	</animation>
		<animationEven>	</animationEven>
		<type>	SpawnPointPotential	</type>
		<transform>
			<row0>	-0.258819 0.000000 0.965922	</row0>
			<row1>	0.000000 0.999998 0.000000	</row1>
			<row2>	-0.965922 0.000000 -0.258819	</row2>
			<row3>	-16.150650 3.482421 18.017855	</row3>
		</transform>
		<clientOnly>	false	</clientOnly>
		<properties>
			<entityName>	20145003	</entityName>
			<rediviousTime>	999999.000000	</rediviousTime>
			<rediviousTotal>	1	</rediviousTotal>
			<randomWalkRange>	0.000000	</randomWalkRange>
			<patrolList>	</patrolList>
			<lineNumber>	0	</lineNumber>
			<patrolPathNode>	</patrolPathNode>
			<actionDefaultName>	</actionDefaultName>
			<ownModelName>	</ownModelName>
		</properties>
	</entity_1>
	<entity_2>
		<stopLinkStation>	00000000.00000000.00000000.00000000	</stopLinkStation>
		<animation>	</animation>
		<animationEven>	</animationEven>
		<type>	SpawnPointPotential	</type>
		<transform>
			<row0>	-0.866023 0.000000 0.500000	</row0>
			<row1>	0.000000 0.999999 0.000000	</row1>
			<row2>	-0.500000 0.000000 -0.866023	</row2>
			<row3>	-21.460175 3.941406 22.731035	</row3>
		</transform>
		<clientOnly>	false	</clientOnly>
		<properties>
			<entityName>	20125013	</entityName>
			<rediviousTime>	999999.000000	</rediviousTime>
			<rediviousTotal>	1	</rediviousTotal>
			<randomWalkRange>	0.000000	</randomWalkRange>
			<patrolList>	</patrolList>
			<lineNumber>	0	</lineNumber>
			<patrolPathNode>	</patrolPathNode>
			<actionDefaultName>	</actionDefaultName>
			<ownModelName>	</ownModelName>
		</properties>
	</entity_2>
	<entity_3>
		<stopLinkStation>	00000000.00000000.00000000.00000000	</stopLinkStation>
		<animation>	</animation>
		<animationEven>	</animationEven>
		<type>	SpawnPointPotential	</type>
		<transform>
			<row0>	-0.866021 0.000000 0.499997	</row0>
			<row1>	0.000000 0.999995 0.000000	</row1>
			<row2>	-0.499997 0.000000 -0.866021	</row2>
			<row3>	-18.069084 3.828125 21.069139	</row3>
		</transform>
		<clientOnly>	false	</clientOnly>
		<properties>
			<entityName>	20125013	</entityName>
			<rediviousTime>	999999.000000	</rediviousTime>
			<rediviousTotal>	1	</rediviousTotal>
			<randomWalkRange>	0.000000	</randomWalkRange>
			<patrolList>	</patrolList>
			<lineNumber>	0	</lineNumber>
			<patrolPathNode>	</patrolPathNode>
			<actionDefaultName>	</actionDefaultName>
			<ownModelName>	</ownModelName>
		</properties>
	</entity_3>
	<entity_4>
		<stopLinkStation>	00000000.00000000.00000000.00000000	</stopLinkStation>
		<animation>	</animation>
		<animationEven>	</animationEven>
		<type>	SpawnPointPotential	</type>
		<transform>
			<row0>	-0.258818 0.000000 0.965922	</row0>
			<row1>	0.000000 0.999997 0.000000	</row1>
			<row2>	-0.965922 0.000000 -0.258818	</row2>
			<row3>	-12.904976 3.505859 20.171221	</row3>
		</transform>
		<clientOnly>	false	</clientOnly>
		<properties>
			<entityName>	20145003	</entityName>
			<rediviousTime>	999999.000000	</rediviousTime>
			<rediviousTotal>	1	</rediviousTotal>
			<randomWalkRange>	0.000000	</randomWalkRange>
			<patrolList>	</patrolList>
			<lineNumber>	0	</lineNumber>
			<patrolPathNode>	</patrolPathNode>
			<actionDefaultName>	</actionDefaultName>
			<ownModelName>	</ownModelName>
		</properties>
	</entity_4>
	<entity_5>
		<stopLinkStation>	00000000.00000000.00000000.00000000	</stopLinkStation>
		<animation>	</animation>
		<animationEven>	</animationEven>
		<type>	SpawnPointPotential	</type>
		<transform>
			<row0>	-0.866020 0.000000 0.499999	</row0>
			<row1>	0.000000 0.999995 0.000000	</row1>
			<row2>	-0.499999 0.000000 -0.866020	</row2>
			<row3>	-19.371513 3.984375 24.056601	</row3>
		</transform>
		<clientOnly>	false	</clientOnly>
		<properties>
			<entityName>	20115008	</entityName>
			<rediviousTime>	999999.000000	</rediviousTime>
			<rediviousTotal>	1	</rediviousTotal>
			<randomWalkRange>	0.000000	</randomWalkRange>
			<patrolList>	</patrolList>
			<lineNumber>	0	</lineNumber>
			<patrolPathNode>	</patrolPathNode>
			<actionDefaultName>	</actionDefaultName>
			<ownModelName>	</ownModelName>
		</properties>
	</entity_5>
	<entity_6>
		<stopLinkStation>	00000000.00000000.00000000.00000000	</stopLinkStation>
		<animation>	</animation>
		<animationEven>	</animationEven>
		<type>	SpawnPointPotential	</type>
		<transform>
			<row0>	-0.866023 0.000000 0.499999	</row0>
			<row1>	0.000000 0.999997 0.000000	</row1>
			<row2>	-0.499999 0.000000 -0.866023	</row2>
			<row3>	-15.912926 3.878906 24.085817	</row3>
		</transform>
		<clientOnly>	false	</clientOnly>
		<properties>
			<entityName>	20125013	</entityName>
			<rediviousTime>	999999.000000	</rediviousTime>
			<rediviousTotal>	1	</rediviousTotal>
			<randomWalkRange>	0.000000	</randomWalkRange>
			<patrolList>	</patrolList>
			<lineNumber>	0	</lineNumber>
			<patrolPathNode>	</patrolPathNode>
			<actionDefaultName>	</actionDefaultName>
			<ownModelName>	</ownModelName>
		</properties>
	</entity_6>
	<entity_7>
		<stopLinkStation>	00000000.00000000.00000000.00000000	</stopLinkStation>
		<animation>	</animation>
		<animationEven>	</animationEven>
		<type>	SpawnPointPotential	</type>
		<transform>
			<row0>	-0.707103 0.000000 0.707104	</row0>
			<row1>	0.000000 0.999996 0.000000	</row1>
			<row2>	-0.707104 0.000000 -0.707103	</row2>
			<row3>	-13.389626 3.763671 23.217733	</row3>
		</transform>
		<clientOnly>	false	</clientOnly>
		<properties>
			<entityName>	20115008	</entityName>
			<rediviousTime>	999999.000000	</rediviousTime>
			<rediviousTotal>	1	</rediviousTotal>
			<randomWalkRange>	0.000000	</randomWalkRange>
			<patrolList>	</patrolList>
			<lineNumber>	0	</lineNumber>
			<patrolPathNode>	</patrolPathNode>
			<actionDefaultName>	</actionDefaultName>
			<ownModelName>	</ownModelName>
		</properties>
	</entity_7>
	<entity_8>
		<stopLinkStation>	00000000.00000000.00000000.00000000	</stopLinkStation>
		<animation>	</animation>
		<animationEven>	</animationEven>
		<type>	SpawnPointPotential	</type>
		<transform>
			<row0>	-0.965922 0.000000 0.258818	</row0>
			<row1>	0.000000 0.999997 0.000000	</row1>
			<row2>	-0.258818 0.000000 -0.965922	</row2>
			<row3>	-22.373894 5.263670 27.097307	</row3>
		</transform>
		<clientOnly>	false	</clientOnly>
		<properties>
			<entityName>	20145003	</entityName>
			<rediviousTime>	999999.000000	</rediviousTime>
			<rediviousTotal>	1	</rediviousTotal>
			<randomWalkRange>	0.000000	</randomWalkRange>
			<patrolList>	</patrolList>
			<lineNumber>	0	</lineNumber>
			<patrolPathNode>	</patrolPathNode>
			<actionDefaultName>	</actionDefaultName>
			<ownModelName>	</ownModelName>
		</properties>
	</entity_8>
	<entity_9>
		<stopLinkStation>	00000000.00000000.00000000.00000000	</stopLinkStation>
		<animation>	</animation>
		<animationEven>	</animationEven>
		<type>	SpawnPointPotential	</type>
		<transform>
			<row0>	-0.866023 0.000000 0.500000	</row0>
			<row1>	0.000000 0.999998 0.000000	</row1>
			<row2>	-0.500000 0.000000 -0.866023	</row2>
			<row3>	-16.360458 3.921875 26.182825	</row3>
		</transform>
		<clientOnly>	false	</clientOnly>
		<properties>
			<entityName>	20155008	</entityName>
			<rediviousTime>	999999.000000	</rediviousTime>
			<rediviousTotal>	1	</rediviousTotal>
			<randomWalkRange>	0.000000	</randomWalkRange>
			<patrolList>	</patrolList>
			<lineNumber>	0	</lineNumber>
			<patrolPathNode>	</patrolPathNode>
			<actionDefaultName>	</actionDefaultName>
			<ownModelName>	</ownModelName>
		</properties>
	</entity_9>
	<entity_10>
		<stopLinkStation>	00000000.00000000.00000000.00000000	</stopLinkStation>
		<animation>	</animation>
		<animationEven>	</animationEven>
		<type>	SpawnPointPotential	</type>
		<transform>
			<row0>	-0.866020 0.000000 0.499998	</row0>
			<row1>	0.000000 0.999996 0.000000	</row1>
			<row2>	-0.499998 0.000000 -0.866020	</row2>
			<row3>	-13.886681 3.941406 27.358912	</row3>
		</transform>
		<clientOnly>	false	</clientOnly>
		<properties>
			<entityName>	20145003	</entityName>
			<rediviousTime>	999999.000000	</rediviousTime>
			<rediviousTotal>	1	</rediviousTotal>
			<randomWalkRange>	0.000000	</randomWalkRange>
			<patrolList>	</patrolList>
			<lineNumber>	0	</lineNumber>
			<patrolPathNode>	</patrolPathNode>
			<actionDefaultName>	</actionDefaultName>
			<ownModelName>	</ownModelName>
		</properties>
	</entity_10>
	<entity_11>
		<stopLinkStation>	00000000.00000000.00000000.00000000	</stopLinkStation>
		<animation>	</animation>
		<animationEven>	</animationEven>
		<type>	SpawnPointPotential	</type>
		<transform>
			<row0>	-0.866022 0.000000 0.499998	</row0>
			<row1>	0.000000 0.999996 0.000000	</row1>
			<row2>	-0.499998 0.000000 -0.866022	</row2>
			<row3>	-14.512810 4.087890 31.382704	</row3>
		</transform>
		<clientOnly>	false	</clientOnly>
		<properties>
			<entityName>	20135013	</entityName>
			<rediviousTime>	999999.000000	</rediviousTime>
			<rediviousTotal>	1	</rediviousTotal>
			<randomWalkRange>	0.000000	</randomWalkRange>
			<patrolList>	</patrolList>
			<lineNumber>	0	</lineNumber>
			<patrolPathNode>	</patrolPathNode>
			<actionDefaultName>	</actionDefaultName>
			<ownModelName>	</ownModelName>
		</properties>
	</entity_11>
	<entity_12>
		<stopLinkStation>	00000000.00000000.00000000.00000000	</stopLinkStation>
		<animation>	</animation>
		<animationEven>	</animationEven>
		<type>	SpawnPointPotential	</type>
		<transform>
			<row0>	-0.707105 0.000000 0.707104	</row0>
			<row1>	0.000000 0.999997 0.000000	</row1>
			<row2>	-0.707104 0.000000 -0.707105	</row2>
			<row3>	-9.124214 4.150390 29.307680	</row3>
		</transform>
		<clientOnly>	false	</clientOnly>
		<properties>
			<entityName>	20135013	</entityName>
			<rediviousTime>	999999.000000	</rediviousTime>
			<rediviousTotal>	1	</rediviousTotal>
			<randomWalkRange>	0.000000	</randomWalkRange>
			<patrolList>	</patrolList>
			<lineNumber>	0	</lineNumber>
			<patrolPathNode>	</patrolPathNode>
			<actionDefaultName>	</actionDefaultName>
			<ownModelName>	</ownModelName>
		</properties>
	</entity_12>
	<entity_13>
		<stopLinkStation>	00000000.00000000.00000000.00000000	</stopLinkStation>
		<animation>	</animation>
		<animationEven>	</animationEven>
		<type>	SpawnPointPotential	</type>
		<transform>
			<row0>	-0.965924 0.000000 0.258818	</row0>
			<row1>	0.000000 0.999998 0.000000	</row1>
			<row2>	-0.258818 0.000000 -0.965924	</row2>
			<row3>	-16.927864 4.623045 32.482765	</row3>
		</transform>
		<clientOnly>	false	</clientOnly>
		<properties>
			<entityName>	20135013	</entityName>
			<rediviousTime>	999999.000000	</rediviousTime>
			<rediviousTotal>	1	</rediviousTotal>
			<randomWalkRange>	0.000000	</randomWalkRange>
			<patrolList>	</patrolList>
			<lineNumber>	0	</lineNumber>
			<patrolPathNode>	</patrolPathNode>
			<actionDefaultName>	</actionDefaultName>
			<ownModelName>	</ownModelName>
		</properties>
	</entity_13>
	<entity_14>
		<stopLinkStation>	00000000.00000000.00000000.00000000	</stopLinkStation>
		<animation>	</animation>
		<animationEven>	</animationEven>
		<type>	SpawnPointPotential	</type>
		<transform>
			<row0>	-0.707104 0.000000 0.707105	</row0>
			<row1>	0.000000 0.999997 0.000000	</row1>
			<row2>	-0.707105 0.000000 -0.707104	</row2>
			<row3>	-10.443520 4.226562 32.216579	</row3>
		</transform>
		<clientOnly>	false	</clientOnly>
		<properties>
			<entityName>	20135013	</entityName>
			<rediviousTime>	999999.000000	</rediviousTime>
			<rediviousTotal>	1	</rediviousTotal>
			<randomWalkRange>	0.000000	</randomWalkRange>
			<patrolList>	</patrolList>
			<lineNumber>	0	</lineNumber>
			<patrolPathNode>	</patrolPathNode>
			<actionDefaultName>	</actionDefaultName>
			<ownModelName>	</ownModelName>
		</properties>
	</entity_14>
	<entity_15>
		<stopLinkStation>	00000000.00000000.00000000.00000000	</stopLinkStation>
		<animation>	</animation>
		<animationEven>	</animationEven>
		<type>	SpawnPointPotential	</type>
		<transform>
			<row0>	-0.965922 0.000000 0.258818	</row0>
			<row1>	0.000000 0.999998 0.000000	</row1>
			<row2>	-0.258818 0.000000 -0.965922	</row2>
			<row3>	-18.682312 4.123045 29.176104	</row3>
		</transform>
		<clientOnly>	false	</clientOnly>
		<properties>
			<entityName>	20145003	</entityName>
			<rediviousTime>	999999.000000	</rediviousTime>
			<rediviousTotal>	1	</rediviousTotal>
			<randomWalkRange>	0.000000	</randomWalkRange>
			<patrolList>	</patrolList>
			<lineNumber>	0	</lineNumber>
			<patrolPathNode>	</patrolPathNode>
			<actionDefaultName>	</actionDefaultName>
			<ownModelName>	</ownModelName>
		</properties>
	</entity_15>
	<entity_16>
		<stopLinkStation>	00000000.00000000.00000000.00000000	</stopLinkStation>
		<animation>	</animation>
		<animationEven>	</animationEven>
		<type>	SpawnPointPotential	</type>
		<transform>
			<row0>	-0.965922 0.000000 0.258817	</row0>
			<row1>	0.000000 0.999996 0.000000	</row1>
			<row2>	-0.258817 0.000000 -0.965922	</row2>
			<row3>	-24.572937 4.306640 23.813681	</row3>
		</transform>
		<clientOnly>	false	</clientOnly>
		<properties>
			<entityName>	20145003	</entityName>
			<rediviousTime>	999999.000000	</rediviousTime>
			<rediviousTotal>	1	</rediviousTotal>
			<randomWalkRange>	0.000000	</randomWalkRange>
			<patrolList>	</patrolList>
			<lineNumber>	0	</lineNumber>
			<patrolPathNode>	</patrolPathNode>
			<actionDefaultName>	</actionDefaultName>
			<ownModelName>	</ownModelName>
		</properties>
	</entity_16>
	<entity_17>
		<stopLinkStation>	00000000.00000000.00000000.00000000	</stopLinkStation>
		<animation>	</animation>
		<animationEven>	</animationEven>
		<type>	SpawnPointPotential	</type>
		<transform>
			<row0>	-0.866024 0.000000 0.500000	</row0>
			<row1>	0.000000 0.999999 0.000000	</row1>
			<row2>	-0.500000 0.000000 -0.866024	</row2>
			<row3>	39.615265 4.581863 78.601334	</row3>
		</transform>
		<clientOnly>	false	</clientOnly>
		<properties>
			<entityName>	20155008	</entityName>
			<rediviousTime>	999999.000000	</rediviousTime>
			<rediviousTotal>	1	</rediviousTotal>
			<randomWalkRange>	0.000000	</randomWalkRange>
			<patrolList>	</patrolList>
			<lineNumber>	0	</lineNumber>
			<patrolPathNode>	</patrolPathNode>
			<actionDefaultName>	</actionDefaultName>
			<ownModelName>	</ownModelName>
		</properties>
	</entity_17>
	<entity_18>
		<stopLinkStation>	00000000.00000000.00000000.00000000	</stopLinkStation>
		<animation>	</animation>
		<animationEven>	</animationEven>
		<type>	SpawnPointPotential	</type>
		<transform>
			<row0>	-0.500000 0.000000 0.866025	</row0>
			<row1>	0.000000 0.999999 0.000000	</row1>
			<row2>	-0.866025 0.000000 -0.500000	</row2>
			<row3>	32.268871 5.122128 81.306328	</row3>
		</transform>
		<clientOnly>	false	</clientOnly>
		<properties>
			<entityName>	20125013	</entityName>
			<rediviousTime>	999999.000000	</rediviousTime>
			<rediviousTotal>	1	</rediviousTotal>
			<randomWalkRange>	0.000000	</randomWalkRange>
			<patrolList>	</patrolList>
			<lineNumber>	0	</lineNumber>
			<patrolPathNode>	</patrolPathNode>
			<actionDefaultName>	</actionDefaultName>
			<ownModelName>	</ownModelName>
		</properties>
	</entity_18>
	<entity_19>
		<stopLinkStation>	00000000.00000000.00000000.00000000	</stopLinkStation>
		<animation>	</animation>
		<animationEven>	</animationEven>
		<type>	SpawnPointPotential	</type>
		<transform>
			<row0>	-0.499999 0.000000 -0.866023	</row0>
			<row1>	0.000000 0.999997 0.000000	</row1>
			<row2>	0.866023 0.000000 -0.499999	</row2>
			<row3>	60.769802 3.928203 11.450423	</row3>
		</transform>
		<clientOnly>	false	</clientOnly>
		<properties>
			<entityName>	20155008	</entityName>
			<rediviousTime>	999999.000000	</rediviousTime>
			<rediviousTotal>	1	</rediviousTotal>
			<randomWalkRange>	0.000000	</randomWalkRange>
			<patrolList>	</patrolList>
			<lineNumber>	0	</lineNumber>
			<patrolPathNode>	</patrolPathNode>
			<actionDefaultName>	</actionDefaultName>
			<ownModelName>	</ownModelName>
		</properties>
	</entity_19>
	<entity_20>
		<stopLinkStation>	00000000.00000000.00000000.00000000	</stopLinkStation>
		<animation>	</animation>
		<animationEven>	</animationEven>
		<type>	SpawnPointPotential	</type>
		<transform>
			<row0>	-0.866023 0.000000 0.499999	</row0>
			<row1>	0.000000 0.999999 0.000000	</row1>
			<row2>	-0.499999 0.000000 -0.866023	</row2>
			<row3>	36.451908 5.004123 83.331261	</row3>
		</transform>
		<clientOnly>	false	</clientOnly>
		<properties>
			<entityName>	20145003	</entityName>
			<rediviousTime>	999999.000000	</rediviousTime>
			<rediviousTotal>	1	</rediviousTotal>
			<randomWalkRange>	0.000000	</randomWalkRange>
			<patrolList>	</patrolList>
			<lineNumber>	0	</lineNumber>
			<patrolPathNode>	</patrolPathNode>
			<actionDefaultName>	</actionDefaultName>
			<ownModelName>	</ownModelName>
		</properties>
	</entity_20>
	<entity_21>
		<stopLinkStation>	00000000.00000000.00000000.00000000	</stopLinkStation>
		<animation>	</animation>
		<animationEven>	</animationEven>
		<type>	SpawnPointPotential	</type>
		<transform>
			<row0>	-0.866023 0.000000 0.499999	</row0>
			<row1>	0.000000 0.999999 0.000000	</row1>
			<row2>	-0.499999 0.000000 -0.866023	</row2>
			<row3>	39.380772 4.693949 83.988953	</row3>
		</transform>
		<clientOnly>	false	</clientOnly>
		<properties>
			<entityName>	20145003	</entityName>
			<rediviousTime>	999999.000000	</rediviousTime>
			<rediviousTotal>	1	</rediviousTotal>
			<randomWalkRange>	0.000000	</randomWalkRange>
			<patrolList>	</patrolList>
			<lineNumber>	0	</lineNumber>
			<patrolPathNode>	</patrolPathNode>
			<actionDefaultName>	</actionDefaultName>
			<ownModelName>	</ownModelName>
		</properties>
	</entity_21>
	<entity_22>
		<stopLinkStation>	00000000.00000000.00000000.00000000	</stopLinkStation>
		<animation>	</animation>
		<animationEven>	</animationEven>
		<type>	SpawnPointPotential	</type>
		<transform>
			<row0>	-0.707106 0.000000 0.707106	</row0>
			<row1>	0.000000 0.999999 0.000000	</row1>
			<row2>	-0.707106 0.000000 -0.707106	</row2>
			<row3>	28.194714 5.561190 79.567871	</row3>
		</transform>
		<clientOnly>	false	</clientOnly>
		<properties>
			<entityName>	20125013	</entityName>
			<rediviousTime>	999999.000000	</rediviousTime>
			<rediviousTotal>	1	</rediviousTotal>
			<randomWalkRange>	0.000000	</randomWalkRange>
			<patrolList>	</patrolList>
			<lineNumber>	0	</lineNumber>
			<patrolPathNode>	</patrolPathNode>
			<actionDefaultName>	</actionDefaultName>
			<ownModelName>	</ownModelName>
		</properties>
	</entity_22>
	<entity_23>
		<stopLinkStation>	00000000.00000000.00000000.00000000	</stopLinkStation>
		<animation>	</animation>
		<animationEven>	</animationEven>
		<type>	SpawnPointPotential	</type>
		<transform>
			<row0>	-0.258819 0.000000 0.965921	</row0>
			<row1>	0.000000 0.999996 0.000000	</row1>
			<row2>	-0.965921 0.000000 -0.258819	</row2>
			<row3>	47.374149 4.753361 77.693245	</row3>
		</transform>
		<clientOnly>	false	</clientOnly>
		<properties>
			<entityName>	20135013	</entityName>
			<rediviousTime>	999999.000000	</rediviousTime>
			<rediviousTotal>	1	</rediviousTotal>
			<randomWalkRange>	0.000000	</randomWalkRange>
			<patrolList>	</patrolList>
			<lineNumber>	0	</lineNumber>
			<patrolPathNode>	</patrolPathNode>
			<actionDefaultName>	</actionDefaultName>
			<ownModelName>	</ownModelName>
		</properties>
	</entity_23>
	<entity_24>
		<stopLinkStation>	00000000.00000000.00000000.00000000	</stopLinkStation>
		<animation>	</animation>
		<animationEven>	</animationEven>
		<type>	SpawnPointPotential	</type>
		<transform>
			<row0>	-0.499999 0.000000 0.866021	</row0>
			<row1>	0.000000 0.999995 0.000000	</row1>
			<row2>	-0.866021 0.000000 -0.499999	</row2>
			<row3>	45.013699 4.978789 82.356613	</row3>
		</transform>
		<clientOnly>	false	</clientOnly>
		<properties>
			<entityName>	20135013	</entityName>
			<rediviousTime>	999999.000000	</rediviousTime>
			<rediviousTotal>	1	</rediviousTotal>
			<randomWalkRange>	0.000000	</randomWalkRange>
			<patrolList>	</patrolList>
			<lineNumber>	0	</lineNumber>
			<patrolPathNode>	</patrolPathNode>
			<actionDefaultName>	</actionDefaultName>
			<ownModelName>	</ownModelName>
		</properties>
	</entity_24>
	<entity_25>
		<stopLinkStation>	00000000.00000000.00000000.00000000	</stopLinkStation>
		<animation>	</animation>
		<animationEven>	</animationEven>
		<type>	SpawnPointPotential	</type>
		<transform>
			<row0>	-0.258819 0.000000 0.965923	</row0>
			<row1>	0.000000 0.999998 0.000000	</row1>
			<row2>	-0.965923 0.000000 -0.258819	</row2>
			<row3>	49.626167 4.350657 81.188484	</row3>
		</transform>
		<clientOnly>	false	</clientOnly>
		<properties>
			<entityName>	20135013	</entityName>
			<rediviousTime>	999999.000000	</rediviousTime>
			<rediviousTotal>	1	</rediviousTotal>
			<randomWalkRange>	0.000000	</randomWalkRange>
			<patrolList>	</patrolList>
			<lineNumber>	0	</lineNumber>
			<patrolPathNode>	</patrolPathNode>
			<actionDefaultName>	</actionDefaultName>
			<ownModelName>	</ownModelName>
		</properties>
	</entity_25>
	<entity_26>
		<stopLinkStation>	00000000.00000000.00000000.00000000	</stopLinkStation>
		<animation>	</animation>
		<animationEven>	</animationEven>
		<type>	SpawnPointPotential	</type>
		<transform>
			<row0>	-0.707105 0.000000 0.707105	</row0>
			<row1>	0.000000 0.999998 0.000000	</row1>
			<row2>	-0.707105 0.000000 -0.707105	</row2>
			<row3>	42.751633 4.530865 86.152977	</row3>
		</transform>
		<clientOnly>	false	</clientOnly>
		<properties>
			<entityName>	20135013	</entityName>
			<rediviousTime>	999999.000000	</rediviousTime>
			<rediviousTotal>	1	</rediviousTotal>
			<randomWalkRange>	0.000000	</randomWalkRange>
			<patrolList>	</patrolList>
			<lineNumber>	0	</lineNumber>
			<patrolPathNode>	</patrolPathNode>
			<actionDefaultName>	</actionDefaultName>
			<ownModelName>	</ownModelName>
		</properties>
	</entity_26>
	<entity_27>
		<stopLinkStation>	00000000.00000000.00000000.00000000	</stopLinkStation>
		<animation>	</animation>
		<animationEven>	</animationEven>
		<type>	SpawnPointPotential	</type>
		<transform>
			<row0>	0.000000 0.000000 0.999996	</row0>
			<row1>	0.000000 0.999997 0.000000	</row1>
			<row2>	-0.999996 0.000000 0.000000	</row2>
			<row3>	32.408886 6.478370 72.092728	</row3>
		</transform>
		<clientOnly>	false	</clientOnly>
		<properties>
			<entityName>	20125013	</entityName>
			<rediviousTime>	999999.000000	</rediviousTime>
			<rediviousTotal>	1	</rediviousTotal>
			<randomWalkRange>	0.000000	</randomWalkRange>
			<patrolList>	</patrolList>
			<lineNumber>	0	</lineNumber>
			<patrolPathNode>	</patrolPathNode>
			<actionDefaultName>	</actionDefaultName>
			<ownModelName>	</ownModelName>
		</properties>
	</entity_27>
	<entity_28>
		<stopLinkStation>	00000000.00000000.00000000.00000000	</stopLinkStation>
		<animation>	</animation>
		<animationEven>	</animationEven>
		<type>	SpawnPointPotential	</type>
		<transform>
			<row0>	0.000000 0.000000 0.999999	</row0>
			<row1>	0.000000 1.000000 0.000000	</row1>
			<row2>	-0.999999 0.000000 0.000000	</row2>
			<row3>	38.917763 6.920053 70.597038	</row3>
		</transform>
		<clientOnly>	false	</clientOnly>
		<properties>
			<entityName>	20145003	</entityName>
			<rediviousTime>	999999.000000	</rediviousTime>
			<rediviousTotal>	1	</rediviousTotal>
			<randomWalkRange>	0.000000	</randomWalkRange>
			<patrolList>	</patrolList>
			<lineNumber>	0	</lineNumber>
			<patrolPathNode>	</patrolPathNode>
			<actionDefaultName>	</actionDefaultName>
			<ownModelName>	</ownModelName>
		</properties>
	</entity_28>
	<entity_29>
		<stopLinkStation>	00000000.00000000.00000000.00000000	</stopLinkStation>
		<animation>	</animation>
		<animationEven>	</animationEven>
		<type>	SpawnPointPotential	</type>
		<transform>
			<row0>	0.000000 0.000000 0.999999	</row0>
			<row1>	0.000000 1.000000 0.000000	</row1>
			<row2>	-0.999999 0.000000 0.000000	</row2>
			<row3>	40.524845 6.111826 74.438957	</row3>
		</transform>
		<clientOnly>	false	</clientOnly>
		<properties>
			<entityName>	20145003	</entityName>
			<rediviousTime>	999999.000000	</rediviousTime>
			<rediviousTotal>	1	</rediviousTotal>
			<randomWalkRange>	0.000000	</randomWalkRange>
			<patrolList>	</patrolList>
			<lineNumber>	0	</lineNumber>
			<patrolPathNode>	</patrolPathNode>
			<actionDefaultName>	</actionDefaultName>
			<ownModelName>	</ownModelName>
		</properties>
	</entity_29>
	<entity_30>
		<stopLinkStation>	00000000.00000000.00000000.00000000	</stopLinkStation>
		<animation>	</animation>
		<animationEven>	</animationEven>
		<type>	SpawnPointPotential	</type>
		<transform>
			<row0>	0.000000 0.000000 0.999999	</row0>
			<row1>	0.000000 1.000000 0.000000	</row1>
			<row2>	-0.999999 0.000000 0.000000	</row2>
			<row3>	41.445435 6.933972 71.487000	</row3>
		</transform>
		<clientOnly>	false	</clientOnly>
		<properties>
			<entityName>	20145003	</entityName>
			<rediviousTime>	999999.000000	</rediviousTime>
			<rediviousTotal>	1	</rediviousTotal>
			<randomWalkRange>	0.000000	</randomWalkRange>
			<patrolList>	</patrolList>
			<lineNumber>	0	</lineNumber>
			<patrolPathNode>	</patrolPathNode>
			<actionDefaultName>	</actionDefaultName>
			<ownModelName>	</ownModelName>
		</properties>
	</entity_30>
	<entity_31>
		<stopLinkStation>	00000000.00000000.00000000.00000000	</stopLinkStation>
		<animation>	</animation>
		<animationEven>	</animationEven>
		<type>	SpawnPointPotential	</type>
		<transform>
			<row0>	0.000000 0.000000 0.999999	</row0>
			<row1>	0.000000 1.000000 0.000000	</row1>
			<row2>	-0.999999 0.000000 0.000000	</row2>
			<row3>	42.922878 6.385259 73.787682	</row3>
		</transform>
		<clientOnly>	false	</clientOnly>
		<properties>
			<entityName>	20145003	</entityName>
			<rediviousTime>	999999.000000	</rediviousTime>
			<rediviousTotal>	1	</rediviousTotal>
			<randomWalkRange>	0.000000	</randomWalkRange>
			<patrolList>	</patrolList>
			<lineNumber>	0	</lineNumber>
			<patrolPathNode>	</patrolPathNode>
			<actionDefaultName>	</actionDefaultName>
			<ownModelName>	</ownModelName>
		</properties>
	</entity_31>
	<entity_32>
		<stopLinkStation>	00000000.00000000.00000000.00000000	</stopLinkStation>
		<animation>	</animation>
		<animationEven>	</animationEven>
		<type>	SpawnPointPotential	</type>
		<transform>
			<row0>	-0.258819 0.000000 0.965923	</row0>
			<row1>	0.000000 0.999997 0.000000	</row1>
			<row2>	-0.965923 0.000000 -0.258819	</row2>
			<row3>	33.572659 4.969042 75.511192	</row3>
		</transform>
		<clientOnly>	false	</clientOnly>
		<properties>
			<entityName>	20115008	</entityName>
			<rediviousTime>	999999.000000	</rediviousTime>
			<rediviousTotal>	1	</rediviousTotal>
			<randomWalkRange>	0.000000	</randomWalkRange>
			<patrolList>	</patrolList>
			<lineNumber>	0	</lineNumber>
			<patrolPathNode>	</patrolPathNode>
			<actionDefaultName>	</actionDefaultName>
			<ownModelName>	</ownModelName>
		</properties>
	</entity_32>
	<entity_33>
		<stopLinkStation>	00000000.00000000.00000000.00000000	</stopLinkStation>
		<animation>	</animation>
		<animationEven>	</animationEven>
		<type>	SpawnPointPotential	</type>
		<transform>
			<row0>	0.258818 0.000000 0.965923	</row0>
			<row1>	0.000000 0.999997 0.000000	</row1>
			<row2>	-0.965923 0.000000 0.258818	</row2>
			<row3>	35.069847 5.783161 69.813004	</row3>
		</transform>
		<clientOnly>	false	</clientOnly>
		<properties>
			<entityName>	20115008	</entityName>
			<rediviousTime>	999999.000000	</rediviousTime>
			<rediviousTotal>	1	</rediviousTotal>
			<randomWalkRange>	0.000000	</randomWalkRange>
			<patrolList>	</patrolList>
			<lineNumber>	0	</lineNumber>
			<patrolPathNode>	</patrolPathNode>
			<actionDefaultName>	</actionDefaultName>
			<ownModelName>	</ownModelName>
		</properties>
	</entity_33>
	<entity_34>
		<stopLinkStation>	00000000.00000000.00000000.00000000	</stopLinkStation>
		<animation>	</animation>
		<animationEven>	</animationEven>
		<type>	SpawnPointPotential	</type>
		<transform>
			<row0>	-0.866022 0.000000 -0.499997	</row0>
			<row1>	0.000000 0.999995 0.000000	</row1>
			<row2>	0.499997 0.000000 -0.866022	</row2>
			<row3>	61.948399 4.022419 16.866022	</row3>
		</transform>
		<clientOnly>	false	</clientOnly>
		<properties>
			<entityName>	20145003	</entityName>
			<rediviousTime>	999999.000000	</rediviousTime>
			<rediviousTotal>	1	</rediviousTotal>
			<randomWalkRange>	0.000000	</randomWalkRange>
			<patrolList>	</patrolList>
			<lineNumber>	0	</lineNumber>
			<patrolPathNode>	</patrolPathNode>
			<actionDefaultName>	</actionDefaultName>
			<ownModelName>	</ownModelName>
		</properties>
	</entity_34>
	<entity_35>
		<stopLinkStation>	00000000.00000000.00000000.00000000	</stopLinkStation>
		<animation>	</animation>
		<animationEven>	</animationEven>
		<type>	SpawnPointPotential	</type>
		<transform>
			<row0>	-0.866022 0.000000 -0.499997	</row0>
			<row1>	0.000000 0.999995 0.000000	</row1>
			<row2>	0.499997 0.000000 -0.866022	</row2>
			<row3>	62.706802 4.237195 19.624613	</row3>
		</transform>
		<clientOnly>	false	</clientOnly>
		<properties>
			<entityName>	20145003	</entityName>
			<rediviousTime>	999999.000000	</rediviousTime>
			<rediviousTotal>	1	</rediviousTotal>
			<randomWalkRange>	0.000000	</randomWalkRange>
			<patrolList>	</patrolList>
			<lineNumber>	0	</lineNumber>
			<patrolPathNode>	</patrolPathNode>
			<actionDefaultName>	</actionDefaultName>
			<ownModelName>	</ownModelName>
		</properties>
	</entity_35>
	<entity_36>
		<stopLinkStation>	00000000.00000000.00000000.00000000	</stopLinkStation>
		<animation>	</animation>
		<animationEven>	</animationEven>
		<type>	SpawnPointPotential	</type>
		<transform>
			<row0>	-0.258819 0.000000 -0.965921	</row0>
			<row1>	0.000000 0.999996 0.000000	</row1>
			<row2>	0.965921 0.000000 -0.258819	</row2>
			<row3>	58.095882 4.106737 7.401309	</row3>
		</transform>
		<clientOnly>	false	</clientOnly>
		<properties>
			<entityName>	20135013	</entityName>
			<rediviousTime>	999999.000000	</rediviousTime>
			<rediviousTotal>	1	</rediviousTotal>
			<randomWalkRange>	0.000000	</randomWalkRange>
			<patrolList>	</patrolList>
			<lineNumber>	0	</lineNumber>
			<patrolPathNode>	</patrolPathNode>
			<actionDefaultName>	</actionDefaultName>
			<ownModelName>	</ownModelName>
		</properties>
	</entity_36>
	<entity_37>
		<stopLinkStation>	00000000.00000000.00000000.00000000	</stopLinkStation>
		<animation>	</animation>
		<animationEven>	</animationEven>
		<type>	SpawnPointPotential	</type>
		<transform>
			<row0>	-0.258819 0.000000 -0.965921	</row0>
			<row1>	0.000000 0.999996 0.000000	</row1>
			<row2>	0.965921 0.000000 -0.258819	</row2>
			<row3>	54.990929 4.242331 4.020904	</row3>
		</transform>
		<clientOnly>	false	</clientOnly>
		<properties>
			<entityName>	20135013	</entityName>
			<rediviousTime>	999999.000000	</rediviousTime>
			<rediviousTotal>	1	</rediviousTotal>
			<randomWalkRange>	0.000000	</randomWalkRange>
			<patrolList>	</patrolList>
			<lineNumber>	0	</lineNumber>
			<patrolPathNode>	</patrolPathNode>
			<actionDefaultName>	</actionDefaultName>
			<ownModelName>	</ownModelName>
		</properties>
	</entity_37>
	<entity_38>
		<stopLinkStation>	00000000.00000000.00000000.00000000	</stopLinkStation>
		<animation>	</animation>
		<animationEven>	</animationEven>
		<type>	SpawnPointPotential	</type>
		<transform>
			<row0>	-0.258819 0.000000 -0.965923	</row0>
			<row1>	0.000000 0.999997 0.000000	</row1>
			<row2>	0.965923 0.000000 -0.258819	</row2>
			<row3>	53.162426 3.802051 8.881146	</row3>
		</transform>
		<clientOnly>	false	</clientOnly>
		<properties>
			<entityName>	20135013	</entityName>
			<rediviousTime>	999999.000000	</rediviousTime>
			<rediviousTotal>	1	</rediviousTotal>
			<randomWalkRange>	0.000000	</randomWalkRange>
			<patrolList>	</patrolList>
			<lineNumber>	0	</lineNumber>
			<patrolPathNode>	</patrolPathNode>
			<actionDefaultName>	</actionDefaultName>
			<ownModelName>	</ownModelName>
		</properties>
	</entity_38>
	<entity_39>
		<stopLinkStation>	00000000.00000000.00000000.00000000	</stopLinkStation>
		<animation>	</animation>
		<animationEven>	</animationEven>
		<type>	SpawnPointPotential	</type>
		<transform>
			<row0>	-0.499999 0.000000 -0.866022	</row0>
			<row1>	0.000000 0.999997 0.000000	</row1>
			<row2>	0.866022 0.000000 -0.499999	</row2>
			<row3>	53.582039 3.644082 13.042764	</row3>
		</transform>
		<clientOnly>	false	</clientOnly>
		<properties>
			<entityName>	20135013	</entityName>
			<rediviousTime>	999999.000000	</rediviousTime>
			<rediviousTotal>	1	</rediviousTotal>
			<randomWalkRange>	0.000000	</randomWalkRange>
			<patrolList>	</patrolList>
			<lineNumber>	0	</lineNumber>
			<patrolPathNode>	</patrolPathNode>
			<actionDefaultName>	</actionDefaultName>
			<ownModelName>	</ownModelName>
		</properties>
	</entity_39>
	<entity_40>
		<stopLinkStation>	00000000.00000000.00000000.00000000	</stopLinkStation>
		<animation>	</animation>
		<animationEven>	</animationEven>
		<type>	SpawnPointPotential	</type>
		<transform>
			<row0>	-0.499999 0.000000 -0.866021	</row0>
			<row1>	0.000000 0.999996 0.000000	</row1>
			<row2>	0.866021 0.000000 -0.499999	</row2>
			<row3>	62.225323 4.016575 3.541409	</row3>
		</transform>
		<clientOnly>	false	</clientOnly>
		<properties>
			<entityName>	20115008	</entityName>
			<rediviousTime>	999999.000000	</rediviousTime>
			<rediviousTotal>	1	</rediviousTotal>
			<randomWalkRange>	0.000000	</randomWalkRange>
			<patrolList>	</patrolList>
			<lineNumber>	0	</lineNumber>
			<patrolPathNode>	</patrolPathNode>
			<actionDefaultName>	</actionDefaultName>
			<ownModelName>	</ownModelName>
		</properties>
	</entity_40>
	<entity_41>
		<stopLinkStation>	00000000.00000000.00000000.00000000	</stopLinkStation>
		<animation>	</animation>
		<animationEven>	</animationEven>
		<type>	SpawnPointPotential	</type>
		<transform>
			<row0>	-0.866022 0.000000 -0.499997	</row0>
			<row1>	0.000000 0.999995 0.000000	</row1>
			<row2>	0.499997 0.000000 -0.866022	</row2>
			<row3>	66.022552 4.184766 15.238576	</row3>
		</transform>
		<clientOnly>	false	</clientOnly>
		<properties>
			<entityName>	20145003	</entityName>
			<rediviousTime>	999999.000000	</rediviousTime>
			<rediviousTotal>	1	</rediviousTotal>
			<randomWalkRange>	0.000000	</randomWalkRange>
			<patrolList>	</patrolList>
			<lineNumber>	0	</lineNumber>
			<patrolPathNode>	</patrolPathNode>
			<actionDefaultName>	</actionDefaultName>
			<ownModelName>	</ownModelName>
		</properties>
	</entity_41>
	<entity_42>
		<stopLinkStation>	00000000.00000000.00000000.00000000	</stopLinkStation>
		<animation>	</animation>
		<animationEven>	</animationEven>
		<type>	SpawnPointPotential	</type>
		<transform>
			<row0>	-0.866022 0.000000 -0.499997	</row0>
			<row1>	0.000000 0.999995 0.000000	</row1>
			<row2>	0.499997 0.000000 -0.866022	</row2>
			<row3>	66.779083 4.247767 18.826229	</row3>
		</transform>
		<clientOnly>	false	</clientOnly>
		<properties>
			<entityName>	20145003	</entityName>
			<rediviousTime>	999999.000000	</rediviousTime>
			<rediviousTotal>	1	</rediviousTotal>
			<randomWalkRange>	0.000000	</randomWalkRange>
			<patrolList>	</patrolList>
			<lineNumber>	0	</lineNumber>
			<patrolPathNode>	</patrolPathNode>
			<actionDefaultName>	</actionDefaultName>
			<ownModelName>	</ownModelName>
		</properties>
	</entity_42>
	<entity_43>
		<stopLinkStation>	00000000.00000000.00000000.00000000	</stopLinkStation>
		<animation>	</animation>
		<animationEven>	</animationEven>
		<type>	SpawnPointPotential	</type>
		<transform>
			<row0>	-0.866022 0.000000 -0.499997	</row0>
			<row1>	0.000000 0.999995 0.000000	</row1>
			<row2>	0.499997 0.000000 -0.866022	</row2>
			<row3>	61.980343 4.370363 11.837955	</row3>
		</transform>
		<clientOnly>	false	</clientOnly>
		<properties>
			<entityName>	20145003	</entityName>
			<rediviousTime>	999999.000000	</rediviousTime>
			<rediviousTotal>	1	</rediviousTotal>
			<randomWalkRange>	0.000000	</randomWalkRange>
			<patrolList>	</patrolList>
			<lineNumber>	0	</lineNumber>
			<patrolPathNode>	</patrolPathNode>
			<actionDefaultName>	</actionDefaultName>
			<ownModelName>	</ownModelName>
		</properties>
	</entity_43>
	<entity_44>
		<stopLinkStation>	00000000.00000000.00000000.00000000	</stopLinkStation>
		<animation>	</animation>
		<animationEven>	</animationEven>
		<type>	SpawnPointPotential	</type>
		<transform>
			<row0>	-0.499998 0.000000 -0.866022	</row0>
			<row1>	0.000000 0.999996 0.000000	</row1>
			<row2>	0.866022 0.000000 -0.499998	</row2>
			<row3>	65.386719 3.881966 4.930893	</row3>
		</transform>
		<clientOnly>	false	</clientOnly>
		<properties>
			<entityName>	20115008	</entityName>
			<rediviousTime>	999999.000000	</rediviousTime>
			<rediviousTotal>	1	</rediviousTotal>
			<randomWalkRange>	0.000000	</randomWalkRange>
			<patrolList>	</patrolList>
			<lineNumber>	0	</lineNumber>
			<patrolPathNode>	</patrolPathNode>
			<actionDefaultName>	</actionDefaultName>
			<ownModelName>	</ownModelName>
		</properties>
	</entity_44>
	<entity_45>
		<stopLinkStation>	00000000.00000000.00000000.00000000	</stopLinkStation>
		<animation>	</animation>
		<animationEven>	</animationEven>
		<type>	SpawnPointPotential	</type>
		<transform>
			<row0>	-0.707104 0.000000 -0.707104	</row0>
			<row1>	0.000000 0.999995 0.000000	</row1>
			<row2>	0.707104 0.000000 -0.707104	</row2>
			<row3>	67.994705 4.194820 8.587537	</row3>
		</transform>
		<clientOnly>	false	</clientOnly>
		<properties>
			<entityName>	20125013	</entityName>
			<rediviousTime>	999999.000000	</rediviousTime>
			<rediviousTotal>	1	</rediviousTotal>
			<randomWalkRange>	0.000000	</randomWalkRange>
			<patrolList>	</patrolList>
			<lineNumber>	0	</lineNumber>
			<patrolPathNode>	</patrolPathNode>
			<actionDefaultName>	</actionDefaultName>
			<ownModelName>	</ownModelName>
		</properties>
	</entity_45>
	<entity_46>
		<stopLinkStation>	00000000.00000000.00000000.00000000	</stopLinkStation>
		<animation>	</animation>
		<animationEven>	</animationEven>
		<type>	SpawnPointPotential	</type>
		<transform>
			<row0>	-0.866021 0.000000 -0.499997	</row0>
			<row1>	0.000000 0.999995 0.000000	</row1>
			<row2>	0.499997 0.000000 -0.866021	</row2>
			<row3>	68.918068 4.534218 11.996486	</row3>
		</transform>
		<clientOnly>	false	</clientOnly>
		<properties>
			<entityName>	20125013	</entityName>
			<rediviousTime>	999999.000000	</rediviousTime>
			<rediviousTotal>	1	</rediviousTotal>
			<randomWalkRange>	0.000000	</randomWalkRange>
			<patrolList>	</patrolList>
			<lineNumber>	0	</lineNumber>
			<patrolPathNode>	</patrolPathNode>
			<actionDefaultName>	</actionDefaultName>
			<ownModelName>	</ownModelName>
		</properties>
	</entity_46>
	<entity_47>
		<stopLinkStation>	00000000.00000000.00000000.00000000	</stopLinkStation>
		<animation>	</animation>
		<animationEven>	</animationEven>
		<type>	SpawnPointPotential	</type>
		<transform>
			<row0>	-0.499999 0.000000 -0.866022	</row0>
			<row1>	0.000000 0.999997 0.000000	</row1>
			<row2>	0.866022 0.000000 -0.499999	</row2>
			<row3>	64.673737 4.183173 8.691800	</row3>
		</transform>
		<clientOnly>	false	</clientOnly>
		<properties>
			<entityName>	20125013	</entityName>
			<rediviousTime>	999999.000000	</rediviousTime>
			<rediviousTotal>	1	</rediviousTotal>
			<randomWalkRange>	0.000000	</randomWalkRange>
			<patrolList>	</patrolList>
			<lineNumber>	0	</lineNumber>
			<patrolPathNode>	</patrolPathNode>
			<actionDefaultName>	</actionDefaultName>
			<ownModelName>	</ownModelName>
		</properties>
	</entity_47>
	<entity_48>
		<stopLinkStation>	00000000.00000000.00000000.00000000	</stopLinkStation>
		<animation>	</animation>
		<animationEven>	</animationEven>
		<type>	SpawnPointPotential	</type>
		<transform>
			<row0>	-0.499998 0.000000 -0.866021	</row0>
			<row1>	0.000000 0.999996 0.000000	</row1>
			<row2>	0.866021 0.000000 -0.499998	</row2>
			<row3>	57.915276 4.054880 11.688869	</row3>
		</transform>
		<clientOnly>	false	</clientOnly>
		<properties>
			<entityName>	20135013	</entityName>
			<rediviousTime>	999999.000000	</rediviousTime>
			<rediviousTotal>	1	</rediviousTotal>
			<randomWalkRange>	0.000000	</randomWalkRange>
			<patrolList>	</patrolList>
