<root>
	<entity_1>
		<stopLinkStation>	00000000.00000000.00000000.00000000	</stopLinkStation>
		<animation>	</animation>
		<animationEven>	</animationEven>
		<type>	SpawnPointCopyYeWai	</type>
		<transform>
			<row0>	0.258818 0.000000 0.965923	</row0>
			<row1>	0.000000 0.999998 0.000000	</row1>
			<row2>	-0.965923 0.000000 0.258818	</row2>
			<row3>	-58.766685 22.150387 -1.896431	</row3>
		</transform>
		<clientOnly>	false	</clientOnly>
		<properties>
			<entityName>	20131048	</entityName>
			<rediviousTime>	-1	</rediviousTime>
			<rediviousTotal>	1	</rediviousTotal>
			<randomWalkRange>	0	</randomWalkRange>
			<patrolList>	</patrolList>
			<difficulty>	0	</difficulty>
			<monsterType>	0	</monsterType>
			<patrolPathNode>	</patrolPathNode>
			<actionDefaultName>	</actionDefaultName>
			<ownModelName>	</ownModelName>
		</properties>
	</entity_1>
	<entity_2>
		<stopLinkStation>	00000000.00000000.00000000.00000000	</stopLinkStation>
		<animation>	</animation>
		<animationEven>	</animationEven>
		<type>	SpawnPointCopyYeWai	</type>
		<transform>
			<row0>	0.707105 0.000000 -0.707105	</row0>
			<row1>	0.000000 0.999997 0.000000	</row1>
			<row2>	0.707105 0.000000 0.707105	</row2>
			<row3>	-69.300659 20.429684 -2.572067	</row3>
		</transform>
		<clientOnly>	false	</clientOnly>
		<properties>
			<entityName>	20321047	</entityName>
			<rediviousTime>	-1	</rediviousTime>
			<rediviousTotal>	1	</rediviousTotal>
			<randomWalkRange>	0	</randomWalkRange>
			<patrolList>	</patrolList>
			<difficulty>	0	</difficulty>
			<monsterType>	0	</monsterType>
			<patrolPathNode>	</patrolPathNode>
			<actionDefaultName>	</actionDefaultName>
			<ownModelName>	</ownModelName>
		</properties>
	</entity_2>
	<entity_3>
		<stopLinkStation>	00000000.00000000.00000000.00000000	</stopLinkStation>
		<animation>	</animation>
		<animationEven>	</animationEven>
		<type>	SpawnPointCopyYeWai	</type>
		<transform>
			<row0>	-0.499999 0.000000 0.866024	</row0>
			<row1>	0.000000 0.999998 0.000000	</row1>
			<row2>	-0.866024 0.000000 -0.499999	</row2>
			<row3>	-68.363213 20.578114 -1.277306	</row3>
		</transform>
		<clientOnly>	false	</clientOnly>
		<properties>
			<entityName>	20121021	</entityName>
			<rediviousTime>	-1	</rediviousTime>
			<rediviousTotal>	1	</rediviousTotal>
			<randomWalkRange>	0	</randomWalkRange>
			<patrolList>	</patrolList>
			<difficulty>	0	</difficulty>
			<monsterType>	0	</monsterType>
			<patrolPathNode>	</patrolPathNode>
			<actionDefaultName>	</actionDefaultName>
			<ownModelName>	</ownModelName>
		</properties>
	</entity_3>
	<entity_4>
		<stopLinkStation>	00000000.00000000.00000000.00000000	</stopLinkStation>
		<animation>	</animation>
		<animationEven>	</animationEven>
		<type>	SpawnPointCopyYeWai	</type>
		<transform>
			<row0>	0.866024 0.000000 0.499999	</row0>
			<row1>	0.000000 0.999998 0.000000	</row1>
			<row2>	-0.499999 0.000000 0.866024	</row2>
			<row3>	-21.162933 22.199982 -55.685787	</row3>
		</transform>
		<clientOnly>	false	</clientOnly>
		<properties>
			<entityName>	20111057	</entityName>
			<rediviousTime>	-1	</rediviousTime>
			<rediviousTotal>	1	</rediviousTotal>
			<randomWalkRange>	0	</randomWalkRange>
			<patrolList>	</patrolList>
			<difficulty>	0	</difficulty>
			<monsterType>	0	</monsterType>
			<patrolPathNode>	</patrolPathNode>
			<actionDefaultName>	</actionDefaultName>
			<ownModelName>	</ownModelName>
		</properties>
	</entity_4>
	<entity_5>
		<stopLinkStation>	00000000.00000000.00000000.00000000	</stopLinkStation>
		<animation>	</animation>
		<animationEven>	</animationEven>
		<type>	SpawnPointCopyYeWai	</type>
		<transform>
			<row0>	0.707105 0.000000 0.707105	</row0>
			<row1>	0.000000 0.999998 0.000000	</row1>
			<row2>	-0.707105 0.000000 0.707105	</row2>
			<row3>	-16.344101 22.199991 -50.145939	</row3>
		</transform>
		<clientOnly>	false	</clientOnly>
		<properties>
			<entityName>	20121021	</entityName>
			<rediviousTime>	-1	</rediviousTime>
			<rediviousTotal>	1	</rediviousTotal>
			<randomWalkRange>	0	</randomWalkRange>
			<patrolList>	</patrolList>
			<difficulty>	0	</difficulty>
			<monsterType>	0	</monsterType>
			<patrolPathNode>	</patrolPathNode>
			<actionDefaultName>	</actionDefaultName>
			<ownModelName>	</ownModelName>
		</properties>
	</entity_5>
	<entity_6>
		<stopLinkStation>	00000000.00000000.00000000.00000000	</stopLinkStation>
		<animation>	</animation>
		<animationEven>	</animationEven>
		<type>	SpawnPointCopyYeWai	</type>
		<transform>
			<row0>	0.499999 0.000000 0.866023	</row0>
			<row1>	0.000000 0.999998 0.000000	</row1>
			<row2>	-0.866023 0.000000 0.499999	</row2>
			<row3>	-8.879028 22.199989 -41.365749	</row3>
		</transform>
		<clientOnly>	false	</clientOnly>
		<properties>
			<entityName>	20321047	</entityName>
			<rediviousTime>	-1	</rediviousTime>
			<rediviousTotal>	1	</rediviousTotal>
			<randomWalkRange>	0	</randomWalkRange>
			<patrolList>	</patrolList>
			<difficulty>	0	</difficulty>
			<monsterType>	0	</monsterType>
			<patrolPathNode>	</patrolPathNode>
			<actionDefaultName>	</actionDefaultName>
			<ownModelName>	</ownModelName>
		</properties>
	</entity_6>
	<entity_7>
		<stopLinkStation>	00000000.00000000.00000000.00000000	</stopLinkStation>
		<animation>	</animation>
		<animationEven>	</animationEven>
		<type>	SpawnPointCopyYeWai	</type>
		<transform>
			<row0>	0.707104 0.000000 0.707105	</row0>
			<row1>	0.000000 0.999998 0.000000	</row1>
			<row2>	-0.707105 0.000000 0.707104	</row2>
			<row3>	-4.787148 22.199995 -47.416302	</row3>
		</transform>
		<clientOnly>	false	</clientOnly>
		<properties>
			<entityName>	20131048	</entityName>
			<rediviousTime>	-1	</rediviousTime>
			<rediviousTotal>	1	</rediviousTotal>
			<randomWalkRange>	0	</randomWalkRange>
			<patrolList>	</patrolList>
			<difficulty>	0	</difficulty>
			<monsterType>	0	</monsterType>
			<patrolPathNode>	</patrolPathNode>
			<actionDefaultName>	</actionDefaultName>
			<ownModelName>	</ownModelName>
		</properties>
	</entity_7>
	<entity_8>
		<stopLinkStation>	00000000.00000000.00000000.00000000	</stopLinkStation>
		<animation>	</animation>
		<animationEven>	</animationEven>
		<type>	SpawnPointCopyYeWai	</type>
		<transform>
			<row0>	0.866022 -0.006462 0.499957	</row0>
			<row1>	0.000000 0.999914 0.012923	</row1>
			<row2>	-0.499999 -0.011192 0.865950	</row2>
			<row3>	-9.980934 22.224508 -53.895977	</row3>
		</transform>
		<clientOnly>	false	</clientOnly>
		<properties>
			<entityName>	20141044	</entityName>
			<rediviousTime>	-1	</rediviousTime>
			<rediviousTotal>	1	</rediviousTotal>
			<randomWalkRange>	0	</randomWalkRange>
			<patrolList>	</patrolList>
			<difficulty>	0	</difficulty>
			<monsterType>	0	</monsterType>
			<patrolPathNode>	</patrolPathNode>
			<actionDefaultName>	</actionDefaultName>
			<ownModelName>	</ownModelName>
		</properties>
	</entity_8>
	<entity_9>
		<stopLinkStation>	00000000.00000000.00000000.00000000	</stopLinkStation>
		<animation>	</animation>
		<animationEven>	</animationEven>
		<type>	SpawnPointCopyYeWai	</type>
		<transform>
			<row0>	0.865951 0.004481 0.500101	</row0>
			<row1>	-0.012936 0.999823 0.013440	</row1>
			<row2>	-0.499954 -0.018107 0.865859	</row2>
			<row3>	-15.052132 22.232510 -58.891651	</row3>
		</transform>
		<clientOnly>	false	</clientOnly>
		<properties>
			<entityName>	20141044	</entityName>
			<rediviousTime>	-1	</rediviousTime>
			<rediviousTotal>	1	</rediviousTotal>
			<randomWalkRange>	0	</randomWalkRange>
			<patrolList>	</patrolList>
			<difficulty>	0	</difficulty>
			<monsterType>	0	</monsterType>
			<patrolPathNode>	</patrolPathNode>
			<actionDefaultName>	</actionDefaultName>
			<ownModelName>	</ownModelName>
		</properties>
	</entity_9>
	<entity_10>
		<stopLinkStation>	00000000.00000000.00000000.00000000	</stopLinkStation>
		<animation>	</animation>
		<animationEven>	</animationEven>
		<type>	SpawnPointCopyYeWai	</type>
		<transform>
			<row0>	0.865980 -0.000002 0.500071	</row0>
			<row1>	0.000004 0.999997 -0.000004	</row1>
			<row2>	-0.500071 0.000006 0.865980	</row2>
			<row3>	-13.120819 22.200001 -50.783264	</row3>
		</transform>
		<clientOnly>	false	</clientOnly>
		<properties>
			<entityName>	20331032	</entityName>
			<rediviousTime>	-1	</rediviousTime>
			<rediviousTotal>	1	</rediviousTotal>
			<randomWalkRange>	0	</randomWalkRange>
			<patrolList>	</patrolList>
			<difficulty>	0	</difficulty>
			<monsterType>	0	</monsterType>
			<patrolPathNode>	</patrolPathNode>
			<actionDefaultName>	</actionDefaultName>
			<ownModelName>	</ownModelName>
		</properties>
	</entity_10>
	<entity_11>
		<stopLinkStation>	00000000.00000000.00000000.00000000	</stopLinkStation>
		<animation>	</animation>
		<animationEven>	</animationEven>
		<type>	SpawnPointCopyYeWai	</type>
		<transform>
			<row0>	0.707106 0.000000 0.707106	</row0>
			<row1>	0.000000 0.999999 0.000000	</row1>
			<row2>	-0.707106 0.000000 0.707106	</row2>
			<row3>	-12.045044 22.231115 -47.732769	</row3>
		</transform>
		<clientOnly>	false	</clientOnly>
		<properties>
			<entityName>	20111056	</entityName>
			<rediviousTime>	-1	</rediviousTime>
			<rediviousTotal>	1	</rediviousTotal>
			<randomWalkRange>	0	</randomWalkRange>
			<patrolList>	</patrolList>
			<difficulty>	0	</difficulty>
			<monsterType>	0	</monsterType>
			<patrolPathNode>	</patrolPathNode>
			<actionDefaultName>	</actionDefaultName>
			<ownModelName>	</ownModelName>
		</properties>
	</entity_11>
	<entity_12>
		<stopLinkStation>	00000000.00000000.00000000.00000000	</stopLinkStation>
		<animation>	</animation>
		<animationEven>	</animationEven>
		<type>	SpawnPointCopyYeWai	</type>
		<transform>
			<row0>	0.000000 0.000000 0.999998	</row0>
			<row1>	0.000000 0.999998 0.000000	</row1>
			<row2>	-0.999998 0.000000 0.000000	</row2>
			<row3>	-58.764057 22.199215 6.967741	</row3>
		</transform>
		<clientOnly>	false	</clientOnly>
		<properties>
			<entityName>	20131048	</entityName>
			<rediviousTime>	-1	</rediviousTime>
			<rediviousTotal>	1	</rediviousTotal>
			<randomWalkRange>	0	</randomWalkRange>
			<patrolList>	</patrolList>
			<difficulty>	0	</difficulty>
			<monsterType>	0	</monsterType>
			<patrolPathNode>	</patrolPathNode>
			<actionDefaultName>	</actionDefaultName>
			<ownModelName>	</ownModelName>
		</properties>
	</entity_12>
	<entity_13>
		<stopLinkStation>	00000000.00000000.00000000.00000000	</stopLinkStation>
		<animation>	</animation>
		<animationEven>	</animationEven>
		<type>	SpawnPointCopyYeWai	</type>
		<transform>
			<row0>	0.000000 0.000000 0.999999	</row0>
			<row1>	0.000000 0.999999 0.000000	</row1>
			<row2>	-0.999999 0.000000 0.000000	</row2>
			<row3>	-66.496780 20.861 6.957742	</row3>
		</transform>
		<clientOnly>	false	</clientOnly>
		<properties>
			<entityName>	20111057	</entityName>
			<rediviousTime>	-1	</rediviousTime>
			<rediviousTotal>	1	</rediviousTotal>
			<randomWalkRange>	0	</randomWalkRange>
			<patrolList>	</patrolList>
			<difficulty>	0	</difficulty>
			<monsterType>	0	</monsterType>
			<patrolPathNode>	</patrolPathNode>
			<actionDefaultName>	</actionDefaultName>
			<ownModelName>	</ownModelName>
		</properties>
	</entity_13>
	<entity_14>
		<stopLinkStation>	00000000.00000000.00000000.00000000	</stopLinkStation>
		<animation>	</animation>
		<animationEven>	</animationEven>
		<type>	SpawnPointCopyYeWai	</type>
		<transform>
			<row0>	-0.965922 0.000000 -0.258819	</row0>
			<row1>	0.000000 0.999997 0.000000	</row1>
			<row2>	0.258819 0.000000 -0.965922	</row2>
			<row3>	-39.909569 22.199980 0.183053	</row3>
		</transform>
		<clientOnly>	false	</clientOnly>
		<link>
			<cameraNode>	89E06022.4C7C7893.664CABAB.2EB987B9	</cameraNode>
			<startEven>	</startEven>
			<animationTime>	-0.000749	</animationTime>
			<magicGuiSound>	</magicGuiSound>
		</link>
		<properties>
			<entityName>	20141032	</entityName>
			<rediviousTime>	-1	</rediviousTime>
			<rediviousTotal>	1	</rediviousTotal>
			<randomWalkRange>	0	</randomWalkRange>
			<patrolList>	53C57E60.4687C105.587F4F8B.317C1731	</patrolList>
			<difficulty>	0	</difficulty>
			<monsterType>	0	</monsterType>
			<patrolPathNode>	89E06022.4C7C7893.664CABAB.2EB987B9	</patrolPathNode>
			<actionDefaultName>	</actionDefaultName>
			<ownModelName>	</ownModelName>
		</properties>
	</entity_14>
	<entity_15>
		<stopLinkStation>	00000000.00000000.00000000.00000000	</stopLinkStation>
		<animation>	</animation>
		<animationEven>	</animationEven>
		<type>	SpawnPointCopyYeWai	</type>
		<transform>
			<row0>	-0.953634 0.000000 -0.300955	</row0>
			<row1>	0.000000 0.999996 0.000000	</row1>
			<row2>	0.300955 0.000000 -0.953634	</row2>
			<row3>	-40.214767 22.199972 1.111903	</row3>
		</transform>
		<clientOnly>	false	</clientOnly>
		<link>
			<cameraNode>	89E06022.4C7C7893.664CABAB.2EB987B9	</cameraNode>
			<startEven>	</startEven>
			<animationTime>	-0.000749	</animationTime>
			<magicGuiSound>	</magicGuiSound>
		</link>
		<properties>
			<entityName>	20141032	</entityName>
			<rediviousTime>	-1	</rediviousTime>
			<rediviousTotal>	1	</rediviousTotal>
			<randomWalkRange>	0	</randomWalkRange>
			<patrolList>	53C57E60.4687C105.587F4F8B.317C1731	</patrolList>
			<difficulty>	0	</difficulty>
			<monsterType>	0	</monsterType>
			<patrolPathNode>	89E06022.4C7C7893.664CABAB.2EB987B9	</patrolPathNode>
			<actionDefaultName>	</actionDefaultName>
			<ownModelName>	</ownModelName>
		</properties>
	</entity_15>
	<entity_16>
		<stopLinkStation>	00000000.00000000.00000000.00000000	</stopLinkStation>
		<animation>	</animation>
		<animationEven>	</animationEven>
		<type>	SpawnPointCopyYeWai	</type>
		<transform>
			<row0>	-0.953633 0.000000 -0.300955	</row0>
			<row1>	0.000000 0.999996 0.000000	</row1>
			<row2>	0.300955 0.000000 -0.953633	</row2>
			<row3>	-40.482979 22.199997 2.046438	</row3>
		</transform>
		<clientOnly>	false	</clientOnly>
		<link>
			<cameraNode>	89E06022.4C7C7893.664CABAB.2EB987B9	</cameraNode>
			<startEven>	</startEven>
			<animationTime>	-0.000749	</animationTime>
			<magicGuiSound>	</magicGuiSound>
		</link>
		<properties>
			<entityName>	20141032	</entityName>
			<rediviousTime>	-1	</rediviousTime>
			<rediviousTotal>	1	</rediviousTotal>
			<randomWalkRange>	0	</randomWalkRange>
			<patrolList>	53C57E60.4687C105.587F4F8B.317C1731	</patrolList>
			<difficulty>	0	</difficulty>
			<monsterType>	0	</monsterType>
			<patrolPathNode>	89E06022.4C7C7893.664CABAB.2EB987B9	</patrolPathNode>
			<actionDefaultName>	</actionDefaultName>
			<ownModelName>	</ownModelName>
		</properties>
	</entity_16>
	<entity_17>
		<stopLinkStation>	00000000.00000000.00000000.00000000	</stopLinkStation>
		<animation>	</animation>
		<animationEven>	</animationEven>
		<type>	SpawnPointCopyYeWai	</type>
		<transform>
			<row0>	0.999996 0.000000 0.000000	</row0>
			<row1>	0.000000 0.999997 0.000000	</row1>
			<row2>	0.000000 0.000000 0.999996	</row2>
			<row3>	43.333 27.979967 -22.490	</row3>
		</transform>
		<clientOnly>	false	</clientOnly>
		<properties>
			<entityName>	20121021	</entityName>
			<rediviousTime>	-1	</rediviousTime>
			<rediviousTotal>	1	</rediviousTotal>
			<randomWalkRange>	0	</randomWalkRange>
			<patrolList>	</patrolList>
			<difficulty>	0	</difficulty>
			<monsterType>	0	</monsterType>
			<patrolPathNode>	</patrolPathNode>
			<actionDefaultName>	</actionDefaultName>
			<ownModelName>	</ownModelName>
		</properties>
	</entity_17>
	<entity_18>
		<stopLinkStation>	00000000.00000000.00000000.00000000	</stopLinkStation>
		<animation>	</animation>
		<animationEven>	</animationEven>
		<type>	SpawnPointCopyYeWai	</type>
		<transform>
			<row0>	-0.999996 0.000000 0.000001	</row0>
			<row1>	0.000000 0.999996 0.000000	</row1>
			<row2>	-0.000001 0.000000 -0.999996	</row2>
			<row3>	43.391 27.980 -20.086	</row3>
		</transform>
		<clientOnly>	false	</clientOnly>
		<properties>
			<entityName>	20121021	</entityName>
			<rediviousTime>	-1	</rediviousTime>
			<rediviousTotal>	1	</rediviousTotal>
			<randomWalkRange>	0	</randomWalkRange>
			<patrolList>	</patrolList>
			<difficulty>	0	</difficulty>
			<monsterType>	0	</monsterType>
			<patrolPathNode>	</patrolPathNode>
			<actionDefaultName>	</actionDefaultName>
			<ownModelName>	</ownModelName>
		</properties>
	</entity_18>
	<entity_19>
		<stopLinkStation>	00000000.00000000.00000000.00000000	</stopLinkStation>
		<animation>	</animation>
		<animationEven>	</animationEven>
		<type>	SpawnPointCopyYeWai	</type>
		<transform>
			<row0>	-0.000001 -0.054982 -0.998483	</row0>
			<row1>	0.000000 0.998484 -0.054982	</row1>
			<row2>	0.999995 0.000000 -0.000001	</row2>
			<row3>	41.880638 28.057072 -14.600304	</row3>
		</transform>
		<clientOnly>	false	</clientOnly>
		<properties>
			<entityName>	20121021	</entityName>
			<rediviousTime>	-1	</rediviousTime>
			<rediviousTotal>	1	</rediviousTotal>
			<randomWalkRange>	0	</randomWalkRange>
			<patrolList>	</patrolList>
			<difficulty>	0	</difficulty>
			<monsterType>	0	</monsterType>
			<patrolPathNode>	</patrolPathNode>
			<actionDefaultName>	</actionDefaultName>
			<ownModelName>	</ownModelName>
		</properties>
	</entity_19>
	<entity_20>
		<stopLinkStation>	00000000.00000000.00000000.00000000	</stopLinkStation>
		<animation>	</animation>
		<animationEven>	</animationEven>
		<type>	SpawnPointCopyYeWai	</type>
		<transform>
			<row0>	0.129779 0.088444 0.987585	</row0>
			<row1>	-0.128539 0.989105 -0.071688	</row1>
			<row2>	-0.983170 -0.117640 0.139735	</row2>
			<row3>	44.142265 28.101130 -14.534172	</row3>
		</transform>
		<clientOnly>	false	</clientOnly>
		<properties>
			<entityName>	20131048	</entityName>
			<rediviousTime>	-1	</rediviousTime>
			<rediviousTotal>	1	</rediviousTotal>
			<randomWalkRange>	0	</randomWalkRange>
			<patrolList>	</patrolList>
			<difficulty>	0	</difficulty>
			<monsterType>	0	</monsterType>
			<patrolPathNode>	</patrolPathNode>
			<actionDefaultName>	</actionDefaultName>
			<ownModelName>	</ownModelName>
		</properties>
	</entity_20>
	<entity_21>
		<stopLinkStation>	00000000.00000000.00000000.00000000	</stopLinkStation>
		<animation>	</animation>
		<animationEven>	</animationEven>
		<type>	SpawnPointCopyYeWai	</type>
		<transform>
			<row0>	0.500239 -0.000308 0.865880	</row0>
			<row1>	0.027112 0.999510 -0.015308	</row1>
			<row2>	-0.865456 0.031133 0.500005	</row2>
			<row3>	94.534424 29.953781 -70.926460	</row3>
		</transform>
		<clientOnly>	false	</clientOnly>
		<properties>
			<entityName>	20121021	</entityName>
			<rediviousTime>	-1	</rediviousTime>
			<rediviousTotal>	1	</rediviousTotal>
			<randomWalkRange>	0	</randomWalkRange>
			<patrolList>	</patrolList>
			<difficulty>	0	</difficulty>
			<monsterType>	0	</monsterType>
			<patrolPathNode>	</patrolPathNode>
			<actionDefaultName>	</actionDefaultName>
			<ownModelName>	</ownModelName>
		</properties>
	</entity_21>
	<entity_22>
		<stopLinkStation>	00000000.00000000.00000000.00000000	</stopLinkStation>
		<animation>	</animation>
		<animationEven>	</animationEven>
		<type>	SpawnPointCopyYeWai	</type>
		<transform>
			<row0>	0.499510 -0.030310 0.865771	</row0>
			<row1>	0.032121 0.999344 0.016454	</row1>
			<row2>	-0.865706 0.019591 0.500159	</row2>
			<row3>	89.057648 30.196617 -77.742821	</row3>
		</transform>
		<clientOnly>	false	</clientOnly>
		<properties>
			<entityName>	20111057	</entityName>
			<rediviousTime>	-1	</rediviousTime>
			<rediviousTotal>	1	</rediviousTotal>
			<randomWalkRange>	0	</randomWalkRange>
			<patrolList>	</patrolList>
			<difficulty>	0	</difficulty>
			<monsterType>	0	</monsterType>
			<patrolPathNode>	</patrolPathNode>
			<actionDefaultName>	</actionDefaultName>
			<ownModelName>	</ownModelName>
		</properties>
	</entity_22>
	<entity_23>
		<stopLinkStation>	00000000.00000000.00000000.00000000	</stopLinkStation>
		<animation>	</animation>
		<animationEven>	</animationEven>
		<type>	SpawnPointCopyYeWai	</type>
		<transform>
			<row0>	0.706204 -0.057882 0.705629	</row0>
			<row1>	0.021989 0.997960 0.059855	</row1>
			<row2>	-0.707658 -0.026754 0.706040	</row2>
			<row3>	84.486389 30.785038 -91.321709	</row3>
		</transform>
		<clientOnly>	false	</clientOnly>
		<properties>
			<entityName>	20321047	</entityName>
			<rediviousTime>	-1	</rediviousTime>
			<rediviousTotal>	1	</rediviousTotal>
			<randomWalkRange>	0	</randomWalkRange>
			<patrolList>	</patrolList>
			<difficulty>	0	</difficulty>
			<monsterType>	0	</monsterType>
			<patrolPathNode>	</patrolPathNode>
			<actionDefaultName>	</actionDefaultName>
			<ownModelName>	</ownModelName>
		</properties>
	</entity_23>
	<entity_24>
		<stopLinkStation>	00000000.00000000.00000000.00000000	</stopLinkStation>
		<animation>	</animation>
		<animationEven>	</animationEven>
		<type>	SpawnPointCopyYeWai	</type>
		<transform>
			<row0>	0.500095 -0.006741 0.865937	</row0>
			<row1>	0.017547 0.999838 -0.002350	</row1>
			<row2>	-0.865786 0.016370 0.500136	</row2>
			<row3>	85.166122 30.579998 -84.712234	</row3>
		</transform>
		<clientOnly>	false	</clientOnly>
		<properties>
			<entityName>	20111056	</entityName>
			<rediviousTime>	-1	</rediviousTime>
			<rediviousTotal>	1	</rediviousTotal>
			<randomWalkRange>	0	</randomWalkRange>
			<patrolList>	</patrolList>
			<difficulty>	0	</difficulty>
			<monsterType>	0	</monsterType>
			<patrolPathNode>	</patrolPathNode>
			<actionDefaultName>	</actionDefaultName>
			<ownModelName>	</ownModelName>
		</properties>
	</entity_24>
	<entity_25>
		<stopLinkStation>	00000000.00000000.00000000.00000000	</stopLinkStation>
		<animation>	</animation>
		<animationEven>	</animationEven>
		<type>	SpawnPointCopyYeWai	</type>
		<transform>
			<row0>	0.263064 0.010299 0.964716	</row0>
			<row1>	0.051184 0.998380 -0.024616	</row1>
			<row2>	-0.963413 0.055853 0.262113	</row2>
			<row3>	98.784859 29.696898 -76.558807	</row3>
		</transform>
		<clientOnly>	false	</clientOnly>
		<properties>
			<entityName>	20131048	</entityName>
			<rediviousTime>	-1	</rediviousTime>
			<rediviousTotal>	1	</rediviousTotal>
			<randomWalkRange>	0	</randomWalkRange>
			<patrolList>	</patrolList>
			<difficulty>	0	</difficulty>
			<monsterType>	0	</monsterType>
			<patrolPathNode>	</patrolPathNode>
			<actionDefaultName>	</actionDefaultName>
			<ownModelName>	</ownModelName>
		</properties>
	</entity_25>
	<entity_26>
		<stopLinkStation>	00000000.00000000.00000000.00000000	</stopLinkStation>
		<animation>	</animation>
		<animationEven>	</animationEven>
		<type>	SpawnPointCopyYeWai	</type>
		<transform>
			<row0>	0.704321 -0.089908 0.704155	</row0>
			<row1>	0.095174 0.994946 0.031840	</row1>
			<row2>	-0.703463 0.044592 0.709323	</row2>
			<row3>	93.982780 30.247831 -85.192207	</row3>
		</transform>
		<clientOnly>	false	</clientOnly>
		<properties>
			<entityName>	20131048	</entityName>
			<rediviousTime>	-1	</rediviousTime>
			<rediviousTotal>	1	</rediviousTotal>
			<randomWalkRange>	0	</randomWalkRange>
			<patrolList>	</patrolList>
			<difficulty>	0	</difficulty>
			<monsterType>	0	</monsterType>
			<patrolPathNode>	</patrolPathNode>
			<actionDefaultName>	</actionDefaultName>
			<ownModelName>	</ownModelName>
		</properties>
	</entity_26>
	<entity_27>
		<stopLinkStation>	00000000.00000000.00000000.00000000	</stopLinkStation>
		<animation>	</animation>
		<animationEven>	</animationEven>
		<type>	SpawnPointCopyYeWai	</type>
		<transform>
			<row0>	0.707790 -0.031964 0.705688	</row0>
			<row1>	0.024253 0.999481 0.020946	</row1>
			<row2>	-0.705996 0.002289 0.708203	</row2>
			<row3>	90.227592 30.434807 -91.460350	</row3>
		</transform>
		<clientOnly>	false	</clientOnly>
		<properties>
			<entityName>	20141044	</entityName>
			<rediviousTime>	-1	</rediviousTime>
			<rediviousTotal>	1	</rediviousTotal>
			<randomWalkRange>	0	</randomWalkRange>
			<patrolList>	</patrolList>
			<difficulty>	0	</difficulty>
			<monsterType>	0	</monsterType>
			<patrolPathNode>	</patrolPathNode>
			<actionDefaultName>	</actionDefaultName>
			<ownModelName>	</ownModelName>
		</properties>
	</entity_27>
	<entity_28>
		<stopLinkStation>	00000000.00000000.00000000.00000000	</stopLinkStation>
		<animation>	</animation>
		<animationEven>	</animationEven>
		<type>	SpawnPointCopyYeWai	</type>
		<transform>
			<row0>	0.706501 -0.063215 0.704871	</row0>
			<row1>	0.058108 0.997816 0.031244	</row1>
			<row2>	-0.705311 0.018884 0.708636	</row2>
			<row3>	89.053581 30.275354 -82.866852	</row3>
		</transform>
		<clientOnly>	false	</clientOnly>
		<properties>
			<entityName>	20331033	</entityName>
			<rediviousTime>	-1	</rediviousTime>
			<rediviousTotal>	1	</rediviousTotal>
			<randomWalkRange>	0	</randomWalkRange>
			<patrolList>	</patrolList>
			<difficulty>	0	</difficulty>
			<monsterType>	0	</monsterType>
			<patrolPathNode>	</patrolPathNode>
			<actionDefaultName>	</actionDefaultName>
			<ownModelName>	</ownModelName>
		</properties>
	</entity_28>
	<entity_29>
		<stopLinkStation>	00000000.00000000.00000000.00000000	</stopLinkStation>
		<animation>	</animation>
		<animationEven>	</animationEven>
		<type>	SpawnPointCopyYeWai	</type>
		<transform>
			<row0>	-0.866060 -0.001478 0.499925	</row0>
			<row1>	0.001579 0.999977 0.005692	</row1>
			<row2>	-0.499925 0.005719 -0.866043	</row2>
			<row3>	54.957382 28.055965 -29.206787	</row3>
		</transform>
		<clientOnly>	false	</clientOnly>
		<link>
			<cameraNode>	A0ABB886.4B8E5C2D.FBC6E894.66EE9B17	</cameraNode>
			<startEven>	</startEven>
			<animationTime>	-0.000749	</animationTime>
			<magicGuiSound>	</magicGuiSound>
		</link>
		<properties>
			<entityName>	20141032	</entityName>
			<rediviousTime>	-1	</rediviousTime>
			<rediviousTotal>	1	</rediviousTotal>
			<randomWalkRange>	0	</randomWalkRange>
			<patrolList>	AB202828.43E75105.933D47B9.79C13C9D	</patrolList>
			<difficulty>	0	</difficulty>
			<monsterType>	0	</monsterType>
			<patrolPathNode>	A0ABB886.4B8E5C2D.FBC6E894.66EE9B17	</patrolPathNode>
			<actionDefaultName>	</actionDefaultName>
			<ownModelName>	</ownModelName>
		</properties>
	</entity_29>
	<entity_30>
		<stopLinkStation>	00000000.00000000.00000000.00000000	</stopLinkStation>
		<animation>	</animation>
		<animationEven>	</animationEven>
		<type>	SpawnPointCopyYeWai	</type>
		<transform>
			<row0>	-0.865979 -0.018660 0.499719	</row0>
			<row1>	-0.011000 0.999767 0.018271	</row1>
			<row2>	-0.499946 0.010325 -0.865988	</row2>
			<row3>	55.534943 28.043911 -28.336182	</row3>
		</transform>
		<clientOnly>	false	</clientOnly>
		<link>
			<cameraNode>	A0ABB886.4B8E5C2D.FBC6E894.66EE9B17	</cameraNode>
			<startEven>	</startEven>
			<animationTime>	-0.000749	</animationTime>
			<magicGuiSound>	</magicGuiSound>
		</link>
		<properties>
			<entityName>	20141032	</entityName>
			<rediviousTime>	-1	</rediviousTime>
			<rediviousTotal>	1	</rediviousTotal>
			<randomWalkRange>	0	</randomWalkRange>
			<patrolList>	AB202828.43E75105.933D47B9.79C13C9D	</patrolList>
			<difficulty>	0	</difficulty>
			<monsterType>	0	</monsterType>
			<patrolPathNode>	A0ABB886.4B8E5C2D.FBC6E894.66EE9B17	</patrolPathNode>
			<actionDefaultName>	</actionDefaultName>
			<ownModelName>	</ownModelName>
		</properties>
	</entity_30>
	<entity_31>
		<stopLinkStation>	00000000.00000000.00000000.00000000	</stopLinkStation>
		<animation>	</animation>
		<animationEven>	</animationEven>
		<type>	SpawnPointCopyYeWai	</type>
		<transform>
			<row0>	-0.863494 -0.059410 0.500834	</row0>
			<row1>	-0.110388 0.991217 -0.072739	</row1>
			<row2>	-0.492116 -0.118097 -0.862475	</row2>
			<row3>	56.193161 28.156744 -27.359108	</row3>
		</transform>
		<clientOnly>	false	</clientOnly>
		<link>
			<cameraNode>	A0ABB886.4B8E5C2D.FBC6E894.66EE9B17	</cameraNode>
			<startEven>	</startEven>
			<animationTime>	-0.000749	</animationTime>
			<magicGuiSound>	</magicGuiSound>
		</link>
		<properties>
			<entityName>	20141032	</entityName>
			<rediviousTime>	-1	</rediviousTime>
			<rediviousTotal>	1	</rediviousTotal>
			<randomWalkRange>	0	</randomWalkRange>
			<patrolList>	AB202828.43E75105.933D47B9.79C13C9D	</patrolList>
			<difficulty>	0	</difficulty>
			<monsterType>	0	</monsterType>
			<patrolPathNode>	A0ABB886.4B8E5C2D.FBC6E894.66EE9B17	</patrolPathNode>
			<actionDefaultName>	</actionDefaultName>
			<ownModelName>	</ownModelName>
		</properties>
	</entity_31>
	<entity_32>
		<stopLinkStation>	00000000.00000000.00000000.00000000	</stopLinkStation>
		<animation>	</animation>
		<animationEven>	</animationEven>
		<type>	SpawnPointCopyYeWai	</type>
		<transform>
			<row0>	-0.866202 0.004086 0.499659	</row0>
			<row1>	-0.000326 0.999956 -0.008742	</row1>
			<row2>	-0.499676 -0.007736 -0.866168	</row2>
			<row3>	131.207077 31.694019 -23.658134	</row3>
		</transform>
		<clientOnly>	false	</clientOnly>
		<properties>
			<entityName>	20131048	</entityName>
			<rediviousTime>	-1	</rediviousTime>
			<rediviousTotal>	1	</rediviousTotal>
			<randomWalkRange>	0	</randomWalkRange>
			<patrolList>	</patrolList>
			<difficulty>	0	</difficulty>
			<monsterType>	0	</monsterType>
			<patrolPathNode>	</patrolPathNode>
			<actionDefaultName>	</actionDefaultName>
			<ownModelName>	</ownModelName>
		</properties>
	</entity_32>
	<entity_33>
		<stopLinkStation>	00000000.00000000.00000000.00000000	</stopLinkStation>
		<animation>	</animation>
		<animationEven>	</animationEven>
		<type>	SpawnPointCopyYeWai	</type>
		<transform>
			<row0>	-0.866202 -0.000006 0.499677	</row0>
			<row1>	0.000001 0.999994 0.000014	</row1>
			<row2>	-0.499677 0.000011 -0.866202	</row2>
			<row3>	124.759537 31.689991 -26.270828	</row3>
		</transform>
		<clientOnly>	false	</clientOnly>
		<properties>
			<entityName>	20331034	</entityName>
			<rediviousTime>	-1	</rediviousTime>
			<rediviousTotal>	1	</rediviousTotal>
			<randomWalkRange>	0	</randomWalkRange>
			<patrolList>	</patrolList>
			<difficulty>	0	</difficulty>
			<monsterType>	0	</monsterType>
			<patrolPathNode>	</patrolPathNode>
			<actionDefaultName>	</actionDefaultName>
			<ownModelName>	</ownModelName>
		</properties>
	</entity_33>
	<entity_34>
		<stopLinkStation>	00000000.00000000.00000000.00000000	</stopLinkStation>
		<animation>	</animation>
		<animationEven>	</animationEven>
		<type>	SpawnPointCopyYeWai	</type>
		<transform>
			<row0>	-0.866203 0.000001 0.499676	</row0>
			<row1>	0.000000 0.999994 -0.000001	</row1>
			<row2>	-0.499676 -0.000002 -0.866203	</row2>
			<row3>	124.803490 31.689966 -32.864746	</row3>
		</transform>
		<clientOnly>	false	</clientOnly>
		<properties>
			<entityName>	20321047	</entityName>
			<rediviousTime>	-1	</rediviousTime>
			<rediviousTotal>	1	</rediviousTotal>
			<randomWalkRange>	0	</randomWalkRange>
			<patrolList>	</patrolList>
			<difficulty>	0	</difficulty>
			<monsterType>	0	</monsterType>
			<patrolPathNode>	</patrolPathNode>
			<actionDefaultName>	</actionDefaultName>
			<ownModelName>	</ownModelName>
		</properties>
	</entity_34>
	<entity_35>
		<stopLinkStation>	00000000.00000000.00000000.00000000	</stopLinkStation>
		<animation>	</animation>
		<animationEven>	</animationEven>
		<type>	SpawnPointCopyYeWai	</type>
		<transform>
			<row0>	-0.866204 0.000300 0.499677	</row0>
			<row1>	0.000000 0.999994 -0.000599	</row1>
			<row2>	-0.499677 -0.000520 -0.866203	</row2>
			<row3>	134.944153 31.690279 -32.937561	</row3>
		</transform>
		<clientOnly>	false	</clientOnly>
		<properties>
			<entityName>	20321047	</entityName>
			<rediviousTime>	-1	</rediviousTime>
			<rediviousTotal>	1	</rediviousTotal>
			<randomWalkRange>	0	</randomWalkRange>
			<patrolList>	</patrolList>
			<difficulty>	0	</difficulty>
			<monsterType>	0	</monsterType>
			<patrolPathNode>	</patrolPathNode>
			<actionDefaultName>	</actionDefaultName>
			<ownModelName>	</ownModelName>
		</properties>
	</entity_35>
	<entity_36>
		<stopLinkStation>	00000000.00000000.00000000.00000000	</stopLinkStation>
		<animation>	</animation>
		<animationEven>	</animationEven>
		<type>	SpawnPointCopyYeWai	</type>
		<transform>
			<row0>	-0.866203 -0.000172 0.499677	</row0>
			<row1>	0.000000 0.999994 0.000344	</row1>
			<row2>	-0.499677 0.000297 -0.866203	</row2>
			<row3>	120.108124 31.689983 -27.074661	</row3>
		</transform>
		<clientOnly>	false	</clientOnly>
		<properties>
			<entityName>	20121021	</entityName>
			<rediviousTime>	-1	</rediviousTime>
			<rediviousTotal>	1	</rediviousTotal>
			<randomWalkRange>	0	</randomWalkRange>
			<patrolList>	</patrolList>
			<difficulty>	0	</difficulty>
			<monsterType>	0	</monsterType>
			<patrolPathNode>	</patrolPathNode>
			<actionDefaultName>	</actionDefaultName>
			<ownModelName>	</ownModelName>
		</properties>
	</entity_36>
	<entity_37>
		<stopLinkStation>	00000000.00000000.00000000.00000000	</stopLinkStation>
		<animation>	</animation>
		<animationEven>	</animationEven>
		<type>	SpawnPointCopyYeWai	</type>
		<transform>
			<row0>	-0.966014 -0.000023 0.258461	</row0>
			<row1>	0.000000 0.999994 0.000092	</row1>
			<row2>	-0.258461 0.000087 -0.966013	</row2>
			<row3>	111.442535 31.689976 -22.179764	</row3>
		</transform>
		<clientOnly>	false	</clientOnly>
		<properties>
			<entityName>	20111057	</entityName>
			<rediviousTime>	-1	</rediviousTime>
			<rediviousTotal>	1	</rediviousTotal>
			<randomWalkRange>	0	</randomWalkRange>
			<patrolList>	</patrolList>
			<difficulty>	0	</difficulty>
			<monsterType>	0	</monsterType>
			<patrolPathNode>	</patrolPathNode>
			<actionDefaultName>	</actionDefaultName>
			<ownModelName>	</ownModelName>
		</properties>
	</entity_37>
	<entity_38>
		<stopLinkStation>	00000000.00000000.00000000.00000000	</stopLinkStation>
		<animation>	</animation>
		<animationEven>	</animationEven>
		<type>	SpawnPointCopyYeWai	</type>
		<transform>
			<row0>	-0.966013 -0.000089 0.258461	</row0>
			<row1>	0.000000 0.999994 0.000344	</row1>
			<row2>	-0.258461 0.000332 -0.966013	</row2>
			<row3>	120.512016 31.689995 -16.319450	</row3>
		</transform>
		<clientOnly>	false	</clientOnly>
		<properties>
			<entityName>	20131048	</entityName>
			<rediviousTime>	-1	</rediviousTime>
			<rediviousTotal>	1	</rediviousTotal>
			<randomWalkRange>	0	</randomWalkRange>
			<patrolList>	</patrolList>
			<difficulty>	0	</difficulty>
			<monsterType>	0	</monsterType>
			<patrolPathNode>	</patrolPathNode>
			<actionDefaultName>	</actionDefaultName>
			<ownModelName>	</ownModelName>
		</properties>
	</entity_38>
	<entity_39>
		<stopLinkStation>	00000000.00000000.00000000.00000000	</stopLinkStation>
		<animation>	</animation>
		<animationEven>	</animationEven>
		<type>	SpawnPointCopyYeWai	</type>
		<transform>
			<row0>	-0.966012 0.000037 0.258461	</row0>
			<row1>	0.000000 0.999994 -0.000144	</row1>
			<row2>	-0.258461 -0.000140 -0.966012	</row2>
			<row3>	126.341660 31.689978 -18.990639	</row3>
		</transform>
		<clientOnly>	false	</clientOnly>
		<properties>
			<entityName>	20141044	</entityName>
			<rediviousTime>	-1	</rediviousTime>
			<rediviousTotal>	1	</rediviousTotal>
			<randomWalkRange>	0	</randomWalkRange>
			<patrolList>	</patrolList>
			<difficulty>	0	</difficulty>
			<monsterType>	0	</monsterType>
			<patrolPathNode>	</patrolPathNode>
			<actionDefaultName>	</actionDefaultName>
			<ownModelName>	</ownModelName>
		</properties>
	</entity_39>
	<entity_40>
		<stopLinkStation>	00000000.00000000.00000000.00000000	</stopLinkStation>
		<animation>	</animation>
		<animationEven>	</animationEven>
		<type>	SpawnPointCopyYeWai	</type>
		<transform>
			<row0>	-0.866118 -0.011829 0.499681	</row0>
			<row1>	-0.014028 0.999895 -0.000645	</row1>
			<row2>	-0.499624 -0.007569 -0.866199	</row2>
			<row3>	132.415955 31.759682 -15.405701	</row3>
		</transform>
		<clientOnly>	false	</clientOnly>
		<properties>
			<entityName>	20154015	</entityName>
			<rediviousTime>	-1	</rediviousTime>
			<rediviousTotal>	1	</rediviousTotal>
			<randomWalkRange>	0	</randomWalkRange>
			<patrolList>	</patrolList>
			<difficulty>	1	</difficulty>
			<monsterType>	1	</monsterType>
			<patrolPathNode>	</patrolPathNode>
			<actionDefaultName>	</actionDefaultName>
			<ownModelName>	</ownModelName>
		</properties>
	</entity_40>
</root>
