<root>
	<entity_1>
		<stopLinkStation>	00000000.00000000.00000000.00000000	</stopLinkStation>
		<animation>	</animation>
		<animationEven>	</animationEven>
		<type>	MonsterSpawnPoint	</type>
		<transform>
			<row0>	0.999269 0.038208 0.000406	</row0>
			<row1>	-0.038208 0.999043 0.021255	</row1>
			<row2>	0.000406 -0.021255 0.999774	</row2>
			<row3>	-30.458931 -0.370253 -37.270992	</row3>
		</transform>
		<clientOnly>	false	</clientOnly>
		<properties>
			<entityName>	20156152	</entityName>
			<rediviousTime>	-1.000000	</rediviousTime>
			<rediviousTotal>	1	</rediviousTotal>
			<randomWalkRange>	0.000000	</randomWalkRange>
			<patrolList>	</patrolList>
			<lineNumber>	0	</lineNumber>
			<patrolPathNode>	</patrolPathNode>
			<actionDefaultName>	</actionDefaultName>
			<ownModelName>	</ownModelName>
		</properties>
	</entity_1>
	<entity_2>
		<stopLinkStation>	00000000.00000000.00000000.00000000	</stopLinkStation>
		<animation>	</animation>
		<animationEven>	</animationEven>
		<type>	MonsterSpawnPoint	</type>
		<transform>
			<row0>	0.999999 0.000000 0.000000	</row0>
			<row1>	0.000000 0.999999 0.000000	</row1>
			<row2>	0.000000 0.000000 0.999999	</row2>
			<row3>	-22.877594 -0.114186 -34.117096	</row3>
		</transform>
		<clientOnly>	false	</clientOnly>
		<properties>
			<entityName>	20156152	</entityName>
			<rediviousTime>	-1.000000	</rediviousTime>
			<rediviousTotal>	1	</rediviousTotal>
			<randomWalkRange>	0.000000	</randomWalkRange>
			<patrolList>	</patrolList>
			<lineNumber>	0	</lineNumber>
			<patrolPathNode>	</patrolPathNode>
			<actionDefaultName>	</actionDefaultName>
			<ownModelName>	</ownModelName>
		</properties>
	</entity_2>
	<entity_3>
		<stopLinkStation>	00000000.00000000.00000000.00000000	</stopLinkStation>
		<animation>	</animation>
		<animationEven>	</animationEven>
		<type>	MonsterSpawnPoint	</type>
		<transform>
			<row0>	0.965747 0.014259 0.259092	</row0>
			<row1>	-0.025032 0.998951 0.038326	</row1>
			<row2>	-0.258274 -0.043498 0.965091	</row2>
			<row3>	-27.806122 -0.109822 -47.405640	</row3>
		</transform>
		<clientOnly>	false	</clientOnly>
		<properties>
			<entityName>	20156156	</entityName>
			<rediviousTime>	-1.000000	</rediviousTime>
			<rediviousTotal>	1	</rediviousTotal>
			<randomWalkRange>	0.000000	</randomWalkRange>
			<patrolList>	</patrolList>
			<lineNumber>	0	</lineNumber>
			<patrolPathNode>	</patrolPathNode>
			<actionDefaultName>	</actionDefaultName>
			<ownModelName>	</ownModelName>
		</properties>
	</entity_3>
	<entity_4>
		<stopLinkStation>	00000000.00000000.00000000.00000000	</stopLinkStation>
		<animation>	</animation>
		<animationEven>	</animationEven>
		<type>	MonsterSpawnPoint	</type>
		<transform>
			<row0>	0.999317 0.036928 0.000393	</row0>
			<row1>	-0.036928 0.999091 0.021257	</row1>
			<row2>	0.000393 -0.021257 0.999773	</row2>
			<row3>	-25.571777 -0.223247 -40.820156	</row3>
		</transform>
		<clientOnly>	false	</clientOnly>
		<properties>
			<entityName>	20156158	</entityName>
			<rediviousTime>	-1.000000	</rediviousTime>
			<rediviousTotal>	1	</rediviousTotal>
			<randomWalkRange>	0.000000	</randomWalkRange>
			<patrolList>	</patrolList>
			<lineNumber>	0	</lineNumber>
			<patrolPathNode>	</patrolPathNode>
			<actionDefaultName>	</actionDefaultName>
			<ownModelName>	</ownModelName>
		</properties>
	</entity_4>
	<entity_5>
		<stopLinkStation>	00000000.00000000.00000000.00000000	</stopLinkStation>
		<animation>	</animation>
		<animationEven>	</animationEven>
		<type>	MonsterSpawnPoint	</type>
		<transform>
			<row0>	0.965926 0.000000 0.258819	</row0>
			<row1>	0.000000 1.000000 0.000000	</row1>
			<row2>	-0.258819 0.000000 0.965926	</row2>
			<row3>	-19.715714 -0.069174 -43.219006	</row3>
		</transform>
		<clientOnly>	false	</clientOnly>
		<properties>
			<entityName>	20156153	</entityName>
			<rediviousTime>	-1.000000	</rediviousTime>
			<rediviousTotal>	1	</rediviousTotal>
			<randomWalkRange>	0.000000	</randomWalkRange>
			<patrolList>	</patrolList>
			<lineNumber>	0	</lineNumber>
			<patrolPathNode>	</patrolPathNode>
			<actionDefaultName>	</actionDefaultName>
			<ownModelName>	</ownModelName>
		</properties>
	</entity_5>
	<entity_6>
		<stopLinkStation>	00000000.00000000.00000000.00000000	</stopLinkStation>
		<animation>	</animation>
		<animationEven>	</animationEven>
		<type>	MonsterSpawnPoint	</type>
		<transform>
			<row0>	0.258819 0.000000 -0.965925	</row0>
			<row1>	0.000000 0.999999 0.000000	</row1>
			<row2>	0.965925 0.000000 0.258819	</row2>
			<row3>	14.446245 8.878377 -3.933105	</row3>
		</transform>
		<clientOnly>	false	</clientOnly>
		<properties>
			<entityName>	20156152	</entityName>
			<rediviousTime>	-1.000000	</rediviousTime>
			<rediviousTotal>	1	</rediviousTotal>
			<randomWalkRange>	0.000000	</randomWalkRange>
			<patrolList>	</patrolList>
			<lineNumber>	0	</lineNumber>
			<patrolPathNode>	</patrolPathNode>
			<actionDefaultName>	</actionDefaultName>
			<ownModelName>	</ownModelName>
		</properties>
	</entity_6>
	<entity_7>
		<stopLinkStation>	00000000.00000000.00000000.00000000	</stopLinkStation>
		<animation>	</animation>
		<animationEven>	</animationEven>
		<type>	MonsterSpawnPoint	</type>
		<transform>
			<row0>	0.500000 0.000000 -0.866025	</row0>
			<row1>	0.000000 1.000000 0.000000	</row1>
			<row2>	0.866025 0.000000 0.500000	</row2>
			<row3>	10.334742 8.526857 -8.140945	</row3>
		</transform>
		<clientOnly>	false	</clientOnly>
		<properties>
			<entityName>	20156153	</entityName>
			<rediviousTime>	-1.000000	</rediviousTime>
			<rediviousTotal>	1	</rediviousTotal>
			<randomWalkRange>	0.000000	</randomWalkRange>
			<patrolList>	</patrolList>
			<lineNumber>	0	</lineNumber>
			<patrolPathNode>	</patrolPathNode>
			<actionDefaultName>	</actionDefaultName>
			<ownModelName>	</ownModelName>
		</properties>
	</entity_7>
	<entity_8>
		<stopLinkStation>	00000000.00000000.00000000.00000000	</stopLinkStation>
		<animation>	</animation>
		<animationEven>	</animationEven>
		<type>	MonsterSpawnPoint	</type>
		<transform>
			<row0>	0.500000 0.000000 -0.866025	</row0>
			<row1>	0.000000 1.000000 0.000000	</row1>
			<row2>	0.866025 0.000000 0.500000	</row2>
			<row3>	66.486702 17.396280 -3.490929	</row3>
		</transform>
		<clientOnly>	false	</clientOnly>
		<properties>
			<entityName>	20156153	</entityName>
			<rediviousTime>	-1.000000	</rediviousTime>
			<rediviousTotal>	1	</rediviousTotal>
			<randomWalkRange>	0.000000	</randomWalkRange>
			<patrolList>	</patrolList>
			<lineNumber>	0	</lineNumber>
			<patrolPathNode>	</patrolPathNode>
			<actionDefaultName>	</actionDefaultName>
			<ownModelName>	</ownModelName>
		</properties>
	</entity_8>
	<entity_9>
		<stopLinkStation>	00000000.00000000.00000000.00000000	</stopLinkStation>
		<animation>	</animation>
		<animationEven>	</animationEven>
		<type>	MonsterSpawnPoint	</type>
		<transform>
			<row0>	0.707106 0.000000 -0.707106	</row0>
			<row1>	0.000000 0.999999 0.000000	</row1>
			<row2>	0.707106 0.000000 0.707106	</row2>
			<row3>	72.512146 18.676445 -1.230911	</row3>
		</transform>
		<clientOnly>	false	</clientOnly>
		<properties>
			<entityName>	20156152	</entityName>
			<rediviousTime>	-1.000000	</rediviousTime>
			<rediviousTotal>	1	</rediviousTotal>
			<randomWalkRange>	0.000000	</randomWalkRange>
			<patrolList>	</patrolList>
			<lineNumber>	0	</lineNumber>
			<patrolPathNode>	</patrolPathNode>
			<actionDefaultName>	</actionDefaultName>
			<ownModelName>	</ownModelName>
		</properties>
	</entity_9>
	<entity_10>
		<stopLinkStation>	00000000.00000000.00000000.00000000	</stopLinkStation>
		<animation>	</animation>
		<animationEven>	</animationEven>
		<type>	MonsterSpawnPoint	</type>
		<transform>
			<row0>	0.866023 0.000000 0.499999	</row0>
			<row1>	0.000000 0.999998 0.000000	</row1>
			<row2>	-0.499999 0.000000 0.866023	</row2>
			<row3>	52.195808 0.188718 -91.133705	</row3>
		</transform>
		<clientOnly>	false	</clientOnly>
		<properties>
			<entityName>	20156152	</entityName>
			<rediviousTime>	-1.000000	</rediviousTime>
			<rediviousTotal>	1	</rediviousTotal>
			<randomWalkRange>	0.000000	</randomWalkRange>
			<patrolList>	</patrolList>
			<lineNumber>	0	</lineNumber>
			<patrolPathNode>	</patrolPathNode>
			<actionDefaultName>	</actionDefaultName>
			<ownModelName>	</ownModelName>
		</properties>
	</entity_10>
	<entity_11>
		<stopLinkStation>	00000000.00000000.00000000.00000000	</stopLinkStation>
		<animation>	</animation>
		<animationEven>	</animationEven>
		<type>	MonsterSpawnPoint	</type>
		<transform>
			<row0>	-0.499985 -0.010257 0.865972	</row0>
			<row1>	-0.007524 0.999943 0.007500	</row1>
			<row2>	-0.866001 -0.002766 -0.500034	</row2>
			<row3>	66.326904 0.118231 -81.437592	</row3>
		</transform>
		<clientOnly>	false	</clientOnly>
		<properties>
			<entityName>	20156157	</entityName>
			<rediviousTime>	-1.000000	</rediviousTime>
			<rediviousTotal>	1	</rediviousTotal>
			<randomWalkRange>	0.000000	</randomWalkRange>
			<patrolList>	</patrolList>
			<lineNumber>	0	</lineNumber>
			<patrolPathNode>	</patrolPathNode>
			<actionDefaultName>	</actionDefaultName>
			<ownModelName>	</ownModelName>
		</properties>
	</entity_11>
	<entity_12>
		<stopLinkStation>	00000000.00000000.00000000.00000000	</stopLinkStation>
		<animation>	</animation>
		<animationEven>	</animationEven>
		<type>	MonsterSpawnPoint	</type>
		<transform>
			<row0>	0.000000 0.013102 0.999913	</row0>
			<row1>	0.000000 0.999913 -0.013102	</row1>
			<row2>	-0.999999 0.000000 0.000000	</row2>
			<row3>	55.763973 0.169004 -80.257553	</row3>
		</transform>
		<clientOnly>	false	</clientOnly>
		<properties>
			<entityName>	20156152	</entityName>
			<rediviousTime>	-1.000000	</rediviousTime>
			<rediviousTotal>	1	</rediviousTotal>
			<randomWalkRange>	0.000000	</randomWalkRange>
			<patrolList>	</patrolList>
			<lineNumber>	0	</lineNumber>
			<patrolPathNode>	</patrolPathNode>
			<actionDefaultName>	</actionDefaultName>
			<ownModelName>	</ownModelName>
		</properties>
	</entity_12>
	<entity_13>
		<stopLinkStation>	00000000.00000000.00000000.00000000	</stopLinkStation>
		<animation>	</animation>
		<animationEven>	</animationEven>
		<type>	MonsterSpawnPoint	</type>
		<transform>
			<row0>	0.865997 -0.004521 0.500028	</row0>
			<row1>	0.012501 0.999842 -0.012610	</row1>
			<row2>	-0.499892 0.017171 0.865916	</row2>
			<row3>	56.652023 0.081156 -94.434380	</row3>
		</transform>
		<clientOnly>	false	</clientOnly>
		<properties>
			<entityName>	20156158	</entityName>
			<rediviousTime>	-1.000000	</rediviousTime>
			<rediviousTotal>	1	</rediviousTotal>
			<randomWalkRange>	0.000000	</randomWalkRange>
			<patrolList>	</patrolList>
			<lineNumber>	0	</lineNumber>
			<patrolPathNode>	</patrolPathNode>
			<actionDefaultName>	</actionDefaultName>
			<ownModelName>	</ownModelName>
		</properties>
	</entity_13>
	<entity_14>
		<stopLinkStation>	00000000.00000000.00000000.00000000	</stopLinkStation>
		<animation>	</animation>
		<animationEven>	</animationEven>
		<type>	MonsterSpawnPoint	</type>
		<transform>
			<row0>	0.000000 0.000000 0.999999	</row0>
			<row1>	0.000000 0.999999 0.000000	</row1>
			<row2>	-0.999999 0.000000 0.000000	</row2>
			<row3>	62.179619 0.120002 -86.186562	</row3>
		</transform>
		<clientOnly>	false	</clientOnly>
		<properties>
			<entityName>	20156158	</entityName>
			<rediviousTime>	-1.000000	</rediviousTime>
			<rediviousTotal>	1	</rediviousTotal>
			<randomWalkRange>	0.000000	</randomWalkRange>
			<patrolList>	</patrolList>
			<lineNumber>	0	</lineNumber>
			<patrolPathNode>	</patrolPathNode>
			<actionDefaultName>	</actionDefaultName>
			<ownModelName>	</ownModelName>
		</properties>
	</entity_14>
	<entity_15>
		<stopLinkStation>	00000000.00000000.00000000.00000000	</stopLinkStation>
		<animation>	</animation>
		<animationEven>	</animationEven>
		<type>	MonsterSpawnPoint	</type>
		<transform>
			<row0>	0.866025 -0.004771 0.499977	</row0>
			<row1>	0.000000 0.999954 0.009542	</row1>
			<row2>	-0.500000 -0.008263 0.865986	</row2>
			<row3>	59.706146 0.096588 -98.658737	</row3>
		</transform>
		<clientOnly>	false	</clientOnly>
		<properties>
			<entityName>	20156153	</entityName>
			<rediviousTime>	-1.000000	</rediviousTime>
			<rediviousTotal>	1	</rediviousTotal>
			<randomWalkRange>	0.000000	</randomWalkRange>
			<patrolList>	</patrolList>
			<lineNumber>	0	</lineNumber>
			<patrolPathNode>	</patrolPathNode>
			<actionDefaultName>	</actionDefaultName>
			<ownModelName>	</ownModelName>
		</properties>
	</entity_15>
	<entity_16>
		<stopLinkStation>	00000000.00000000.00000000.00000000	</stopLinkStation>
		<animation>	</animation>
		<animationEven>	</animationEven>
		<type>	MonsterSpawnPoint	</type>
		<transform>
			<row0>	0.707107 0.000000 0.707107	</row0>
			<row1>	0.000000 1.000000 0.000000	</row1>
			<row2>	-0.707107 0.000000 0.707107	</row2>
			<row3>	59.261379 0.093750 -90.865379	</row3>
		</transform>
		<clientOnly>	false	</clientOnly>
		<properties>
			<entityName>	20654057	</entityName>
			<rediviousTime>	60.000000	</rediviousTime>
			<rediviousTotal>	1	</rediviousTotal>
			<randomWalkRange>	3.000000	</randomWalkRange>
			<patrolList>	</patrolList>
			<lineNumber>	0	</lineNumber>
			<patrolPathNode>	</patrolPathNode>
			<actionDefaultName>	</actionDefaultName>
			<ownModelName>	</ownModelName>
		</properties>
	</entity_16>
	<entity_17>
		<stopLinkStation>	00000000.00000000.00000000.00000000	</stopLinkStation>
		<animation>	</animation>
		<animationEven>	</animationEven>
		<type>	MonsterSpawnPoint	</type>
		<transform>
			<row0>	-0.675328 -0.289014 -0.678529	</row0>
			<row1>	-0.257063 0.954565 -0.150739	</row1>
			<row2>	0.691266 0.072626 -0.718940	</row2>
			<row3>	71.663383 19.596838 8.714808	</row3>
		</transform>
		<clientOnly>	false	</clientOnly>
		<properties>
			<entityName>	20156152	</entityName>
			<rediviousTime>	-1.000000	</rediviousTime>
			<rediviousTotal>	1	</rediviousTotal>
			<randomWalkRange>	0.000000	</randomWalkRange>
			<patrolList>	</patrolList>
			<lineNumber>	0	</lineNumber>
			<patrolPathNode>	</patrolPathNode>
			<actionDefaultName>	</actionDefaultName>
			<ownModelName>	</ownModelName>
		</properties>
	</entity_17>
	<entity_18>
		<stopLinkStation>	00000000.00000000.00000000.00000000	</stopLinkStation>
		<animation>	</animation>
		<animationEven>	</animationEven>
		<type>	MonsterSpawnPoint	</type>
		<transform>
			<row0>	-0.258819 0.000000 -0.965925	</row0>
			<row1>	0.000000 1.000000 0.000000	</row1>
			<row2>	0.965925 0.000000 -0.258819	</row2>
			<row3>	64.112564 17.309277 9.044874	</row3>
		</transform>
		<clientOnly>	false	</clientOnly>
		<properties>
			<entityName>	20156154	</entityName>
			<rediviousTime>	-1.000000	</rediviousTime>
			<rediviousTotal>	1	</rediviousTotal>
			<randomWalkRange>	0.000000	</randomWalkRange>
			<patrolList>	</patrolList>
			<lineNumber>	0	</lineNumber>
			<patrolPathNode>	</patrolPathNode>
			<actionDefaultName>	</actionDefaultName>
			<ownModelName>	</ownModelName>
		</properties>
	</entity_18>
	<entity_19>
		<stopLinkStation>	00000000.00000000.00000000.00000000	</stopLinkStation>
		<animation>	</animation>
		<animationEven>	</animationEven>
		<type>	MonsterSpawnPoint	</type>
		<transform>
			<row0>	-0.245549 -0.116577 -0.962349	</row0>
			<row1>	-0.224541 0.972583 -0.060524	</row1>
			<row2>	0.943020 0.201225 -0.264993	</row2>
			<row3>	9.574676 7.859221 1.397644	</row3>
		</transform>
		<clientOnly>	false	</clientOnly>
		<properties>
			<entityName>	20156155	</entityName>
			<rediviousTime>	-1.000000	</rediviousTime>
			<rediviousTotal>	1	</rediviousTotal>
			<randomWalkRange>	0.000000	</randomWalkRange>
			<patrolList>	</patrolList>
			<lineNumber>	0	</lineNumber>
			<patrolPathNode>	</patrolPathNode>
			<actionDefaultName>	</actionDefaultName>
			<ownModelName>	</ownModelName>
		</properties>
	</entity_19>
	<entity_20>
		<stopLinkStation>	00000000.00000000.00000000.00000000	</stopLinkStation>
		<animation>	</animation>
		<animationEven>	</animationEven>
		<type>	MonsterSpawnPoint	</type>
		<transform>
			<row0>	-0.245549 -0.116577 -0.962348	</row0>
			<row1>	-0.224541 0.972583 -0.060524	</row1>
			<row2>	0.943019 0.201225 -0.264992	</row2>
			<row3>	11.911233 8.473827 2.605564	</row3>
		</transform>
		<clientOnly>	false	</clientOnly>
		<properties>
			<entityName>	20156152	</entityName>
			<rediviousTime>	-1.000000	</rediviousTime>
			<rediviousTotal>	1	</rediviousTotal>
			<randomWalkRange>	0.000000	</randomWalkRange>
			<patrolList>	</patrolList>
			<lineNumber>	0	</lineNumber>
			<patrolPathNode>	</patrolPathNode>
			<actionDefaultName>	</actionDefaultName>
			<ownModelName>	</ownModelName>
		</properties>
	</entity_20>
	<entity_21>
		<stopLinkStation>	00000000.00000000.00000000.00000000	</stopLinkStation>
		<animation>	</animation>
		<animationEven>	</animationEven>
		<type>	MonsterSpawnPoint	</type>
		<transform>
			<row0>	-0.707105 0.000000 0.707106	</row0>
			<row1>	0.000000 0.999999 0.000000	</row1>
			<row2>	-0.707106 0.000000 -0.707105	</row2>
			<row3>	126.755348 25.789986 19.047031	</row3>
		</transform>
		<clientOnly>	false	</clientOnly>
		<properties>
			<entityName>	20156150	</entityName>
			<rediviousTime>	-1.000000	</rediviousTime>
			<rediviousTotal>	1	</rediviousTotal>
			<randomWalkRange>	0.000000	</randomWalkRange>
			<patrolList>	</patrolList>
			<lineNumber>	0	</lineNumber>
			<patrolPathNode>	</patrolPathNode>
			<actionDefaultName>	</actionDefaultName>
			<ownModelName>	</ownModelName>
		</properties>
	</entity_21>
</root>
