<root>
	<entity_1>
		<stopLinkStation>	00000000.00000000.00000000.00000000	</stopLinkStation>
		<animation>	</animation>
		<animationEven>	</animationEven>
		<type>	SpawnPoint	</type>
		<transform>
			<row0>	0.998430 0.055796 -0.003809	</row0>
			<row1>	-0.055618 0.997763 0.036987	</row1>
			<row2>	0.005864 -0.036717 0.999303	</row2>
			<row3>	-5.381439 92.059570 -83.887840	</row3>
		</transform>
		<clientOnly>	false	</clientOnly>
		<properties>
			<entityName>	20324007	</entityName>
			<rediviousTime>	-1.000000	</rediviousTime>
			<rediviousTotal>	1	</rediviousTotal>
			<randomWalkRange>	3.000000	</randomWalkRange>
			<patrolList>	</patrolList>
			<patrolPathNode>	</patrolPathNode>
			<actionDefaultName>	</actionDefaultName>
			<ownModelName>	</ownModelName>
		</properties>
	</entity_1>
	<entity_2>
		<stopLinkStation>	00000000.00000000.00000000.00000000	</stopLinkStation>
		<animation>	</animation>
		<animationEven>	</animationEven>
		<type>	SpawnPoint	</type>
		<transform>
			<row0>	0.999975 0.006252 -0.000910	</row0>
			<row1>	-0.006248 0.999966 0.004728	</row1>
			<row2>	0.000938 -0.004722 0.999984	</row2>
			<row3>	-5.943115 91.888992 -76.094322	</row3>
		</transform>
		<clientOnly>	false	</clientOnly>
		<properties>
			<entityName>	20324007	</entityName>
			<rediviousTime>	-1.000000	</rediviousTime>
			<rediviousTotal>	1	</rediviousTotal>
			<randomWalkRange>	3.000000	</randomWalkRange>
			<patrolList>	</patrolList>
			<patrolPathNode>	</patrolPathNode>
			<actionDefaultName>	</actionDefaultName>
			<ownModelName>	</ownModelName>
		</properties>
	</entity_2>
	<entity_3>
		<stopLinkStation>	00000000.00000000.00000000.00000000	</stopLinkStation>
		<animation>	</animation>
		<animationEven>	</animationEven>
		<type>	SpawnPoint	</type>
		<transform>
			<row0>	0.497779 -0.027292 -0.866869	</row0>
			<row1>	0.055603 0.998449 0.000495	</row1>
			<row2>	0.865513 -0.048447 0.498526	</row2>
			<row3>	-21.451256 91.949532 -73.596489	</row3>
		</transform>
		<clientOnly>	false	</clientOnly>
		<properties>
			<entityName>	20324007	</entityName>
			<rediviousTime>	-1.000000	</rediviousTime>
			<rediviousTotal>	1	</rediviousTotal>
			<randomWalkRange>	3.000000	</randomWalkRange>
			<patrolList>	</patrolList>
			<patrolPathNode>	</patrolPathNode>
			<actionDefaultName>	</actionDefaultName>
			<ownModelName>	</ownModelName>
		</properties>
	</entity_3>
	<entity_4>
		<stopLinkStation>	00000000.00000000.00000000.00000000	</stopLinkStation>
		<animation>	</animation>
		<animationEven>	</animationEven>
		<type>	SpawnPoint	</type>
		<transform>
			<row0>	0.498354 -0.023853 -0.866641	</row0>
			<row1>	0.044627 0.998999 -0.001833	</row1>
			<row2>	0.865819 -0.037762 0.498921	</row2>
			<row3>	-14.760971 91.811104 -68.886963	</row3>
		</transform>
		<clientOnly>	false	</clientOnly>
		<properties>
			<entityName>	20324007	</entityName>
			<rediviousTime>	-1.000000	</rediviousTime>
			<rediviousTotal>	1	</rediviousTotal>
			<randomWalkRange>	3.000000	</randomWalkRange>
			<patrolList>	</patrolList>
			<patrolPathNode>	</patrolPathNode>
			<actionDefaultName>	</actionDefaultName>
			<ownModelName>	</ownModelName>
		</properties>
	</entity_4>
	<entity_5>
		<stopLinkStation>	00000000.00000000.00000000.00000000	</stopLinkStation>
		<animation>	</animation>
		<animationEven>	</animationEven>
		<type>	SpawnPoint	</type>
		<transform>
			<row0>	-0.510230 0.086435 -0.855676	</row0>
			<row1>	-0.153267 0.969868 0.189362	</row1>
			<row2>	0.846265 0.227768 -0.481609	</row2>
			<row3>	-30.278717 79.395859 -28.679657	</row3>
		</transform>
		<clientOnly>	false	</clientOnly>
		<properties>
			<entityName>	20751226	</entityName>
			<rediviousTime>	-1.000000	</rediviousTime>
			<rediviousTotal>	1	</rediviousTotal>
			<randomWalkRange>	3.000000	</randomWalkRange>
			<patrolList>	</patrolList>
			<patrolPathNode>	</patrolPathNode>
			<actionDefaultName>	</actionDefaultName>
			<ownModelName>	</ownModelName>
		</properties>
	</entity_5>
	<entity_6>
		<stopLinkStation>	00000000.00000000.00000000.00000000	</stopLinkStation>
		<animation>	</animation>
		<animationEven>	</animationEven>
		<type>	SpawnPointDoor	</type>
		<transform>
			<row0>	-0.499999 0.000000 -0.866024	</row0>
			<row1>	0.000000 0.999999 0.000000	</row1>
			<row2>	0.866024 0.000000 -0.499999	</row2>
			<row3>	-61.822514 68.818298 -1.044266	</row3>
		</transform>
		<clientOnly>	false	</clientOnly>
		<properties>
			<entityName>	20241028	</entityName>
			<rediviousTime>	60.000000	</rediviousTime>
			<rediviousTotal>	1	</rediviousTotal>
			<randomWalkRange>	3.000000	</randomWalkRange>
			<patrolList>	</patrolList>
			<patrolPathNode>	</patrolPathNode>
			<actionDefaultName>	</actionDefaultName>
			<ownModelName>	</ownModelName>
		</properties>
	</entity_6>
	<entity_7>
		<stopLinkStation>	00000000.00000000.00000000.00000000	</stopLinkStation>
		<animation>	</animation>
		<animationEven>	</animationEven>
		<type>	SpawnPoint	</type>
		<transform>
			<row0>	-0.708320 0.003378 -0.705873	</row0>
			<row1>	-0.128457 0.982670 0.133605	</row1>
			<row2>	0.694096 0.185312 -0.695614	</row2>
			<row3>	-8.102730 85.404930 -36.586044	</row3>
		</transform>
		<clientOnly>	false	</clientOnly>
		<properties>
			<entityName>	20751227	</entityName>
			<rediviousTime>	-1.000000	</rediviousTime>
			<rediviousTotal>	1	</rediviousTotal>
			<randomWalkRange>	3.000000	</randomWalkRange>
			<patrolList>	</patrolList>
			<patrolPathNode>	</patrolPathNode>
			<actionDefaultName>	</actionDefaultName>
			<ownModelName>	</ownModelName>
		</properties>
	</entity_7>
	<entity_8>
		<stopLinkStation>	00000000.00000000.00000000.00000000	</stopLinkStation>
		<animation>	</animation>
		<animationEven>	</animationEven>
		<type>	SpawnPoint	</type>
		<transform>
			<row0>	0.999979 0.005684 -0.000886	</row0>
			<row1>	-0.005680 0.999970 0.004729	</row1>
			<row2>	0.000911 -0.004723 0.999985	</row2>
			<row3>	-9.803520 91.882454 -79.596245	</row3>
		</transform>
		<clientOnly>	false	</clientOnly>
		<properties>
			<entityName>	20324007	</entityName>
			<rediviousTime>	-1.000000	</rediviousTime>
			<rediviousTotal>	1	</rediviousTotal>
			<randomWalkRange>	3.000000	</randomWalkRange>
			<patrolList>	</patrolList>
			<patrolPathNode>	</patrolPathNode>
			<actionDefaultName>	</actionDefaultName>
			<ownModelName>	</ownModelName>
		</properties>
	</entity_8>
	<entity_9>
		<stopLinkStation>	00000000.00000000.00000000.00000000	</stopLinkStation>
		<animation>	</animation>
		<animationEven>	</animationEven>
		<type>	SpawnPointDoor	</type>
		<transform>
			<row0>	-0.499999 0.000000 -0.866024	</row0>
			<row1>	0.000000 0.999999 0.000000	</row1>
			<row2>	0.866024 0.000000 -0.499999	</row2>
			<row3>	-64.320374 68.896423 -6.025360	</row3>
		</transform>
		<clientOnly>	false	</clientOnly>
		<properties>
			<entityName>	20241028	</entityName>
			<rediviousTime>	60.000000	</rediviousTime>
			<rediviousTotal>	1	</rediviousTotal>
			<randomWalkRange>	3.000000	</randomWalkRange>
			<patrolList>	</patrolList>
			<patrolPathNode>	</patrolPathNode>
			<actionDefaultName>	</actionDefaultName>
			<ownModelName>	</ownModelName>
		</properties>
	</entity_9>
	<entity_10>
		<stopLinkStation>	00000000.00000000.00000000.00000000	</stopLinkStation>
		<animation>	</animation>
		<animationEven>	</animationEven>
		<type>	SpawnPoint	</type>
		<transform>
			<row0>	0.998221 -0.059368 -0.004426	</row0>
			<row1>	0.059531 0.994853 0.081960	</row1>
			<row2>	-0.000464 -0.082078 0.996621	</row2>
			<row3>	-15.903389 92.401283 -87.224823	</row3>
		</transform>
		<clientOnly>	false	</clientOnly>
		<properties>
			<entityName>	20324007	</entityName>
			<rediviousTime>	-1.000000	</rediviousTime>
			<rediviousTotal>	1	</rediviousTotal>
			<randomWalkRange>	3.000000	</randomWalkRange>
			<patrolList>	</patrolList>
			<patrolPathNode>	</patrolPathNode>
			<actionDefaultName>	</actionDefaultName>
			<ownModelName>	</ownModelName>
		</properties>
	</entity_10>
	<entity_11>
		<stopLinkStation>	00000000.00000000.00000000.00000000	</stopLinkStation>
		<animation>	</animation>
		<animationEven>	</animationEven>
		<type>	SpawnPoint	</type>
		<transform>
			<row0>	0.704517 0.073147 -0.705900	</row0>
			<row1>	0.047748 0.987531 0.149986	</row1>
			<row2>	0.708072 -0.139373 0.692243	</row2>
			<row3>	-19.113853 92.666580 -86.458267	</row3>
		</transform>
		<clientOnly>	false	</clientOnly>
		<properties>
			<entityName>	20324007	</entityName>
			<rediviousTime>	-1.000000	</rediviousTime>
			<rediviousTotal>	1	</rediviousTotal>
			<randomWalkRange>	3.000000	</randomWalkRange>
			<patrolList>	</patrolList>
			<patrolPathNode>	</patrolPathNode>
			<actionDefaultName>	</actionDefaultName>
			<ownModelName>	</ownModelName>
		</properties>
	</entity_11>
	<entity_12>
		<stopLinkStation>	00000000.00000000.00000000.00000000	</stopLinkStation>
		<animation>	</animation>
		<animationEven>	</animationEven>
		<type>	SpawnPoint	</type>
		<transform>
			<row0>	0.496332 -0.056476 -0.866289	</row0>
			<row1>	0.087149 0.996080 -0.015005	</row1>
			<row2>	0.863742 -0.068049 0.499309	</row2>
			<row3>	-19.517830 91.986694 -67.248962	</row3>
		</transform>
		<clientOnly>	false	</clientOnly>
		<properties>
			<entityName>	20324007	</entityName>
			<rediviousTime>	-1.000000	</rediviousTime>
			<rediviousTotal>	1	</rediviousTotal>
			<randomWalkRange>	3.000000	</randomWalkRange>
			<patrolList>	</patrolList>
			<patrolPathNode>	</patrolPathNode>
			<actionDefaultName>	</actionDefaultName>
			<ownModelName>	</ownModelName>
		</properties>
	</entity_12>
	<entity_13>
		<stopLinkStation>	00000000.00000000.00000000.00000000	</stopLinkStation>
		<animation>	</animation>
		<animationEven>	</animationEven>
		<type>	SpawnPoint	</type>
		<transform>
			<row0>	-0.999978 -0.001535 0.004878	</row0>
			<row1>	-0.001532 0.999994 0.000580	</row1>
			<row2>	-0.004877 0.000574 -0.999981	</row2>
			<row3>	-10.602989 91.871910 -76.382133	</row3>
		</transform>
		<clientOnly>	false	</clientOnly>
		<properties>
			<entityName>	20751228	</entityName>
			<rediviousTime>	-1.000000	</rediviousTime>
			<rediviousTotal>	1	</rediviousTotal>
			<randomWalkRange>	3.000000	</randomWalkRange>
			<patrolList>	</patrolList>
			<patrolPathNode>	</patrolPathNode>
			<actionDefaultName>	</actionDefaultName>
			<ownModelName>	</ownModelName>
		</properties>
	</entity_13>
	<entity_14>
		<stopLinkStation>	00000000.00000000.00000000.00000000	</stopLinkStation>
		<animation>	</animation>
		<animationEven>	</animationEven>
		<type>	QuestBox	</type>
		<transform>
			<row0>	-0.707104 -0.000343 0.707104	</row0>
			<row1>	0.000000 0.999999 0.000485	</row1>
			<row2>	-0.707104 0.000343 -0.707104	</row2>
			<row3>	-4.995010 129.139893 21.052858	</row3>
		</transform>
		<clientOnly>	false	</clientOnly>
		<properties>
			<className>	30112308	</className>
			<rediviousTime>	-1.000000	</rediviousTime>
			<patrolPathNode>	</patrolPathNode>
			<actionDefaultName>	</actionDefaultName>
			<ownModelName>	</ownModelName>
		</properties>
	</entity_14>
	<entity_15>
		<stopLinkStation>	00000000.00000000.00000000.00000000	</stopLinkStation>
		<animation>	</animation>
		<animationEven>	</animationEven>
		<type>	QuestBox	</type>
		<transform>
			<row0>	0.481264 0.000435 0.876572	</row0>
			<row1>	-0.000016 0.999998 -0.000488	</row1>
			<row2>	-0.876572 0.000221 0.481264	</row2>
			<row3>	-6.043480 129.139938 37.152668	</row3>
		</transform>
		<clientOnly>	false	</clientOnly>
		<properties>
			<className>	30112310	</className>
			<rediviousTime>	-1.000000	</rediviousTime>
			<patrolPathNode>	</patrolPathNode>
			<actionDefaultName>	</actionDefaultName>
			<ownModelName>	</ownModelName>
		</properties>
	</entity_15>
	<entity_16>
		<stopLinkStation>	00000000.00000000.00000000.00000000	</stopLinkStation>
		<animation>	</animation>
		<animationEven>	</animationEven>
		<type>	SpawnPoint	</type>
		<transform>
			<row0>	0.101452 0.000319 -0.994835	</row0>
			<row1>	0.000000 0.999995 0.000318	</row1>
			<row2>	0.994832 -0.000032 0.101451	</row2>
			<row3>	-12.170120 144.487106 20.579226	</row3>
		</transform>
		<clientOnly>	false	</clientOnly>
		<properties>
			<entityName>	20751207	</entityName>
			<rediviousTime>	-1.000000	</rediviousTime>
			<rediviousTotal>	1	</rediviousTotal>
			<randomWalkRange>	0.000000	</randomWalkRange>
			<patrolList>	</patrolList>
			<patrolPathNode>	</patrolPathNode>
			<actionDefaultName>	</actionDefaultName>
			<ownModelName>	</ownModelName>
		</properties>
	</entity_16>
	<entity_17>
		<stopLinkStation>	00000000.00000000.00000000.00000000	</stopLinkStation>
		<animation>	</animation>
		<animationEven>	</animationEven>
		<type>	SpawnPoint	</type>
		<transform>
			<row0>	-0.159485 0.000002 -0.987195	</row0>
			<row1>	0.000001 0.999995 -0.000001	</row1>
			<row2>	0.987192 0.000000 -0.159486	</row2>
			<row3>	-8.958488 144.487106 25.533663	</row3>
		</transform>
		<clientOnly>	false	</clientOnly>
		<properties>
			<entityName>	20751206	</entityName>
			<rediviousTime>	-1.000000	</rediviousTime>
			<rediviousTotal>	1	</rediviousTotal>
			<randomWalkRange>	0.000000	</randomWalkRange>
			<patrolList>	</patrolList>
			<patrolPathNode>	</patrolPathNode>
			<actionDefaultName>	</actionDefaultName>
			<ownModelName>	</ownModelName>
		</properties>
	</entity_17>
	<entity_18>
		<stopLinkStation>	00000000.00000000.00000000.00000000	</stopLinkStation>
		<animation>	</animation>
		<animationEven>	</animationEven>
		<type>	SpawnPoint	</type>
		<transform>
			<row0>	-0.159485 -0.000140 -0.987195	</row0>
			<row1>	0.000120 0.999994 -0.000164	</row1>
			<row2>	0.987192 -0.000144 -0.159486	</row2>
			<row3>	-9.612030 144.487106 31.021051	</row3>
		</transform>
		<clientOnly>	false	</clientOnly>
		<properties>
			<entityName>	20751206	</entityName>
			<rediviousTime>	-1.000000	</rediviousTime>
			<rediviousTotal>	1	</rediviousTotal>
			<randomWalkRange>	0.000000	</randomWalkRange>
			<patrolList>	</patrolList>
			<patrolPathNode>	</patrolPathNode>
			<actionDefaultName>	</actionDefaultName>
			<ownModelName>	</ownModelName>
		</properties>
	</entity_18>
	<entity_19>
		<stopLinkStation>	00000000.00000000.00000000.00000000	</stopLinkStation>
		<animation>	</animation>
		<animationEven>	</animationEven>
		<type>	SpawnPoint	</type>
		<transform>
			<row0>	-0.159487 0.000425 -0.987195	</row0>
			<row1>	0.000000 0.999994 0.000428	</row1>
			<row2>	0.987192 0.000069 -0.159487	</row2>
			<row3>	-13.310150 144.487106 35.921848	</row3>
		</transform>
		<clientOnly>	false	</clientOnly>
		<properties>
			<entityName>	20751207	</entityName>
			<rediviousTime>	-1.000000	</rediviousTime>
			<rediviousTotal>	1	</rediviousTotal>
			<randomWalkRange>	0.000000	</randomWalkRange>
			<patrolList>	</patrolList>
			<patrolPathNode>	</patrolPathNode>
			<actionDefaultName>	</actionDefaultName>
			<ownModelName>	</ownModelName>
		</properties>
	</entity_19>
	<entity_20>
		<stopLinkStation>	00000000.00000000.00000000.00000000	</stopLinkStation>
		<animation>	</animation>
		<animationEven>	</animationEven>
		<type>	SpawnPoint	</type>
		<transform>
			<row0>	-0.871510 0.017150 0.490074	</row0>
			<row1>	-0.032553 0.995160 -0.092714	</row1>
			<row2>	-0.489292 -0.096755 -0.866734	</row2>
			<row3>	76.021912 107.021591 -10.832153	</row3>
		</transform>
		<clientOnly>	false	</clientOnly>
		<properties>
			<entityName>	20324007	</entityName>
			<rediviousTime>	-1.000000	</rediviousTime>
			<rediviousTotal>	1	</rediviousTotal>
			<randomWalkRange>	3.000000	</randomWalkRange>
			<patrolList>	</patrolList>
			<patrolPathNode>	</patrolPathNode>
			<actionDefaultName>	</actionDefaultName>
			<ownModelName>	</ownModelName>
		</properties>
	</entity_20>
	<entity_21>
		<stopLinkStation>	00000000.00000000.00000000.00000000	</stopLinkStation>
		<animation>	</animation>
		<animationEven>	</animationEven>
		<type>	SpawnPoint	</type>
		<transform>
			<row0>	0.488172 0.138054 0.861758	</row0>
			<row1>	-0.117989 0.988784 -0.091565	</row1>
			<row2>	-0.864734 -0.056979 0.498985	</row2>
			<row3>	74.427063 106.128227 -40.003754	</row3>
		</transform>
		<clientOnly>	false	</clientOnly>
		<properties>
			<entityName>	20324007	</entityName>
			<rediviousTime>	-1.000000	</rediviousTime>
			<rediviousTotal>	1	</rediviousTotal>
			<randomWalkRange>	3.000000	</randomWalkRange>
			<patrolList>	</patrolList>
			<patrolPathNode>	</patrolPathNode>
			<actionDefaultName>	</actionDefaultName>
			<ownModelName>	</ownModelName>
		</properties>
	</entity_21>
	<entity_22>
		<stopLinkStation>	00000000.00000000.00000000.00000000	</stopLinkStation>
		<animation>	</animation>
		<animationEven>	</animationEven>
		<type>	SpawnPoint	</type>
		<transform>
			<row0>	-0.870741 0.120647 0.476709	</row0>
			<row1>	0.056709 0.987604 -0.146364	</row1>
			<row2>	-0.488458 -0.100412 -0.866789	</row2>
			<row3>	71.802284 107.294632 -7.061249	</row3>
		</transform>
		<clientOnly>	false	</clientOnly>
		<properties>
			<entityName>	20324007	</entityName>
			<rediviousTime>	-1.000000	</rediviousTime>
			<rediviousTotal>	1	</rediviousTotal>
			<randomWalkRange>	3.000000	</randomWalkRange>
			<patrolList>	</patrolList>
			<patrolPathNode>	</patrolPathNode>
			<actionDefaultName>	</actionDefaultName>
			<ownModelName>	</ownModelName>
		</properties>
	</entity_22>
	<entity_23>
		<stopLinkStation>	00000000.00000000.00000000.00000000	</stopLinkStation>
		<animation>	</animation>
		<animationEven>	</animationEven>
		<type>	SpawnPoint	</type>
		<transform>
			<row0>	0.866710 0.013370 0.498627	</row0>
			<row1>	-0.017411 0.999840 0.003453	</row1>
			<row2>	-0.498504 -0.011675 0.866805	</row2>
			<row3>	10.501434 91.819054 -71.497955	</row3>
		</transform>
		<clientOnly>	false	</clientOnly>
		<properties>
			<entityName>	20324007	</entityName>
			<rediviousTime>	-1.000000	</rediviousTime>
			<rediviousTotal>	1	</rediviousTotal>
			<randomWalkRange>	3.000000	</randomWalkRange>
			<patrolList>	</patrolList>
			<patrolPathNode>	</patrolPathNode>
			<actionDefaultName>	</actionDefaultName>
			<ownModelName>	</ownModelName>
		</properties>
	</entity_23>
	<entity_24>
		<stopLinkStation>	00000000.00000000.00000000.00000000	</stopLinkStation>
		<animation>	</animation>
		<animationEven>	</animationEven>
		<type>	SpawnPoint	</type>
		<transform>
			<row0>	0.259800 -0.009436 0.965614	</row0>
			<row1>	-0.130367 0.990454 0.044754	</row1>
			<row2>	-0.956820 -0.137511 0.256089	</row2>
			<row3>	74.504143 105.945480 -35.038330	</row3>
		</transform>
		<clientOnly>	false	</clientOnly>
		<properties>
			<entityName>	20324007	</entityName>
			<rediviousTime>	-1.000000	</rediviousTime>
			<rediviousTotal>	1	</rediviousTotal>
			<randomWalkRange>	3.000000	</randomWalkRange>
			<patrolList>	</patrolList>
			<patrolPathNode>	</patrolPathNode>
			<actionDefaultName>	</actionDefaultName>
			<ownModelName>	</ownModelName>
		</properties>
	</entity_24>
	<entity_25>
		<stopLinkStation>	00000000.00000000.00000000.00000000	</stopLinkStation>
		<animation>	</animation>
		<animationEven>	</animationEven>
		<type>	SpawnPoint	</type>
		<transform>
			<row0>	-0.966750 0.100307 0.235221	</row0>
			<row1>	0.072987 0.989827 -0.122123	</row1>
			<row2>	-0.245077 -0.100895 -0.964237	</row2>
			<row3>	71.575058 106.773308 -11.261246	</row3>
		</transform>
		<clientOnly>	false	</clientOnly>
		<properties>
			<entityName>	20324007	</entityName>
			<rediviousTime>	-1.000000	</rediviousTime>
			<rediviousTotal>	1	</rediviousTotal>
			<randomWalkRange>	3.000000	</randomWalkRange>
			<patrolList>	</patrolList>
			<patrolPathNode>	</patrolPathNode>
			<actionDefaultName>	</actionDefaultName>
			<ownModelName>	</ownModelName>
		</properties>
	</entity_25>
	<entity_26>
		<stopLinkStation>	00000000.00000000.00000000.00000000	</stopLinkStation>
		<animation>	</animation>
		<animationEven>	</animationEven>
		<type>	SpawnPoint	</type>
		<transform>
			<row0>	-0.264191 0.006083 0.964449	</row0>
			<row1>	-0.094637 0.994989 -0.032200	</row1>
			<row2>	-0.959812 -0.099780 -0.262293	</row2>
			<row3>	84.698463 107.068542 -24.604378	</row3>
		</transform>
		<clientOnly>	false	</clientOnly>
		<properties>
			<entityName>	20324009	</entityName>
			<rediviousTime>	-1.000000	</rediviousTime>
			<rediviousTotal>	1	</rediviousTotal>
			<randomWalkRange>	3.000000	</randomWalkRange>
			<patrolList>	</patrolList>
			<patrolPathNode>	</patrolPathNode>
			<actionDefaultName>	</actionDefaultName>
			<ownModelName>	</ownModelName>
		</properties>
	</entity_26>
	<entity_27>
		<stopLinkStation>	00000000.00000000.00000000.00000000	</stopLinkStation>
		<animation>	</animation>
		<animationEven>	</animationEven>
		<type>	SpawnPoint	</type>
		<transform>
			<row0>	0.708030 -0.005202 -0.706149	</row0>
			<row1>	-0.137281 0.979877 -0.144863	</row1>
			<row2>	0.692696 0.199512 0.693074	</row2>
			<row3>	35.303005 98.101212 -34.363052	</row3>
		</transform>
		<clientOnly>	false	</clientOnly>
		<properties>
			<entityName>	20751229	</entityName>
			<rediviousTime>	-1.000000	</rediviousTime>
			<rediviousTotal>	1	</rediviousTotal>
			<randomWalkRange>	3.000000	</randomWalkRange>
			<patrolList>	</patrolList>
			<patrolPathNode>	</patrolPathNode>
			<actionDefaultName>	</actionDefaultName>
			<ownModelName>	</ownModelName>
		</properties>
	</entity_27>
	<entity_28>
		<stopLinkStation>	00000000.00000000.00000000.00000000	</stopLinkStation>
		<animation>	</animation>
		<animationEven>	</animationEven>
		<type>	SpawnPoint	</type>
		<transform>
			<row0>	0.001477 -0.032263 0.999477	</row0>
			<row1>	-0.091625 0.995270 0.032261	</row1>
			<row2>	-0.995791 -0.091624 -0.001488	</row2>
			<row3>	79.230553 106.481758 -35.931808	</row3>
		</transform>
		<clientOnly>	false	</clientOnly>
		<properties>
			<entityName>	20324007	</entityName>
			<rediviousTime>	-1.000000	</rediviousTime>
			<rediviousTotal>	1	</rediviousTotal>
			<randomWalkRange>	3.000000	</randomWalkRange>
			<patrolList>	</patrolList>
			<patrolPathNode>	</patrolPathNode>
			<actionDefaultName>	</actionDefaultName>
			<ownModelName>	</ownModelName>
		</properties>
	</entity_28>
	<entity_29>
		<stopLinkStation>	00000000.00000000.00000000.00000000	</stopLinkStation>
		<animation>	</animation>
		<animationEven>	</animationEven>
		<type>	SpawnPoint	</type>
		<transform>
			<row0>	0.867635 0.012172 0.497047	</row0>
			<row1>	-0.036634 0.998545 0.039493	</row1>
			<row2>	-0.495846 -0.052475 0.866820	</row2>
			<row3>	6.000894 91.553299 -67.207001	</row3>
		</transform>
		<clientOnly>	false	</clientOnly>
		<properties>
			<entityName>	20324007	</entityName>
			<rediviousTime>	-1.000000	</rediviousTime>
			<rediviousTotal>	1	</rediviousTotal>
			<randomWalkRange>	3.000000	</randomWalkRange>
			<patrolList>	</patrolList>
			<patrolPathNode>	</patrolPathNode>
			<actionDefaultName>	</actionDefaultName>
			<ownModelName>	</ownModelName>
		</properties>
	</entity_29>
	<entity_30>
		<stopLinkStation>	00000000.00000000.00000000.00000000	</stopLinkStation>
		<animation>	</animation>
		<animationEven>	</animationEven>
		<type>	SpawnPoint	</type>
		<transform>
			<row0>	-0.264012 0.002947 0.964512	</row0>
			<row1>	-0.099909 0.994531 -0.030386	</row1>
			<row2>	-0.959326 -0.104386 -0.262275	</row2>
			<row3>	83.294189 107.149757 -18.048447	</row3>
		</transform>
		<clientOnly>	false	</clientOnly>
		<properties>
			<entityName>	20324009	</entityName>
			<rediviousTime>	-1.000000	</rediviousTime>
			<rediviousTotal>	1	</rediviousTotal>
			<randomWalkRange>	3.000000	</randomWalkRange>
			<patrolList>	</patrolList>
			<patrolPathNode>	</patrolPathNode>
			<actionDefaultName>	</actionDefaultName>
			<ownModelName>	</ownModelName>
		</properties>
	</entity_30>
	<entity_31>
		<stopLinkStation>	00000000.00000000.00000000.00000000	</stopLinkStation>
		<animation>	</animation>
		<animationEven>	</animationEven>
		<type>	SpawnPoint	</type>
		<transform>
			<row0>	0.257334 0.016919 0.966172	</row0>
			<row1>	-0.057299 0.998354 -0.002223	</row1>
			<row2>	-0.964621 -0.054788 0.257877	</row2>
			<row3>	77.991547 106.433556 -38.834206	</row3>
		</transform>
		<clientOnly>	false	</clientOnly>
		<properties>
			<entityName>	20324007	</entityName>
			<rediviousTime>	-1.000000	</rediviousTime>
			<rediviousTotal>	1	</rediviousTotal>
			<randomWalkRange>	3.000000	</randomWalkRange>
			<patrolList>	</patrolList>
			<patrolPathNode>	</patrolPathNode>
			<actionDefaultName>	</actionDefaultName>
			<ownModelName>	</ownModelName>
		</properties>
	</entity_31>
	<entity_32>
		<stopLinkStation>	00000000.00000000.00000000.00000000	</stopLinkStation>
		<animation>	</animation>
		<animationEven>	</animationEven>
		<type>	SpawnPoint	</type>
		<transform>
			<row0>	0.865694 -0.041300 0.498861	</row0>
			<row1>	0.020015 0.998647 0.047941	</row1>
			<row2>	-0.500168 -0.031518 0.865351	</row2>
			<row3>	0.327189 91.618851 -68.707649	</row3>
		</transform>
		<clientOnly>	false	</clientOnly>
		<properties>
			<entityName>	20324007	</entityName>
			<rediviousTime>	-1.000000	</rediviousTime>
			<rediviousTotal>	1	</rediviousTotal>
			<randomWalkRange>	3.000000	</randomWalkRange>
			<patrolList>	</patrolList>
			<patrolPathNode>	</patrolPathNode>
			<actionDefaultName>	</actionDefaultName>
			<ownModelName>	</ownModelName>
		</properties>
	</entity_32>
	<entity_33>
		<stopLinkStation>	00000000.00000000.00000000.00000000	</stopLinkStation>
		<animation>	</animation>
		<animationEven>	</animationEven>
		<type>	SpawnPoint	</type>
		<transform>
			<row0>	0.869688 0.004731 0.493573	</row0>
			<row1>	-0.071276 0.990675 0.116093	</row1>
			<row2>	-0.488424 -0.136145 0.861916	</row2>
			<row3>	0.276376 91.081512 -63.464596	</row3>
		</transform>
		<clientOnly>	false	</clientOnly>
		<properties>
			<entityName>	20721753	</entityName>
			<rediviousTime>	-1.000000	</rediviousTime>
			<rediviousTotal>	1	</rediviousTotal>
			<randomWalkRange>	3.000000	</randomWalkRange>
			<patrolList>	</patrolList>
			<patrolPathNode>	</patrolPathNode>
			<actionDefaultName>	</actionDefaultName>
			<ownModelName>	</ownModelName>
		</properties>
	</entity_33>
	<entity_34>
		<stopLinkStation>	00000000.00000000.00000000.00000000	</stopLinkStation>
		<animation>	</animation>
		<animationEven>	</animationEven>
		<type>	SpawnPoint	</type>
		<transform>
			<row0>	0.253801 -0.008522 -0.967207	</row0>
			<row1>	-0.097534 0.994632 -0.034356	</row1>
			<row2>	0.962316 0.103058 0.251611	</row2>
			<row3>	84.125320 107.141808 -20.890846	</row3>
		</transform>
		<clientOnly>	false	</clientOnly>
		<properties>
			<entityName>	20751230	</entityName>
			<rediviousTime>	-1.000000	</rediviousTime>
			<rediviousTotal>	1	</rediviousTotal>
			<randomWalkRange>	3.000000	</randomWalkRange>
			<patrolList>	</patrolList>
			<patrolPathNode>	</patrolPathNode>
			<actionDefaultName>	</actionDefaultName>
			<ownModelName>	</ownModelName>
		</properties>
	</entity_34>
	<entity_35>
		<stopLinkStation>	00000000.00000000.00000000.00000000	</stopLinkStation>
		<animation>	</animation>
		<animationEven>	</animationEven>
		<type>	SpawnPoint	</type>
		<transform>
			<row0>	-0.266054 -0.010901 -0.963894	</row0>
			<row1>	-0.027289 0.999616 -0.003772	</row1>
			<row2>	0.963568 0.025299 -0.266250	</row2>
			<row3>	48.089146 35.623650 49.431999	</row3>
		</transform>
		<clientOnly>	false	</clientOnly>
		<properties>
			<entityName>	20117125	</entityName>
			<rediviousTime>	-1.000000	</rediviousTime>
			<rediviousTotal>	1	</rediviousTotal>
			<randomWalkRange>	0.000000	</randomWalkRange>
			<patrolList>	</patrolList>
			<patrolPathNode>	</patrolPathNode>
			<actionDefaultName>	</actionDefaultName>
			<ownModelName>	</ownModelName>
		</properties>
	</entity_35>
	<entity_36>
		<stopLinkStation>	00000000.00000000.00000000.00000000	</stopLinkStation>
		<animation>	</animation>
		<animationEven>	</animationEven>
		<type>	SpawnPoint	</type>
		<transform>
			<row0>	0.912161 0.022425 -0.409204	</row0>
			<row1>	-0.010374 0.999439 0.031640	</row1>
			<row2>	0.409686 -0.024615 0.911884	</row2>
			<row3>	10.852183 138.624191 6.398612	</row3>
		</transform>
		<clientOnly>	false	</clientOnly>
		<properties>
			<entityName>	20751207	</entityName>
			<rediviousTime>	-1.000000	</rediviousTime>
			<rediviousTotal>	1	</rediviousTotal>
			<randomWalkRange>	0.000000	</randomWalkRange>
			<patrolList>	</patrolList>
			<patrolPathNode>	</patrolPathNode>
			<actionDefaultName>	</actionDefaultName>
			<ownModelName>	</ownModelName>
		</properties>
	</entity_36>
	<entity_37>
		<stopLinkStation>	00000000.00000000.00000000.00000000	</stopLinkStation>
		<animation>	</animation>
		<animationEven>	</animationEven>
		<type>	SpawnPoint	</type>
		<transform>
			<row0>	-0.738372 -0.027207 -0.673837	</row0>
			<row1>	-0.043562 0.999019 0.007396	</row1>
			<row2>	0.672976 0.034814 -0.738835	</row2>
			<row3>	53.905087 35.538956 59.348759	</row3>
		</transform>
		<clientOnly>	false	</clientOnly>
		<properties>
			<entityName>	20147010	</entityName>
			<rediviousTime>	-1.000000	</rediviousTime>
			<rediviousTotal>	1	</rediviousTotal>
			<randomWalkRange>	3.000000	</randomWalkRange>
			<patrolList>	</patrolList>
			<patrolPathNode>	</patrolPathNode>
			<actionDefaultName>	</actionDefaultName>
			<ownModelName>	</ownModelName>
		</properties>
	</entity_37>
	<entity_38>
		<stopLinkStation>	00000000.00000000.00000000.00000000	</stopLinkStation>
		<animation>	</animation>
		<animationEven>	</animationEven>
		<type>	QuestBox	</type>
		<transform>
			<row0>	-0.866023 -0.010250 0.499893	</row0>
			<row1>	0.000000 0.999788 0.020501	</row1>
			<row2>	-0.499998 0.017754 -0.865841	</row2>
			<row3>	12.007895 129.182190 9.937402	</row3>
		</transform>
		<clientOnly>	false	</clientOnly>
		<properties>
			<className>	30112311	</className>
			<rediviousTime>	-1.000000	</rediviousTime>
			<patrolPathNode>	</patrolPathNode>
			<actionDefaultName>	</actionDefaultName>
			<ownModelName>	</ownModelName>
		</properties>
	</entity_38>
	<entity_39>
		<stopLinkStation>	00000000.00000000.00000000.00000000	</stopLinkStation>
		<animation>	</animation>
		<animationEven>	</animationEven>
		<type>	SpawnPoint	</type>
		<transform>
			<row0>	-0.613524 -0.044982 -0.788384	</row0>
			<row1>	0.082112 0.989323 -0.120348	</row1>
			<row2>	0.785384 -0.138574 -0.603281	</row2>
			<row3>	88.677246 125.619125 82.247597	</row3>
		</transform>
		<clientOnly>	false	</clientOnly>
		<properties>
			<entityName>	20751192	</entityName>
			<rediviousTime>	-1.000000	</rediviousTime>
			<rediviousTotal>	1	</rediviousTotal>
			<randomWalkRange>	3.000000	</randomWalkRange>
			<patrolList>	</patrolList>
			<patrolPathNode>	</patrolPathNode>
			<actionDefaultName>	</actionDefaultName>
			<ownModelName>	</ownModelName>
		</properties>
	</entity_39>
	<entity_40>
		<stopLinkStation>	00000000.00000000.00000000.00000000	</stopLinkStation>
		<animation>	</animation>
		<animationEven>	</animationEven>
		<type>	SpawnPoint	</type>
		<transform>
			<row0>	0.775193 0.000140 -0.631715	</row0>
			<row1>	-0.000084 0.999993 0.000115	</row1>
			<row2>	0.631714 -0.000034 0.775190	</row2>
			<row3>	16.570524 138.607864 7.520744	</row3>
		</transform>
		<clientOnly>	false	</clientOnly>
		<properties>
			<entityName>	20751206	</entityName>
			<rediviousTime>	-1.000000	</rediviousTime>
			<rediviousTotal>	1	</rediviousTotal>
			<randomWalkRange>	0.000000	</randomWalkRange>
			<patrolList>	</patrolList>
			<patrolPathNode>	</patrolPathNode>
			<actionDefaultName>	</actionDefaultName>
			<ownModelName>	</ownModelName>
		</properties>
	</entity_40>
	<entity_41>
		<stopLinkStation>	00000000.00000000.00000000.00000000	</stopLinkStation>
		<animation>	</animation>
		<animationEven>	</animationEven>
		<type>	SpawnPoint	</type>
		<transform>
			<row0>	-0.986957 -0.037169 0.156605	</row0>
			<row1>	-0.012595 0.987817 0.155085	</row1>
			<row2>	-0.160461 0.151090 -0.975403	</row2>
			<row3>	28.614977 142.877182 47.433701	</row3>
		</transform>
		<clientOnly>	false	</clientOnly>
		<properties>
			<entityName>	20751206	</entityName>
			<rediviousTime>	-1.000000	</rediviousTime>
			<rediviousTotal>	1	</rediviousTotal>
			<randomWalkRange>	0.000000	</randomWalkRange>
			<patrolList>	</patrolList>
			<patrolPathNode>	</patrolPathNode>
			<actionDefaultName>	</actionDefaultName>
			<ownModelName>	</ownModelName>
		</properties>
	</entity_41>
	<entity_42>
		<stopLinkStation>	00000000.00000000.00000000.00000000	</stopLinkStation>
		<animation>	</animation>
		<animationEven>	</animationEven>
		<type>	SpawnPoint	</type>
		<transform>
			<row0>	0.341429 0.000002 -0.939903	</row0>
			<row1>	0.000000 0.999996 0.000000	</row1>
			<row2>	0.939900 -0.000001 0.341430	</row2>
			<row3>	17.182198 129.327621 30.091158	</row3>
		</transform>
		<clientOnly>	false	</clientOnly>
		<properties>
			<entityName>	20254111	</entityName>
			<rediviousTime>	-1.000000	</rediviousTime>
			<rediviousTotal>	1	</rediviousTotal>
			<randomWalkRange>	3.000000	</randomWalkRange>
			<patrolList>	</patrolList>
			<patrolPathNode>	</patrolPathNode>
			<actionDefaultName>	</actionDefaultName>
			<ownModelName>	</ownModelName>
		</properties>
	</entity_42>
	<entity_43>
		<stopLinkStation>	00000000.00000000.00000000.00000000	</stopLinkStation>
		<animation>	</animation>
		<animationEven>	</animationEven>
		<type>	SpawnPoint	</type>
		<transform>
			<row0>	-0.047318 0.017805 -0.998714	</row0>
			<row1>	0.018056 0.999686 0.016967	</row1>
			<row2>	0.998708 -0.017232 -0.047626	</row2>
			<row3>	67.133774 36.699554 39.741009	</row3>
		</transform>
		<clientOnly>	false	</clientOnly>
		<properties>
			<entityName>	20751199	</entityName>
			<rediviousTime>	-1.000000	</rediviousTime>
			<rediviousTotal>	1	</rediviousTotal>
			<randomWalkRange>	3.000000	</randomWalkRange>
			<patrolList>	</patrolList>
			<patrolPathNode>	</patrolPathNode>
			<actionDefaultName>	</actionDefaultName>
			<ownModelName>	</ownModelName>
		</properties>
	</entity_43>
	<entity_44>
		<stopLinkStation>	00000000.00000000.00000000.00000000	</stopLinkStation>
		<animation>	</animation>
		<animationEven>	</animationEven>
		<type>	SpawnPoint	</type>
		<transform>
			<row0>	-0.512848 -0.021528 -0.858205	</row0>
			<row1>	-0.008572 0.999760 -0.019958	</row1>
			<row2>	0.858430 -0.002880 -0.512911	</row2>
			<row3>	45.781040 35.667439 39.084267	</row3>
		</transform>
		<clientOnly>	false	</clientOnly>
		<properties>
			<entityName>	20721758	</entityName>
			<rediviousTime>	-1.000000	</rediviousTime>
			<rediviousTotal>	1	</rediviousTotal>
			<randomWalkRange>	0.000000	</randomWalkRange>
			<patrolList>	</patrolList>
			<patrolPathNode>	</patrolPathNode>
			<actionDefaultName>	</actionDefaultName>
			<ownModelName>	</ownModelName>
		</properties>
	</entity_44>
	<entity_45>
		<stopLinkStation>	00000000.00000000.00000000.00000000	</stopLinkStation>
		<animation>	</animation>
		<animationEven>	</animationEven>
		<type>	SpawnPoint	</type>
		<transform>
			<row0>	-0.629705 0.032245 -0.776160	</row0>
			<row1>	0.104193 0.993613 -0.043254	</row1>
			<row2>	0.769808 -0.108109 -0.629044	</row2>
			<row3>	95.385818 124.670364 68.492805	</row3>
		</transform>
		<clientOnly>	false	</clientOnly>
		<properties>
			<entityName>	20324007	</entityName>
			<rediviousTime>	-1.000000	</rediviousTime>
			<rediviousTotal>	1	</rediviousTotal>
			<randomWalkRange>	3.000000	</randomWalkRange>
			<patrolList>	</patrolList>
			<patrolPathNode>	</patrolPathNode>
			<actionDefaultName>	</actionDefaultName>
			<ownModelName>	</ownModelName>
		</properties>
	</entity_45>
	<entity_46>
		<stopLinkStation>	00000000.00000000.00000000.00000000	</stopLinkStation>
		<animation>	</animation>
		<animationEven>	</animationEven>
		<type>	QuestBox	</type>
		<transform>
			<row0>	-0.999997 -0.000001 0.000000	</row0>
			<row1>	0.000000 0.999999 -0.000205	</row1>
			<row2>	0.000000 -0.000206 -0.999997	</row2>
			<row3>	33.677055 129.139954 12.372624	</row3>
		</transform>
		<clientOnly>	false	</clientOnly>
		<properties>
			<className>	30112309	</className>
			<rediviousTime>	-1.000000	</rediviousTime>
			<patrolPathNode>	</patrolPathNode>
			<actionDefaultName>	</actionDefaultName>
			<ownModelName>	</ownModelName>
		</properties>
	</entity_46>
	<entity_47>
		<stopLinkStation>	00000000.00000000.00000000.00000000	</stopLinkStation>
		<animation>	</animation>
		<animationEven>	</animationEven>
		<type>	SpawnPoint	</type>
		<transform>
			<row0>	-0.269041 0.083494 -0.959498	</row0>
			<row1>	0.131665 0.990066 0.049235	</row1>
			<row2>	0.954080 -0.113087 -0.277364	</row2>
			<row3>	43.195042 36.029285 36.820641	</row3>
		</transform>
		<clientOnly>	false	</clientOnly>
		<properties>
			<entityName>	20117125	</entityName>
			<rediviousTime>	-1.000000	</rediviousTime>
			<rediviousTotal>	1	</rediviousTotal>
			<randomWalkRange>	0.000000	</randomWalkRange>
			<patrolList>	</patrolList>
			<patrolPathNode>	</patrolPathNode>
			<actionDefaultName>	</actionDefaultName>
			<ownModelName>	</ownModelName>
		</properties>
	</entity_47>
	<entity_48>
		<stopLinkStation>	00000000.00000000.00000000.00000000	</stopLinkStation>
		<animation>	</animation>
		<animationEven>	</animationEven>
		<type>	SpawnPoint	</type>
		<transform>
			<row0>	-0.994836 -0.000019 -0.101452	</row0>
			<row1>	0.000000 0.999995 -0.000203	</row1>
			<row2>	0.101451 -0.000202 -0.994833	</row2>
			<row3>	15.394295 139.504410 48.767609	</row3>
		</transform>
		<clientOnly>	false	</clientOnly>
		<properties>
			<entityName>	20751207	</entityName>
			<rediviousTime>	-1.000000	</rediviousTime>
			<rediviousTotal>	1	</rediviousTotal>
			<randomWalkRange>	0.000000	</randomWalkRange>
			<patrolList>	</patrolList>
			<patrolPathNode>	</patrolPathNode>
			<actionDefaultName>	</actionDefaultName>
			<ownModelName>	</ownModelName>
		</properties>
	</entity_48>
	<entity_49>
		<stopLinkStation>	00000000.00000000.00000000.00000000	</stopLinkStation>
		<animation>	</animation>
		<animationEven>	</animationEven>
		<type>	SpawnPoint	</type>
		<transform>
			<row0>	0.000000 0.000000 -0.999994	</row0>
			<row1>	0.000000 0.999995 0.000000	</row1>
			<row2>	0.999991 0.000000 0.000000	</row2>
			<row3>	37.907455 35.744030 47.602383	</row3>
		</transform>
		<clientOnly>	false	</clientOnly>
		<properties>
			<entityName>	20751208	</entityName>
			<rediviousTime>	-1.000000	</rediviousTime>
			<rediviousTotal>	1	</rediviousTotal>
			<randomWalkRange>	3.000000	</randomWalkRange>
			<patrolList>	</patrolList>
			<patrolPathNode>	</patrolPathNode>
			<actionDefaultName>	</actionDefaultName>
			<ownModelName>	</ownModelName>
		</properties>
	</entity_49>
	<entity_50>
		<stopLinkStation>	00000000.00000000.00000000.00000000	</stopLinkStation>
		<animation>	</animation>
		<animationEven>	</animationEven>
		<type>	SpawnPoint	</type>
		<transform>
			<row0>	-0.639032 0.010581 -0.769102	</row0>
			<row1>	0.075953 0.995883 -0.049407	</row1>
			<row2>	0.765414 -0.089990 -0.637204	</row2>
			<row3>	96.423958 124.845612 74.404808	</row3>
		</transform>
		<clientOnly>	false	</clientOnly>
		<properties>
			<entityName>	20324007	</entityName>
			<rediviousTime>	-1.000000	</rediviousTime>
			<rediviousTotal>	1	</rediviousTotal>
			<randomWalkRange>	3.000000	</randomWalkRange>
			<patrolList>	</patrolList>
			<patrolPathNode>	</patrolPathNode>
			<actionDefaultName>	</actionDefaultName>
			<ownModelName>	</ownModelName>
		</properties>
	</entity_50>
	<entity_51>
		<stopLinkStation>	00000000.00000000.00000000.00000000	</stopLinkStation>
		<animation>	</animation>
		<animationEven>	</animationEven>
		<type>	SpawnPoint	</type>
		<transform>
			<row0>	-0.976644 -0.019858 -0.213922	</row0>
			<row1>	-0.019759 0.999797 -0.002605	</row1>
			<row2>	0.213930 0.001682 -0.976840	</row2>
			<row3>	53.101906 36.415264 31.577509	</row3>
		</transform>
		<clientOnly>	false	</clientOnly>
		<properties>
			<entityName>	20147010	</entityName>
			<rediviousTime>	-1.000000	</rediviousTime>
			<rediviousTotal>	1	</rediviousTotal>
			<randomWalkRange>	5.000000	</randomWalkRange>
			<patrolList>	</patrolList>
			<patrolPathNode>	</patrolPathNode>
			<actionDefaultName>	</actionDefaultName>
