<root>
	<entity_1>
		<stopLinkStation>	00000000.00000000.00000000.00000000	</stopLinkStation>
		<animation>	</animation>
		<animationEven>	</animationEven>
		<type>	Flock	</type>
		<transform>
			<row0>	-0.965915 0.000000 0.258815	</row0>
			<row1>	0.000000 0.999990 0.000000	</row1>
			<row2>	-0.258815 0.000000 -0.965915	</row2>
			<row3>	-126.931389 109.756683 37.041714	</row3>
		</transform>
		<clientOnly>	true	</clientOnly>
		<properties>
			<maxFlightTime>	200.000000	</maxFlightTime>
			<modelFile>	creature/he/ty_he_m.model	</modelFile>
			<amount>	3	</amount>
			<modelScale>	1.000000	</modelScale>
			<radius>	30.000000	</radius>
			<approachRadius>	10.000000	</approachRadius>
			<heightClipMin>	-10000000.000000	</heightClipMin>
			<heightClipMax>	10000000.000000	</heightClipMax>
			<yawEnable>	1	</yawEnable>
			<pitchEnable>	1	</pitchEnable>
			<rollEnable>	1	</rollEnable>
			<collisionFraction>	0.500000	</collisionFraction>
			<influenceRadius>	10.000000	</influenceRadius>
			<speed>	0.500000	</speed>
			<stopRadius>	1.000000	</stopRadius>
			<waterHeight>	0.000000	</waterHeight>
			<hardPoint>	</hardPoint>
			<effectID>	</effectID>
			<triggerLoopTime>	12.000000	</triggerLoopTime>
			<actionID>	</actionID>
			<patrolPathNode>	</patrolPathNode>
			<actionDefaultName>	</actionDefaultName>
			<ownModelName>	</ownModelName>
		</properties>
	</entity_1>
	<entity_2>
		<stopLinkStation>	00000000.00000000.00000000.00000000	</stopLinkStation>
		<animation>	</animation>
		<animationEven>	</animationEven>
		<type>	Flock	</type>
		<transform>
			<row0>	0.965914 0.000000 -0.258814	</row0>
			<row1>	0.000000 0.999989 0.000000	</row1>
			<row2>	0.258814 0.000000 0.965914	</row2>
			<row3>	-115.018158 136.069946 135.686859	</row3>
		</transform>
		<clientOnly>	true	</clientOnly>
		<properties>
			<maxFlightTime>	200.000000	</maxFlightTime>
			<modelFile>	creature/he/ty_he_m.model	</modelFile>
			<amount>	4	</amount>
			<modelScale>	1.000000	</modelScale>
			<radius>	30.000000	</radius>
			<approachRadius>	10.000000	</approachRadius>
			<heightClipMin>	-10000000.000000	</heightClipMin>
			<heightClipMax>	10000000.000000	</heightClipMax>
			<yawEnable>	1	</yawEnable>
			<pitchEnable>	1	</pitchEnable>
			<rollEnable>	1	</rollEnable>
			<collisionFraction>	0.500000	</collisionFraction>
			<influenceRadius>	10.000000	</influenceRadius>
			<speed>	0.500000	</speed>
			<stopRadius>	1.000000	</stopRadius>
			<waterHeight>	0.000000	</waterHeight>
			<hardPoint>	</hardPoint>
			<effectID>	</effectID>
			<triggerLoopTime>	12.000000	</triggerLoopTime>
			<actionID>	</actionID>
			<patrolPathNode>	</patrolPathNode>
			<actionDefaultName>	</actionDefaultName>
			<ownModelName>	</ownModelName>
		</properties>
	</entity_2>
	<entity_3>
		<stopLinkStation>	00000000.00000000.00000000.00000000	</stopLinkStation>
		<animation>	</animation>
		<animationEven>	</animationEven>
		<type>	Flock	</type>
		<transform>
			<row0>	0.707098 0.000000 -0.707095	</row0>
			<row1>	0.000000 0.999988 0.000000	</row1>
			<row2>	0.707095 0.000000 0.707098	</row2>
			<row3>	-28.019600 117.681305 -111.442841	</row3>
		</transform>
		<clientOnly>	true	</clientOnly>
		<properties>
			<maxFlightTime>	200.000000	</maxFlightTime>
			<modelFile>	creature/he/ty_he_m.model	</modelFile>
			<amount>	3	</amount>
			<modelScale>	1.000000	</modelScale>
			<radius>	30.000000	</radius>
			<approachRadius>	10.000000	</approachRadius>
			<heightClipMin>	-10000000.000000	</heightClipMin>
			<heightClipMax>	10000000.000000	</heightClipMax>
			<yawEnable>	1	</yawEnable>
			<pitchEnable>	1	</pitchEnable>
			<rollEnable>	1	</rollEnable>
			<collisionFraction>	0.500000	</collisionFraction>
			<influenceRadius>	10.000000	</influenceRadius>
			<speed>	0.500000	</speed>
			<stopRadius>	1.000000	</stopRadius>
			<waterHeight>	0.000000	</waterHeight>
			<hardPoint>	</hardPoint>
			<effectID>	</effectID>
			<triggerLoopTime>	12.000000	</triggerLoopTime>
			<actionID>	</actionID>
			<patrolPathNode>	</patrolPathNode>
			<actionDefaultName>	</actionDefaultName>
			<ownModelName>	</ownModelName>
		</properties>
	</entity_3>
	<entity_4>
		<stopLinkStation>	00000000.00000000.00000000.00000000	</stopLinkStation>
		<animation>	</animation>
		<animationEven>	</animationEven>
		<type>	Flock	</type>
		<transform>
			<row0>	-0.866011 0.000000 -0.499993	</row0>
			<row1>	0.000000 0.999987 0.000000	</row1>
			<row2>	0.499993 0.000000 -0.866011	</row2>
			<row3>	-47.966579 143.449020 -7.097023	</row3>
		</transform>
		<clientOnly>	true	</clientOnly>
		<properties>
			<maxFlightTime>	200.000000	</maxFlightTime>
			<modelFile>	creature/he/ty_he_m.model	</modelFile>
			<amount>	4	</amount>
			<modelScale>	1.000000	</modelScale>
			<radius>	30.000000	</radius>
			<approachRadius>	10.000000	</approachRadius>
			<heightClipMin>	-10000000.000000	</heightClipMin>
			<heightClipMax>	10000000.000000	</heightClipMax>
			<yawEnable>	1	</yawEnable>
			<pitchEnable>	1	</pitchEnable>
			<rollEnable>	1	</rollEnable>
			<collisionFraction>	0.500000	</collisionFraction>
			<influenceRadius>	10.000000	</influenceRadius>
			<speed>	0.500000	</speed>
			<stopRadius>	1.000000	</stopRadius>
			<waterHeight>	0.000000	</waterHeight>
			<hardPoint>	</hardPoint>
			<effectID>	</effectID>
			<triggerLoopTime>	12.000000	</triggerLoopTime>
			<actionID>	</actionID>
			<patrolPathNode>	</patrolPathNode>
			<actionDefaultName>	</actionDefaultName>
			<ownModelName>	</ownModelName>
		</properties>
	</entity_4>
	<entity_5>
		<stopLinkStation>	00000000.00000000.00000000.00000000	</stopLinkStation>
		<animation>	</animation>
		<animationEven>	</animationEven>
		<type>	Flock	</type>
		<transform>
			<row0>	0.866018 0.002184 -0.499993	</row0>
			<row1>	-0.000500 0.999987 0.003502	</row1>
			<row2>	0.499997 -0.002783 0.866014	</row2>
			<row3>	-60.941574 111.267212 -58.853451	</row3>
		</transform>
		<clientOnly>	true	</clientOnly>
		<properties>
			<maxFlightTime>	200.000000	</maxFlightTime>
			<modelFile>	space/tong_yong/dong_wu/dong_wu/ty_hu_die_004.model	</modelFile>
			<amount>	4	</amount>
			<modelScale>	1.000000	</modelScale>
			<radius>	3.000000	</radius>
			<approachRadius>	4.000000	</approachRadius>
			<heightClipMin>	-10000000.000000	</heightClipMin>
			<heightClipMax>	10000000.000000	</heightClipMax>
			<yawEnable>	1	</yawEnable>
			<pitchEnable>	1	</pitchEnable>
			<rollEnable>	1	</rollEnable>
			<collisionFraction>	10.000000	</collisionFraction>
			<influenceRadius>	1.000000	</influenceRadius>
			<speed>	0.030000	</speed>
			<stopRadius>	1.000000	</stopRadius>
			<waterHeight>	0.000000	</waterHeight>
			<hardPoint>	</hardPoint>
			<effectID>	</effectID>
			<triggerLoopTime>	12.000000	</triggerLoopTime>
			<actionID>	</actionID>
			<patrolPathNode>	</patrolPathNode>
			<actionDefaultName>	</actionDefaultName>
			<ownModelName>	</ownModelName>
		</properties>
	</entity_5>
	<entity_6>
		<stopLinkStation>	00000000.00000000.00000000.00000000	</stopLinkStation>
		<animation>	</animation>
		<animationEven>	</animationEven>
		<type>	Flock	</type>
		<transform>
			<row0>	0.999994 0.000000 0.000000	</row0>
			<row1>	0.000000 0.999995 0.000000	</row1>
			<row2>	0.000000 0.000000 0.999994	</row2>
			<row3>	-80.365410 110.671295 -62.865791	</row3>
		</transform>
		<clientOnly>	true	</clientOnly>
		<properties>
			<maxFlightTime>	200.000000	</maxFlightTime>
			<modelFile>	space/tong_yong/dong_wu/dong_wu/ty_hu_die_001.model	</modelFile>
			<amount>	2	</amount>
			<modelScale>	1.000000	</modelScale>
			<radius>	4.000000	</radius>
			<approachRadius>	5.000000	</approachRadius>
			<heightClipMin>	-10000000.000000	</heightClipMin>
			<heightClipMax>	10000000.000000	</heightClipMax>
			<yawEnable>	1	</yawEnable>
			<pitchEnable>	1	</pitchEnable>
			<rollEnable>	1	</rollEnable>
			<collisionFraction>	10.000000	</collisionFraction>
			<influenceRadius>	1.000000	</influenceRadius>
			<speed>	0.030000	</speed>
			<stopRadius>	1.000000	</stopRadius>
			<waterHeight>	0.000000	</waterHeight>
			<hardPoint>	</hardPoint>
			<effectID>	</effectID>
			<triggerLoopTime>	12.000000	</triggerLoopTime>
			<actionID>	</actionID>
			<patrolPathNode>	</patrolPathNode>
			<actionDefaultName>	</actionDefaultName>
			<ownModelName>	</ownModelName>
		</properties>
	</entity_6>
	<entity_7>
		<stopLinkStation>	00000000.00000000.00000000.00000000	</stopLinkStation>
		<animation>	</animation>
		<animationEven>	</animationEven>
		<type>	Flock	</type>
		<transform>
			<row0>	0.866020 0.002184 -0.499993	</row0>
			<row1>	-0.000500 0.999989 0.003502	</row1>
			<row2>	0.499998 -0.002783 0.866015	</row2>
			<row3>	-59.471851 110.920975 -80.808632	</row3>
		</transform>
		<clientOnly>	true	</clientOnly>
		<properties>
			<maxFlightTime>	200.000000	</maxFlightTime>
			<modelFile>	space/tong_yong/dong_wu/dong_wu/ty_hu_die_002.model	</modelFile>
			<amount>	4	</amount>
			<modelScale>	1.000000	</modelScale>
			<radius>	4.000000	</radius>
			<approachRadius>	10.000000	</approachRadius>
			<heightClipMin>	-10000000.000000	</heightClipMin>
			<heightClipMax>	10000000.000000	</heightClipMax>
			<yawEnable>	1	</yawEnable>
			<pitchEnable>	1	</pitchEnable>
			<rollEnable>	1	</rollEnable>
			<collisionFraction>	10.000000	</collisionFraction>
			<influenceRadius>	1.000000	</influenceRadius>
			<speed>	0.030000	</speed>
			<stopRadius>	1.000000	</stopRadius>
			<waterHeight>	0.000000	</waterHeight>
			<hardPoint>	</hardPoint>
			<effectID>	</effectID>
			<triggerLoopTime>	12.000000	</triggerLoopTime>
			<actionID>	</actionID>
			<patrolPathNode>	</patrolPathNode>
			<actionDefaultName>	</actionDefaultName>
			<ownModelName>	</ownModelName>
		</properties>
	</entity_7>
	<entity_8>
		<stopLinkStation>	00000000.00000000.00000000.00000000	</stopLinkStation>
		<animation>	</animation>
		<animationEven>	</animationEven>
		<type>	MonsterSpawnPoint	</type>
		<transform>
			<row0>	0.999957 -0.008655 0.001381	</row0>
			<row1>	0.008655 0.999958 -0.000854	</row1>
			<row2>	-0.001373 0.000866 0.999994	</row2>
			<row3>	-72.754730 108.764297 -61.479725	</row3>
		</transform>
		<clientOnly>	false	</clientOnly>
		<properties>
			<entityName>	20641267	</entityName>
			<rediviousTime>	-1.000000	</rediviousTime>
			<rediviousTotal>	1	</rediviousTotal>
			<randomWalkRange>	0.000000	</randomWalkRange>
			<patrolList>	</patrolList>
			<lineNumber>	0	</lineNumber>
			<patrolPathNode>	</patrolPathNode>
			<actionDefaultName>	</actionDefaultName>
			<ownModelName>	</ownModelName>
		</properties>
	</entity_8>
	<entity_9>
		<stopLinkStation>	00000000.00000000.00000000.00000000	</stopLinkStation>
		<animation>	</animation>
		<animationEven>	</animationEven>
		<type>	MonsterSpawnPoint	</type>
		<transform>
			<row0>	0.999985 -0.004455 0.001377	</row0>
			<row1>	0.004455 0.999985 -0.000853	</row1>
			<row2>	-0.001373 0.000859 0.999994	</row2>
			<row3>	-69.916519 108.749008 -60.847969	</row3>
		</transform>
		<clientOnly>	false	</clientOnly>
		<properties>
			<entityName>	20641267	</entityName>
			<rediviousTime>	-1.000000	</rediviousTime>
			<rediviousTotal>	1	</rediviousTotal>
			<randomWalkRange>	0.000000	</randomWalkRange>
			<patrolList>	</patrolList>
			<lineNumber>	0	</lineNumber>
			<patrolPathNode>	</patrolPathNode>
			<actionDefaultName>	</actionDefaultName>
			<ownModelName>	</ownModelName>
		</properties>
	</entity_9>
	<entity_10>
		<stopLinkStation>	00000000.00000000.00000000.00000000	</stopLinkStation>
		<animation>	</animation>
		<animationEven>	</animationEven>
		<type>	MonsterSpawnPoint	</type>
		<transform>
			<row0>	0.999994 0.001524 0.001379	</row0>
			<row1>	-0.001528 0.999993 0.001508	</row1>
			<row2>	-0.001376 -0.001510 0.999993	</row2>
			<row3>	-67.194672 108.743172 -60.519730	</row3>
		</transform>
		<clientOnly>	false	</clientOnly>
		<properties>
			<entityName>	20641267	</entityName>
			<rediviousTime>	-1.000000	</rediviousTime>
			<rediviousTotal>	1	</rediviousTotal>
			<randomWalkRange>	0.000000	</randomWalkRange>
			<patrolList>	</patrolList>
			<lineNumber>	0	</lineNumber>
			<patrolPathNode>	</patrolPathNode>
			<actionDefaultName>	</actionDefaultName>
			<ownModelName>	</ownModelName>
		</properties>
	</entity_10>
	<entity_11>
		<stopLinkStation>	00000000.00000000.00000000.00000000	</stopLinkStation>
		<animation>	</animation>
		<animationEven>	</animationEven>
		<type>	MonsterSpawnPoint	</type>
		<transform>
			<row0>	0.999958 -0.008658 0.001376	</row0>
			<row1>	0.008657 0.999957 -0.000853	</row1>
			<row2>	-0.001368 0.000865 0.999994	</row2>
			<row3>	-72.296356 108.758591 -63.559814	</row3>
		</transform>
		<clientOnly>	false	</clientOnly>
		<properties>
			<entityName>	20641268	</entityName>
			<rediviousTime>	-1.000000	</rediviousTime>
			<rediviousTotal>	1	</rediviousTotal>
			<randomWalkRange>	0.000000	</randomWalkRange>
			<patrolList>	</patrolList>
			<lineNumber>	0	</lineNumber>
			<patrolPathNode>	</patrolPathNode>
			<actionDefaultName>	</actionDefaultName>
			<ownModelName>	</ownModelName>
		</properties>
	</entity_11>
	<entity_12>
		<stopLinkStation>	00000000.00000000.00000000.00000000	</stopLinkStation>
		<animation>	</animation>
		<animationEven>	</animationEven>
		<type>	MonsterSpawnPoint	</type>
		<transform>
			<row0>	0.999993 -0.002109 0.001378	</row0>
			<row1>	0.002105 0.999991 0.001510	</row1>
			<row2>	-0.001381 -0.001507 0.999993	</row2>
			<row3>	-69.870972 108.749985 -63.237045	</row3>
		</transform>
		<clientOnly>	false	</clientOnly>
		<properties>
			<entityName>	20641268	</entityName>
			<rediviousTime>	-1.000000	</rediviousTime>
			<rediviousTotal>	1	</rediviousTotal>
			<randomWalkRange>	0.000000	</randomWalkRange>
			<patrolList>	</patrolList>
			<lineNumber>	0	</lineNumber>
			<patrolPathNode>	</patrolPathNode>
			<actionDefaultName>	</actionDefaultName>
			<ownModelName>	</ownModelName>
		</properties>
	</entity_12>
	<entity_13>
		<stopLinkStation>	00000000.00000000.00000000.00000000	</stopLinkStation>
		<animation>	</animation>
		<animationEven>	</animationEven>
		<type>	MonsterSpawnPoint	</type>
		<transform>
			<row0>	0.999994 0.001545 0.001384	</row0>
			<row1>	-0.001549 0.999992 0.001507	</row1>
			<row2>	-0.001381 -0.001509 0.999993	</row2>
			<row3>	-66.770851 108.747063 -62.673920	</row3>
		</transform>
		<clientOnly>	false	</clientOnly>
		<properties>
			<entityName>	20641268	</entityName>
			<rediviousTime>	-1.000000	</rediviousTime>
			<rediviousTotal>	1	</rediviousTotal>
			<randomWalkRange>	0.000000	</randomWalkRange>
			<patrolList>	</patrolList>
			<lineNumber>	0	</lineNumber>
			<patrolPathNode>	</patrolPathNode>
			<actionDefaultName>	</actionDefaultName>
			<ownModelName>	</ownModelName>
		</properties>
	</entity_13>
	<entity_14>
		<stopLinkStation>	00000000.00000000.00000000.00000000	</stopLinkStation>
		<animation>	</animation>
		<animationEven>	</animationEven>
		<type>	MonsterSpawnPoint	</type>
		<transform>
			<row0>	0.994942 -0.098810 -0.017849	</row0>
			<row1>	0.098437 0.924844 0.367372	</row1>
			<row2>	-0.019792 -0.367273 0.929897	</row2>
			<row3>	-76.686478 123.468903 -84.488876	</row3>
		</transform>
		<clientOnly>	false	</clientOnly>
		<properties>
			<entityName>	20641269	</entityName>
			<rediviousTime>	-1.000000	</rediviousTime>
			<rediviousTotal>	1	</rediviousTotal>
			<randomWalkRange>	0.000000	</randomWalkRange>
			<patrolList>	</patrolList>
			<lineNumber>	0	</lineNumber>
			<patrolPathNode>	</patrolPathNode>
			<actionDefaultName>	</actionDefaultName>
			<ownModelName>	</ownModelName>
		</properties>
	</entity_14>
	<entity_15>
		<stopLinkStation>	00000000.00000000.00000000.00000000	</stopLinkStation>
		<animation>	</animation>
		<animationEven>	</animationEven>
		<type>	MonsterSpawnPoint	</type>
		<transform>
			<row0>	0.994976 -0.098493 -0.017723	</row0>
			<row1>	0.098096 0.924861 0.367420	</row1>
			<row2>	-0.019796 -0.367315 0.929880	</row2>
			<row3>	-73.795433 123.342224 -84.944611	</row3>
		</transform>
		<clientOnly>	false	</clientOnly>
		<properties>
			<entityName>	20641269	</entityName>
			<rediviousTime>	-1.000000	</rediviousTime>
			<rediviousTotal>	1	</rediviousTotal>
			<randomWalkRange>	0.000000	</randomWalkRange>
			<patrolList>	</patrolList>
			<lineNumber>	0	</lineNumber>
			<patrolPathNode>	</patrolPathNode>
			<actionDefaultName>	</actionDefaultName>
			<ownModelName>	</ownModelName>
		</properties>
	</entity_15>
	<entity_16>
		<stopLinkStation>	00000000.00000000.00000000.00000000	</stopLinkStation>
		<animation>	</animation>
		<animationEven>	</animationEven>
		<type>	MonsterSpawnPoint	</type>
		<transform>
			<row0>	0.994942 -0.098810 -0.017849	</row0>
			<row1>	0.098437 0.924844 0.367372	</row1>
			<row2>	-0.019792 -0.367273 0.929897	</row2>
			<row3>	-71.140305 123.434280 -85.887802	</row3>
		</transform>
		<clientOnly>	false	</clientOnly>
		<properties>
			<entityName>	20641269	</entityName>
			<rediviousTime>	-1.000000	</rediviousTime>
			<rediviousTotal>	1	</rediviousTotal>
			<randomWalkRange>	0.000000	</randomWalkRange>
			<patrolList>	</patrolList>
			<lineNumber>	0	</lineNumber>
			<patrolPathNode>	</patrolPathNode>
			<actionDefaultName>	</actionDefaultName>
			<ownModelName>	</ownModelName>
		</properties>
	</entity_16>
	<entity_17>
		<stopLinkStation>	00000000.00000000.00000000.00000000	</stopLinkStation>
		<animation>	</animation>
		<animationEven>	</animationEven>
		<type>	MonsterSpawnPoint	</type>
		<transform>
			<row0>	0.994942 -0.098810 -0.017849	</row0>
			<row1>	0.098437 0.924844 0.367372	</row1>
			<row2>	-0.019792 -0.367273 0.929897	</row2>
			<row3>	-76.632713 124.219955 -86.394028	</row3>
		</transform>
		<clientOnly>	false	</clientOnly>
		<properties>
			<entityName>	20641274	</entityName>
			<rediviousTime>	-1.000000	</rediviousTime>
			<rediviousTotal>	1	</rediviousTotal>
			<randomWalkRange>	0.000000	</randomWalkRange>
			<patrolList>	</patrolList>
			<lineNumber>	0	</lineNumber>
			<patrolPathNode>	</patrolPathNode>
			<actionDefaultName>	</actionDefaultName>
			<ownModelName>	</ownModelName>
		</properties>
	</entity_17>
	<entity_18>
		<stopLinkStation>	00000000.00000000.00000000.00000000	</stopLinkStation>
		<animation>	</animation>
		<animationEven>	</animationEven>
		<type>	MonsterSpawnPoint	</type>
		<transform>
			<row0>	0.994942 -0.098810 -0.017849	</row0>
			<row1>	0.098437 0.924844 0.367372	</row1>
			<row2>	-0.019792 -0.367273 0.929897	</row2>
			<row3>	-73.928497 124.069885 -86.740799	</row3>
		</transform>
		<clientOnly>	false	</clientOnly>
		<properties>
			<entityName>	20641274	</entityName>
			<rediviousTime>	-1.000000	</rediviousTime>
			<rediviousTotal>	1	</rediviousTotal>
			<randomWalkRange>	0.000000	</randomWalkRange>
			<patrolList>	</patrolList>
			<lineNumber>	0	</lineNumber>
			<patrolPathNode>	</patrolPathNode>
			<actionDefaultName>	</actionDefaultName>
			<ownModelName>	</ownModelName>
		</properties>
	</entity_18>
	<entity_19>
		<stopLinkStation>	00000000.00000000.00000000.00000000	</stopLinkStation>
		<animation>	</animation>
		<animationEven>	</animationEven>
		<type>	MonsterSpawnPoint	</type>
		<transform>
			<row0>	0.994942 -0.098810 -0.017849	</row0>
			<row1>	0.098437 0.924844 0.367372	</row1>
			<row2>	-0.019792 -0.367273 0.929897	</row2>
			<row3>	-71.289284 123.899574 -87.019234	</row3>
		</transform>
		<clientOnly>	false	</clientOnly>
		<properties>
			<entityName>	20641274	</entityName>
			<rediviousTime>	-1.000000	</rediviousTime>
			<rediviousTotal>	1	</rediviousTotal>
			<randomWalkRange>	0.000000	</randomWalkRange>
			<patrolList>	</patrolList>
			<lineNumber>	0	</lineNumber>
			<patrolPathNode>	</patrolPathNode>
			<actionDefaultName>	</actionDefaultName>
			<ownModelName>	</ownModelName>
		</properties>
	</entity_19>
	<entity_20>
		<stopLinkStation>	00000000.00000000.00000000.00000000	</stopLinkStation>
		<animation>	</animation>
		<animationEven>	</animationEven>
		<type>	NPCSpawnPoint	</type>
		<transform>
			<row0>	0.999998 -0.002114 0.000008	</row0>
			<row1>	0.002114 0.999967 -0.007832	</row1>
			<row2>	0.000008 0.007832 0.999969	</row2>
			<row3>	-69.546440 108.745575 -64.622574	</row3>
		</transform>
		<clientOnly>	false	</clientOnly>
		<properties>
			<entityName>	20651293	</entityName>
			<rediviousTime>	-1.000000	</rediviousTime>
			<rediviousTotal>	1	</rediviousTotal>
			<randomWalkRange>	0.000000	</randomWalkRange>
			<patrolList>	</patrolList>
			<lineNumber>	0	</lineNumber>
			<patrolPathNode>	</patrolPathNode>
			<actionDefaultName>	</actionDefaultName>
			<ownModelName>	</ownModelName>
		</properties>
	</entity_20>
	<entity_21>
		<stopLinkStation>	00000000.00000000.00000000.00000000	</stopLinkStation>
		<animation>	</animation>
		<animationEven>	</animationEven>
		<type>	Flock	</type>
		<transform>
			<row0>	-0.866016 0.000000 -0.499996	</row0>
			<row1>	0.000000 0.999991 0.000000	</row1>
			<row2>	0.499996 0.000000 -0.866016	</row2>
			<row3>	-25.302795 120.122536 89.174965	</row3>
		</transform>
		<clientOnly>	true	</clientOnly>
		<properties>
			<maxFlightTime>	200.000000	</maxFlightTime>
			<modelFile>	creature/he/ty_he_m.model	</modelFile>
			<amount>	2	</amount>
			<modelScale>	1.000000	</modelScale>
			<radius>	30.000000	</radius>
			<approachRadius>	10.000000	</approachRadius>
			<heightClipMin>	-10000000.000000	</heightClipMin>
			<heightClipMax>	10000000.000000	</heightClipMax>
			<yawEnable>	1	</yawEnable>
			<pitchEnable>	1	</pitchEnable>
			<rollEnable>	1	</rollEnable>
			<collisionFraction>	0.500000	</collisionFraction>
			<influenceRadius>	10.000000	</influenceRadius>
			<speed>	0.500000	</speed>
			<stopRadius>	1.000000	</stopRadius>
			<waterHeight>	0.000000	</waterHeight>
			<hardPoint>	</hardPoint>
			<effectID>	</effectID>
			<triggerLoopTime>	12.000000	</triggerLoopTime>
			<actionID>	</actionID>
			<patrolPathNode>	</patrolPathNode>
			<actionDefaultName>	</actionDefaultName>
			<ownModelName>	</ownModelName>
		</properties>
	</entity_21>
	<entity_22>
		<stopLinkStation>	00000000.00000000.00000000.00000000	</stopLinkStation>
		<animation>	</animation>
		<animationEven>	</animationEven>
		<type>	Flock	</type>
		<transform>
			<row0>	0.707102 0.000000 0.707102	</row0>
			<row1>	0.000000 0.999995 0.000000	</row1>
			<row2>	-0.707102 0.000000 0.707102	</row2>
			<row3>	-27.282356 98.072563 32.313412	</row3>
		</transform>
		<clientOnly>	true	</clientOnly>
		<properties>
			<maxFlightTime>	200.000000	</maxFlightTime>
			<modelFile>	space/tong_yong/dong_wu/dong_wu/ty_hu_die_001.model	</modelFile>
			<amount>	2	</amount>
			<modelScale>	1.000000	</modelScale>
			<radius>	4.000000	</radius>
			<approachRadius>	5.000000	</approachRadius>
			<heightClipMin>	-10000000.000000	</heightClipMin>
			<heightClipMax>	10000000.000000	</heightClipMax>
			<yawEnable>	1	</yawEnable>
			<pitchEnable>	1	</pitchEnable>
			<rollEnable>	1	</rollEnable>
			<collisionFraction>	10.000000	</collisionFraction>
			<influenceRadius>	1.000000	</influenceRadius>
			<speed>	0.030000	</speed>
			<stopRadius>	1.000000	</stopRadius>
			<waterHeight>	0.000000	</waterHeight>
			<hardPoint>	</hardPoint>
			<effectID>	</effectID>
			<triggerLoopTime>	12.000000	</triggerLoopTime>
			<actionID>	</actionID>
			<patrolPathNode>	</patrolPathNode>
			<actionDefaultName>	</actionDefaultName>
			<ownModelName>	</ownModelName>
		</properties>
	</entity_22>
	<entity_23>
		<stopLinkStation>	00000000.00000000.00000000.00000000	</stopLinkStation>
		<animation>	</animation>
		<animationEven>	</animationEven>
		<type>	Flock	</type>
		<transform>
			<row0>	0.258816 0.003512 -0.965913	</row0>
			<row1>	-0.000500 0.999987 0.003502	</row1>
			<row2>	0.965919 -0.000424 0.258817	</row2>
			<row3>	-65.438507 93.836609 38.984230	</row3>
		</transform>
		<clientOnly>	true	</clientOnly>
		<properties>
			<maxFlightTime>	200.000000	</maxFlightTime>
			<modelFile>	space/tong_yong/dong_wu/dong_wu/ty_hu_die_004.model	</modelFile>
			<amount>	4	</amount>
			<modelScale>	1.000000	</modelScale>
			<radius>	3.000000	</radius>
			<approachRadius>	4.000000	</approachRadius>
			<heightClipMin>	-10000000.000000	</heightClipMin>
			<heightClipMax>	10000000.000000	</heightClipMax>
			<yawEnable>	1	</yawEnable>
			<pitchEnable>	1	</pitchEnable>
			<rollEnable>	1	</rollEnable>
			<collisionFraction>	10.000000	</collisionFraction>
			<influenceRadius>	1.000000	</influenceRadius>
			<speed>	0.030000	</speed>
			<stopRadius>	1.000000	</stopRadius>
			<waterHeight>	0.000000	</waterHeight>
			<hardPoint>	</hardPoint>
			<effectID>	</effectID>
			<triggerLoopTime>	12.000000	</triggerLoopTime>
			<actionID>	</actionID>
			<patrolPathNode>	</patrolPathNode>
			<actionDefaultName>	</actionDefaultName>
			<ownModelName>	</ownModelName>
		</properties>
	</entity_23>
	<entity_24>
		<stopLinkStation>	00000000.00000000.00000000.00000000	</stopLinkStation>
		<animation>	</animation>
		<animationEven>	</animationEven>
		<type>	Flock	</type>
		<transform>
			<row0>	-0.999992 -0.000500 -0.000001	</row0>
			<row1>	-0.000500 0.999987 0.003502	</row1>
			<row2>	0.000000 0.003501 -0.999986	</row2>
			<row3>	-26.514008 96.052010 47.954826	</row3>
		</transform>
		<clientOnly>	true	</clientOnly>
		<properties>
			<maxFlightTime>	200.000000	</maxFlightTime>
			<modelFile>	space/tong_yong/dong_wu/dong_wu/ty_hu_die_004.model	</modelFile>
			<amount>	4	</amount>
			<modelScale>	1.000000	</modelScale>
			<radius>	3.000000	</radius>
			<approachRadius>	4.000000	</approachRadius>
			<heightClipMin>	-10000000.000000	</heightClipMin>
			<heightClipMax>	10000000.000000	</heightClipMax>
			<yawEnable>	1	</yawEnable>
			<pitchEnable>	1	</pitchEnable>
			<rollEnable>	1	</rollEnable>
			<collisionFraction>	10.000000	</collisionFraction>
			<influenceRadius>	1.000000	</influenceRadius>
			<speed>	0.030000	</speed>
			<stopRadius>	1.000000	</stopRadius>
			<waterHeight>	0.000000	</waterHeight>
			<hardPoint>	</hardPoint>
			<effectID>	</effectID>
			<triggerLoopTime>	12.000000	</triggerLoopTime>
			<actionID>	</actionID>
			<patrolPathNode>	</patrolPathNode>
			<actionDefaultName>	</actionDefaultName>
			<ownModelName>	</ownModelName>
		</properties>
	</entity_24>
	<entity_25>
		<stopLinkStation>	00000000.00000000.00000000.00000000	</stopLinkStation>
		<animation>	</animation>
		<animationEven>	</animationEven>
		<type>	MonsterSpawnPoint	</type>
		<transform>
			<row0>	0.707332 -0.019600 0.706604	</row0>
			<row1>	-0.143060 0.974958 0.170249	</row1>
			<row2>	-0.692248 -0.221510 0.686818	</row2>
			<row3>	-9.954155 91.837181 80.277664	</row3>
		</transform>
		<clientOnly>	false	</clientOnly>
		<properties>
			<entityName>	20641275	</entityName>
			<rediviousTime>	-1.000000	</rediviousTime>
			<rediviousTotal>	1	</rediviousTotal>
			<randomWalkRange>	0.000000	</randomWalkRange>
			<patrolList>	</patrolList>
			<lineNumber>	0	</lineNumber>
			<patrolPathNode>	</patrolPathNode>
			<actionDefaultName>	</actionDefaultName>
			<ownModelName>	</ownModelName>
		</properties>
	</entity_25>
	<entity_26>
		<stopLinkStation>	00000000.00000000.00000000.00000000	</stopLinkStation>
		<animation>	</animation>
		<animationEven>	</animationEven>
		<type>	MonsterSpawnPoint	</type>
		<transform>
			<row0>	0.862397 0.038399 0.504765	</row0>
			<row1>	-0.143060 0.974957 0.170249	</row1>
			<row2>	-0.485589 -0.219035 0.846297	</row2>
			<row3>	-11.706642 91.884247 78.672295	</row3>
		</transform>
		<clientOnly>	false	</clientOnly>
		<properties>
			<entityName>	20641275	</entityName>
			<rediviousTime>	-1.000000	</rediviousTime>
			<rediviousTotal>	1	</rediviousTotal>
			<randomWalkRange>	0.000000	</randomWalkRange>
			<patrolList>	</patrolList>
			<lineNumber>	0	</lineNumber>
			<patrolPathNode>	</patrolPathNode>
			<actionDefaultName>	</actionDefaultName>
			<ownModelName>	</ownModelName>
		</properties>
	</entity_26>
	<entity_27>
		<stopLinkStation>	00000000.00000000.00000000.00000000	</stopLinkStation>
		<animation>	</animation>
		<animationEven>	</animationEven>
		<type>	MonsterSpawnPoint	</type>
		<transform>
			<row0>	0.999945 0.009913 0.001529	</row0>
			<row1>	-0.009929 0.999907 0.008973	</row1>
			<row2>	-0.001439 -0.008987 0.999954	</row2>
			<row3>	-9.941490 96.071304 52.135696	</row3>
		</transform>
		<clientOnly>	false	</clientOnly>
		<properties>
			<entityName>	20641275	</entityName>
			<rediviousTime>	-1.000000	</rediviousTime>
			<rediviousTotal>	1	</rediviousTotal>
			<randomWalkRange>	0.000000	</randomWalkRange>
			<patrolList>	</patrolList>
			<lineNumber>	0	</lineNumber>
			<patrolPathNode>	</patrolPathNode>
			<actionDefaultName>	</actionDefaultName>
			<ownModelName>	</ownModelName>
		</properties>
	</entity_27>
	<entity_28>
		<stopLinkStation>	00000000.00000000.00000000.00000000	</stopLinkStation>
		<animation>	</animation>
		<animationEven>	</animationEven>
		<type>	MonsterSpawnPoint	</type>
		<transform>
			<row0>	0.966188 0.016973 -0.257261	</row0>
			<row1>	-0.012686 0.999748 0.018321	</row1>
			<row2>	0.257509 -0.014438 0.966163	</row2>
			<row3>	-14.134911 96.031906 51.622673	</row3>
		</transform>
		<clientOnly>	false	</clientOnly>
		<properties>
			<entityName>	20641275	</entityName>
			<rediviousTime>	-1.000000	</rediviousTime>
			<rediviousTotal>	1	</rediviousTotal>
			<randomWalkRange>	0.000000	</randomWalkRange>
			<patrolList>	</patrolList>
			<lineNumber>	0	</lineNumber>
			<patrolPathNode>	</patrolPathNode>
			<actionDefaultName>	</actionDefaultName>
			<ownModelName>	</ownModelName>
		</properties>
	</entity_28>
	<entity_29>
		<stopLinkStation>	00000000.00000000.00000000.00000000	</stopLinkStation>
		<animation>	</animation>
		<animationEven>	</animationEven>
		<type>	MonsterSpawnPoint	</type>
		<transform>
			<row0>	0.999944 0.009909 0.001528	</row0>
			<row1>	-0.009926 0.999897 0.009978	</row1>
			<row2>	-0.001428 -0.009993 0.999944	</row2>
			<row3>	-11.842094 96.078537 49.506313	</row3>
		</transform>
		<clientOnly>	false	</clientOnly>
		<properties>
			<entityName>	20641276	</entityName>
			<rediviousTime>	-1.000000	</rediviousTime>
			<rediviousTotal>	1	</rediviousTotal>
			<randomWalkRange>	0.000000	</randomWalkRange>
			<patrolList>	</patrolList>
			<lineNumber>	0	</lineNumber>
			<patrolPathNode>	</patrolPathNode>
			<actionDefaultName>	</actionDefaultName>
			<ownModelName>	</ownModelName>
		</properties>
	</entity_29>
	<entity_30>
		<stopLinkStation>	00000000.00000000.00000000.00000000	</stopLinkStation>
		<animation>	</animation>
		<animationEven>	</animationEven>
		<type>	MonsterSpawnPoint	</type>
		<transform>
			<row0>	0.501270 -0.001411 -0.865283	</row0>
			<row1>	0.004657 0.999985 0.001070	</row1>
			<row2>	0.865271 -0.004567 0.501271	</row2>
			<row3>	-66.136955 92.469757 30.883717	</row3>
		</transform>
		<clientOnly>	false	</clientOnly>
		<properties>
			<entityName>	20641277	</entityName>
			<rediviousTime>	-1.000000	</rediviousTime>
			<rediviousTotal>	1	</rediviousTotal>
			<randomWalkRange>	0.000000	</randomWalkRange>
			<patrolList>	</patrolList>
			<lineNumber>	0	</lineNumber>
			<patrolPathNode>	</patrolPathNode>
			<actionDefaultName>	</actionDefaultName>
			<ownModelName>	</ownModelName>
		</properties>
	</entity_30>
	<entity_31>
		<stopLinkStation>	00000000.00000000.00000000.00000000	</stopLinkStation>
		<animation>	</animation>
		<animationEven>	</animationEven>
		<type>	MonsterSpawnPoint	</type>
		<transform>
			<row0>	0.501221 -0.008229 -0.865273	</row0>
			<row1>	0.009627 0.999942 -0.003930	</row1>
			<row2>	0.865259 -0.006361 0.501274	</row2>
			<row3>	-64.793121 92.454437 28.967430	</row3>
		</transform>
		<clientOnly>	false	</clientOnly>
		<properties>
			<entityName>	20641277	</entityName>
			<rediviousTime>	-1.000000	</rediviousTime>
			<rediviousTotal>	1	</rediviousTotal>
			<randomWalkRange>	0.000000	</randomWalkRange>
			<patrolList>	</patrolList>
			<lineNumber>	0	</lineNumber>
			<patrolPathNode>	</patrolPathNode>
			<actionDefaultName>	</actionDefaultName>
			<ownModelName>	</ownModelName>
		</properties>
	</entity_31>
	<entity_32>
		<stopLinkStation>	00000000.00000000.00000000.00000000	</stopLinkStation>
		<animation>	</animation>
		<animationEven>	</animationEven>
		<type>	MonsterSpawnPoint	</type>
		<transform>
			<row0>	0.501268 -0.001903 -0.865283	</row0>
			<row1>	0.002300 0.999992 -0.000864	</row1>
			<row2>	0.865282 -0.001557 0.501271	</row2>
			<row3>	-67.670517 92.483826 32.860275	</row3>
		</transform>
		<clientOnly>	false	</clientOnly>
		<properties>
			<entityName>	20641277	</entityName>
			<rediviousTime>	-1.000000	</rediviousTime>
			<rediviousTotal>	1	</rediviousTotal>
			<randomWalkRange>	0.000000	</randomWalkRange>
			<patrolList>	</patrolList>
			<lineNumber>	0	</lineNumber>
			<patrolPathNode>	</patrolPathNode>
			<actionDefaultName>	</actionDefaultName>
			<ownModelName>	</ownModelName>
		</properties>
	</entity_32>
	<entity_33>
		<stopLinkStation>	00000000.00000000.00000000.00000000	</stopLinkStation>
		<animation>	</animation>
		<animationEven>	</animationEven>
		<type>	MonsterSpawnPoint	</type>
		<transform>
			<row0>	0.501279 0.002915 -0.865274	</row0>
			<row1>	0.002298 0.999982 0.004703	</row1>
			<row2>	0.865275 -0.004347 0.501265	</row2>
			<row3>	-69.743263 92.484528 31.307535	</row3>
		</transform>
		<clientOnly>	false	</clientOnly>
		<properties>
			<entityName>	20641278	</entityName>
			<rediviousTime>	-1.000000	</rediviousTime>
			<rediviousTotal>	1	</rediviousTotal>
			<randomWalkRange>	0.000000	</randomWalkRange>
			<patrolList>	</patrolList>
			<lineNumber>	0	</lineNumber>
			<patrolPathNode>	</patrolPathNode>
			<actionDefaultName>	</actionDefaultName>
			<ownModelName>	</ownModelName>
		</properties>
	</entity_33>
	<entity_34>
		<stopLinkStation>	00000000.00000000.00000000.00000000	</stopLinkStation>
		<animation>	</animation>
		<animationEven>	</animationEven>
		<type>	MonsterSpawnPoint	</type>
		<transform>
			<row0>	0.501259 -0.002049 -0.865288	</row0>
			<row1>	0.005916 0.999978 0.001063	</row1>
			<row2>	0.865270 -0.005653 0.501261	</row2>
			<row3>	-68.125443 92.480858 29.312523	</row3>
		</transform>
		<clientOnly>	false	</clientOnly>
		<properties>
			<entityName>	20641278	</entityName>
			<rediviousTime>	-1.000000	</rediviousTime>
			<rediviousTotal>	1	</rediviousTotal>
			<randomWalkRange>	0.000000	</randomWalkRange>
			<patrolList>	</patrolList>
			<lineNumber>	0	</lineNumber>
			<patrolPathNode>	</patrolPathNode>
			<actionDefaultName>	</actionDefaultName>
			<ownModelName>	</ownModelName>
		</properties>
	</entity_34>
	<entity_35>
		<stopLinkStation>	00000000.00000000.00000000.00000000	</stopLinkStation>
		<animation>	</animation>
		<animationEven>	</animationEven>
		<type>	MonsterSpawnPoint	</type>
		<transform>
			<row0>	0.501257 -0.002257 -0.865288	</row0>
			<row1>	0.009626 0.999945 0.002971	</row1>
			<row2>	0.865238 -0.009820 0.501252	</row2>
			<row3>	-66.556740 92.468826 27.591257	</row3>
		</transform>
		<clientOnly>	false	</clientOnly>
		<properties>
			<entityName>	20641278	</entityName>
			<rediviousTime>	-1.000000	</rediviousTime>
			<rediviousTotal>	1	</rediviousTotal>
			<randomWalkRange>	0.000000	</randomWalkRange>
			<patrolList>	</patrolList>
			<lineNumber>	0	</lineNumber>
			<patrolPathNode>	</patrolPathNode>
			<actionDefaultName>	</actionDefaultName>
			<ownModelName>	</ownModelName>
		</properties>
	</entity_35>
	<entity_36>
		<stopLinkStation>	00000000.00000000.00000000.00000000	</stopLinkStation>
		<animation>	</animation>
		<animationEven>	</animationEven>
		<type>	NPCSpawnPoint	</type>
		<transform>
			<row0>	1.000000 0.000000 0.000000	</row0>
			<row1>	0.000000 1.000000 0.000000	</row1>
			<row2>	0.000000 0.000000 1.000000	</row2>
			<row3>	-69.137077 92.487869 28.340609	</row3>
		</transform>
		<clientOnly>	false	</clientOnly>
		<properties>
			<entityName>	20651294	</entityName>
			<rediviousTime>	-1.000000	</rediviousTime>
			<rediviousTotal>	1	</rediviousTotal>
			<randomWalkRange>	0.000000	</randomWalkRange>
			<patrolList>	</patrolList>
			<lineNumber>	0	</lineNumber>
			<patrolPathNode>	</patrolPathNode>
			<actionDefaultName>	</actionDefaultName>
			<ownModelName>	</ownModelName>
		</properties>
	</entity_36>
	<entity_37>
		<stopLinkStation>	00000000.00000000.00000000.00000000	</stopLinkStation>
		<animation>	</animation>
		<animationEven>	</animationEven>
		<type>	Flock	</type>
		<transform>
			<row0>	-0.499996 0.000000 0.866017	</row0>
			<row1>	0.000000 0.999993 0.000000	</row1>
			<row2>	-0.866017 0.000000 -0.499996	</row2>
			<row3>	-64.584641 107.567917 189.818054	</row3>
		</transform>
		<clientOnly>	true	</clientOnly>
		<properties>
			<maxFlightTime>	200.000000	</maxFlightTime>
			<modelFile>	creature/he/ty_he_m.model	</modelFile>
			<amount>	3	</amount>
			<modelScale>	1.000000	</modelScale>
			<radius>	30.000000	</radius>
			<approachRadius>	10.000000	</approachRadius>
			<heightClipMin>	-10000000.000000	</heightClipMin>
			<heightClipMax>	10000000.000000	</heightClipMax>
			<yawEnable>	1	</yawEnable>
			<pitchEnable>	1	</pitchEnable>
			<rollEnable>	1	</rollEnable>
			<collisionFraction>	0.500000	</collisionFraction>
			<influenceRadius>	10.000000	</influenceRadius>
			<speed>	0.500000	</speed>
			<stopRadius>	1.000000	</stopRadius>
			<waterHeight>	0.000000	</waterHeight>
			<hardPoint>	</hardPoint>
			<effectID>	</effectID>
			<triggerLoopTime>	12.000000	</triggerLoopTime>
			<actionID>	</actionID>
			<patrolPathNode>	</patrolPathNode>
			<actionDefaultName>	</actionDefaultName>
			<ownModelName>	</ownModelName>
		</properties>
	</entity_37>
	<entity_38>
		<stopLinkStation>	00000000.00000000.00000000.00000000	</stopLinkStation>
		<animation>	</animation>
		<animationEven>	</animationEven>
		<type>	Flock	</type>
		<transform>
			<row0>	0.965920 0.000000 -0.258817	</row0>
			<row1>	0.000000 0.999995 0.000000	</row1>
			<row2>	0.258817 0.000000 0.965920	</row2>
			<row3>	-10.408554 75.938919 173.295624	</row3>
		</transform>
		<clientOnly>	true	</clientOnly>
		<properties>
			<maxFlightTime>	200.000000	</maxFlightTime>
			<modelFile>	space/tong_yong/dong_wu/dong_wu/ty_hu_die_001.model	</modelFile>
			<amount>	2	</amount>
			<modelScale>	1.000000	</modelScale>
			<radius>	4.000000	</radius>
			<approachRadius>	5.000000	</approachRadius>
			<heightClipMin>	-10000000.000000	</heightClipMin>
			<heightClipMax>	10000000.000000	</heightClipMax>
			<yawEnable>	1	</yawEnable>
			<pitchEnable>	1	</pitchEnable>
			<rollEnable>	1	</rollEnable>
			<collisionFraction>	10.000000	</collisionFraction>
			<influenceRadius>	1.000000	</influenceRadius>
			<speed>	0.030000	</speed>
			<stopRadius>	1.000000	</stopRadius>
			<waterHeight>	0.000000	</waterHeight>
			<hardPoint>	</hardPoint>
			<effectID>	</effectID>
			<triggerLoopTime>	12.000000	</triggerLoopTime>
			<actionID>	</actionID>
			<patrolPathNode>	</patrolPathNode>
			<actionDefaultName>	</actionDefaultName>
			<ownModelName>	</ownModelName>
		</properties>
	</entity_38>
	<entity_39>
		<stopLinkStation>	00000000.00000000.00000000.00000000	</stopLinkStation>
		<animation>	</animation>
		<animationEven>	</animationEven>
		<type>	Flock	</type>
		<transform>
			<row0>	-0.707100 -0.002830 0.707097	</row0>
			<row1>	-0.000500 0.999987 0.003502	</row1>
			<row2>	-0.707101 0.002123 -0.707098	</row2>
			<row3>	-37.794735 80.394524 139.081238	</row3>
		</transform>
		<clientOnly>	true	</clientOnly>
		<properties>
			<maxFlightTime>	200.000000	</maxFlightTime>
			<modelFile>	space/tong_yong/dong_wu/dong_wu/ty_hu_die_004.model	</modelFile>
			<amount>	4	</amount>
			<modelScale>	1.000000	</modelScale>
			<radius>	3.000000	</radius>
			<approachRadius>	4.000000	</approachRadius>
			<heightClipMin>	-10000000.000000	</heightClipMin>
			<heightClipMax>	10000000.000000	</heightClipMax>
			<yawEnable>	1	</yawEnable>
			<pitchEnable>	1	</pitchEnable>
			<rollEnable>	1	</rollEnable>
			<collisionFraction>	10.000000	</collisionFraction>
			<influenceRadius>	1.000000	</influenceRadius>
			<speed>	0.030000	</speed>
			<stopRadius>	1.000000	</stopRadius>
			<waterHeight>	0.000000	</waterHeight>
			<hardPoint>	</hardPoint>
