<root>
	<entity_1>
		<type>	Flock	</type>
		<transform>
			<row0>	0.707102 0.000482 -0.707102	</row0>
			<row1>	-0.000284 0.999995 0.000398	</row1>
			<row2>	0.707102 -0.000081 0.707102	</row2>
			<row3>	-203.786331 19.095898 -14.709015	</row3>
		</transform>
		<clientOnly>	true	</clientOnly>
		<properties>
			<maxFlightTime>	200.000000	</maxFlightTime>
			<modelFile>	space/tong_yong/dong_wu/dong_wu/ty_hu_die_004.model	</modelFile>
			<amount>	2	</amount>
			<modelScale>	2.000000	</modelScale>
			<radius>	4.000000	</radius>
			<approachRadius>	10.000000	</approachRadius>
			<heightClipMin>	-10000000.000000	</heightClipMin>
			<heightClipMax>	10000000.000000	</heightClipMax>
			<yawEnable>	1	</yawEnable>
			<pitchEnable>	1	</pitchEnable>
			<rollEnable>	1	</rollEnable>
			<collisionFraction>	10.000000	</collisionFraction>
			<influenceRadius>	1.000000	</influenceRadius>
			<speed>	0.030000	</speed>
			<stopRadius>	1.000000	</stopRadius>
			<waterHeight>	0.000000	</waterHeight>
			<hardPoint>	</hardPoint>
			<effectID>	</effectID>
			<triggerLoopTime>	12.000000	</triggerLoopTime>
			<actionID>	</actionID>
			<patrolPathNode>	</patrolPathNode>
		</properties>
	</entity_1>
	<entity_2>
		<type>	Flock	</type>
		<transform>
			<row0>	-0.499996 -0.000046 -0.866019	</row0>
			<row1>	0.000063 0.999995 -0.000089	</row1>
			<row2>	0.866019 -0.000099 -0.499996	</row2>
			<row3>	-251.176346 17.961082 -12.204727	</row3>
		</transform>
		<clientOnly>	true	</clientOnly>
		<properties>
			<maxFlightTime>	200.000000	</maxFlightTime>
			<modelFile>	space/tong_yong/dong_wu/dong_wu/ty_hu_die_004.model	</modelFile>
			<amount>	2	</amount>
			<modelScale>	2.000000	</modelScale>
			<radius>	4.000000	</radius>
			<approachRadius>	10.000000	</approachRadius>
			<heightClipMin>	-10000000.000000	</heightClipMin>
			<heightClipMax>	10000000.000000	</heightClipMax>
			<yawEnable>	1	</yawEnable>
			<pitchEnable>	1	</pitchEnable>
			<rollEnable>	1	</rollEnable>
			<collisionFraction>	10.000000	</collisionFraction>
			<influenceRadius>	1.000000	</influenceRadius>
			<speed>	0.030000	</speed>
			<stopRadius>	1.000000	</stopRadius>
			<waterHeight>	0.000000	</waterHeight>
			<hardPoint>	</hardPoint>
			<effectID>	</effectID>
			<triggerLoopTime>	12.000000	</triggerLoopTime>
			<actionID>	</actionID>
			<patrolPathNode>	</patrolPathNode>
		</properties>
	</entity_2>
	<entity_3>
		<type>	Flock	</type>
		<transform>
			<row0>	-0.258817 0.000150 -0.965918	</row0>
			<row1>	-0.000136 0.999995 0.000193	</row1>
			<row2>	0.965918 0.000181 -0.258817	</row2>
			<row3>	-237.026062 19.743620 -5.801010	</row3>
		</transform>
		<clientOnly>	true	</clientOnly>
		<properties>
			<maxFlightTime>	200.000000	</maxFlightTime>
			<modelFile>	space/tong_yong/dong_wu/dong_wu/ty_hu_die_003.model	</modelFile>
			<amount>	2	</amount>
			<modelScale>	2.000000	</modelScale>
			<radius>	4.000000	</radius>
			<approachRadius>	10.000000	</approachRadius>
			<heightClipMin>	-10000000.000000	</heightClipMin>
			<heightClipMax>	10000000.000000	</heightClipMax>
			<yawEnable>	1	</yawEnable>
			<pitchEnable>	1	</pitchEnable>
			<rollEnable>	1	</rollEnable>
			<collisionFraction>	10.000000	</collisionFraction>
			<influenceRadius>	1.000000	</influenceRadius>
			<speed>	0.030000	</speed>
			<stopRadius>	1.000000	</stopRadius>
			<waterHeight>	0.000000	</waterHeight>
			<hardPoint>	</hardPoint>
			<effectID>	</effectID>
			<triggerLoopTime>	12.000000	</triggerLoopTime>
			<actionID>	</actionID>
			<patrolPathNode>	</patrolPathNode>
		</properties>
	</entity_3>
	<entity_4>
		<type>	SpawnPointChallenge	</type>
		<transform>
			<row0>	0.965919 0.000042 0.258817	</row0>
			<row1>	-0.000048 0.999994 0.000014	</row1>
			<row2>	-0.258817 -0.000026 0.965918	</row2>
			<row3>	-212.842545 16.699217 -18.862885	</row3>
		</transform>
		<clientOnly>	false	</clientOnly>
		<properties>
			<entityName>	20711019	</entityName>
			<rediviousTime>	3.000000	</rediviousTime>
			<rediviousTotal>	1	</rediviousTotal>
			<randomWalkRange>	0.000000	</randomWalkRange>
			<patrolList>	F0993362.48696196.081489AD.97DBA243	</patrolList>
			<monsterType>	0	</monsterType>
			<level>	1	</level>
			<challengeLevel>	1	</challengeLevel>
			<challengeRank>	0	</challengeRank>
			<challengeTMembers>	0	</challengeTMembers>
			<patrolPathNode>	619C5534.4F568A7D.347A208B.BEF18C5B	</patrolPathNode>
		</properties>
	</entity_4>
	<entity_5>
		<type>	SpawnPointChallenge	</type>
		<transform>
			<row0>	0.965919 0.000042 0.258817	</row0>
			<row1>	-0.000048 0.999993 0.000014	</row1>
			<row2>	-0.258817 -0.000027 0.965918	</row2>
			<row3>	-214.661484 16.699217 -19.743744	</row3>
		</transform>
		<clientOnly>	false	</clientOnly>
		<properties>
			<entityName>	20711019	</entityName>
			<rediviousTime>	3.000000	</rediviousTime>
			<rediviousTotal>	1	</rediviousTotal>
			<randomWalkRange>	0.000000	</randomWalkRange>
			<patrolList>	F0993362.48696196.081489AD.97DBA243	</patrolList>
			<monsterType>	0	</monsterType>
			<level>	1	</level>
			<challengeLevel>	1	</challengeLevel>
			<challengeRank>	0	</challengeRank>
			<challengeTMembers>	0	</challengeTMembers>
			<patrolPathNode>	454C0A35.4C0D8C4F.09E3E7A5.79F9B22C	</patrolPathNode>
		</properties>
	</entity_5>
	<entity_6>
		<type>	SpawnPointChallenge	</type>
		<transform>
			<row0>	0.999993 -0.000284 0.000000	</row0>
			<row1>	0.000284 0.999994 -0.000082	</row1>
			<row2>	0.000000 0.000082 0.999993	</row2>
			<row3>	-212.491348 16.699217 -16.504158	</row3>
		</transform>
		<clientOnly>	false	</clientOnly>
		<properties>
			<entityName>	20711019	</entityName>
			<rediviousTime>	3.000000	</rediviousTime>
			<rediviousTotal>	1	</rediviousTotal>
			<randomWalkRange>	0.000000	</randomWalkRange>
			<patrolList>	F0993362.48696196.081489AD.97DBA243	</patrolList>
			<monsterType>	0	</monsterType>
			<level>	1	</level>
			<challengeLevel>	1	</challengeLevel>
			<challengeRank>	0	</challengeRank>
			<challengeTMembers>	0	</challengeTMembers>
			<patrolPathNode>	619C5534.4F568A7D.347A208B.BEF18C5B	</patrolPathNode>
		</properties>
	</entity_6>
	<entity_7>
		<type>	SpawnPointChallenge	</type>
		<transform>
			<row0>	0.999993 0.000046 0.000000	</row0>
			<row1>	-0.000048 0.999994 0.000014	</row1>
			<row2>	0.000000 -0.000015 0.999993	</row2>
			<row3>	-216.420334 16.699217 -18.315620	</row3>
		</transform>
		<clientOnly>	false	</clientOnly>
		<properties>
			<entityName>	20711019	</entityName>
			<rediviousTime>	3.000000	</rediviousTime>
			<rediviousTotal>	1	</rediviousTotal>
			<randomWalkRange>	0.000000	</randomWalkRange>
			<patrolList>	F0993362.48696196.081489AD.97DBA243	</patrolList>
			<monsterType>	0	</monsterType>
			<level>	1	</level>
			<challengeLevel>	1	</challengeLevel>
			<challengeRank>	0	</challengeRank>
			<challengeTMembers>	0	</challengeTMembers>
			<patrolPathNode>	454C0A35.4C0D8C4F.09E3E7A5.79F9B22C	</patrolPathNode>
		</properties>
	</entity_7>
	<entity_8>
		<type>	SpawnPointChallenge	</type>
		<transform>
			<row0>	0.999993 0.000185 0.000000	</row0>
			<row1>	-0.000185 0.999994 0.000053	</row1>
			<row2>	0.000000 -0.000053 0.999992	</row2>
			<row3>	-214.955780 16.699217 -15.916435	</row3>
		</transform>
		<clientOnly>	false	</clientOnly>
		<properties>
			<entityName>	20711019	</entityName>
			<rediviousTime>	3.000000	</rediviousTime>
			<rediviousTotal>	1	</rediviousTotal>
			<randomWalkRange>	0.000000	</randomWalkRange>
			<patrolList>	F0993362.48696196.081489AD.97DBA243	</patrolList>
			<monsterType>	0	</monsterType>
			<level>	1	</level>
			<challengeLevel>	1	</challengeLevel>
			<challengeRank>	0	</challengeRank>
			<challengeTMembers>	0	</challengeTMembers>
			<patrolPathNode>	619C5534.4F568A7D.347A208B.BEF18C5B	</patrolPathNode>
		</properties>
	</entity_8>
	<entity_9>
		<type>	SpawnPointChallenge	</type>
		<transform>
			<row0>	0.965919 0.000042 0.258817	</row0>
			<row1>	-0.000048 0.999994 0.000014	</row1>
			<row2>	-0.258817 -0.000026 0.965918	</row2>
			<row3>	-213.674622 16.699215 -30.127289	</row3>
		</transform>
		<clientOnly>	false	</clientOnly>
		<properties>
			<entityName>	20711019	</entityName>
			<rediviousTime>	3.000000	</rediviousTime>
			<rediviousTotal>	1	</rediviousTotal>
			<randomWalkRange>	0.000000	</randomWalkRange>
			<patrolList>	F0993362.48696196.081489AD.97DBA243	</patrolList>
			<monsterType>	0	</monsterType>
			<level>	1	</level>
			<challengeLevel>	1	</challengeLevel>
			<challengeRank>	0	</challengeRank>
			<challengeTMembers>	0	</challengeTMembers>
			<patrolPathNode>	619C5534.4F568A7D.347A208B.BEF18C5B	</patrolPathNode>
		</properties>
	</entity_9>
	<entity_10>
		<type>	SpawnPointChallenge	</type>
		<transform>
			<row0>	0.965919 0.000042 0.258817	</row0>
			<row1>	-0.000048 0.999993 0.000014	</row1>
			<row2>	-0.258817 -0.000027 0.965918	</row2>
			<row3>	-215.493561 16.699215 -31.008148	</row3>
		</transform>
		<clientOnly>	false	</clientOnly>
		<properties>
			<entityName>	20711019	</entityName>
			<rediviousTime>	3.000000	</rediviousTime>
			<rediviousTotal>	1	</rediviousTotal>
			<randomWalkRange>	0.000000	</randomWalkRange>
			<patrolList>	F0993362.48696196.081489AD.97DBA243	</patrolList>
			<monsterType>	0	</monsterType>
			<level>	1	</level>
			<challengeLevel>	1	</challengeLevel>
			<challengeRank>	0	</challengeRank>
			<challengeTMembers>	0	</challengeTMembers>
			<patrolPathNode>	454C0A35.4C0D8C4F.09E3E7A5.79F9B22C	</patrolPathNode>
		</properties>
	</entity_10>
	<entity_11>
		<type>	SpawnPointChallenge	</type>
		<transform>
			<row0>	0.999993 -0.000284 0.000000	</row0>
			<row1>	0.000284 0.999994 -0.000082	</row1>
			<row2>	0.000000 0.000082 0.999993	</row2>
			<row3>	-213.323425 16.699215 -27.768555	</row3>
		</transform>
		<clientOnly>	false	</clientOnly>
		<properties>
			<entityName>	20711019	</entityName>
			<rediviousTime>	3.000000	</rediviousTime>
			<rediviousTotal>	1	</rediviousTotal>
			<randomWalkRange>	0.000000	</randomWalkRange>
			<patrolList>	F0993362.48696196.081489AD.97DBA243	</patrolList>
			<monsterType>	0	</monsterType>
			<level>	1	</level>
			<challengeLevel>	1	</challengeLevel>
			<challengeRank>	0	</challengeRank>
			<challengeTMembers>	0	</challengeTMembers>
			<patrolPathNode>	619C5534.4F568A7D.347A208B.BEF18C5B	</patrolPathNode>
		</properties>
	</entity_11>
	<entity_12>
		<type>	SpawnPointChallenge	</type>
		<transform>
			<row0>	0.999993 0.000046 0.000000	</row0>
			<row1>	-0.000048 0.999994 0.000014	</row1>
			<row2>	0.000000 -0.000015 0.999993	</row2>
			<row3>	-217.252411 16.695309 -29.580017	</row3>
		</transform>
		<clientOnly>	false	</clientOnly>
		<properties>
			<entityName>	20711019	</entityName>
			<rediviousTime>	3.000000	</rediviousTime>
			<rediviousTotal>	1	</rediviousTotal>
			<randomWalkRange>	0.000000	</randomWalkRange>
			<patrolList>	F0993362.48696196.081489AD.97DBA243	</patrolList>
			<monsterType>	0	</monsterType>
			<level>	1	</level>
			<challengeLevel>	1	</challengeLevel>
			<challengeRank>	0	</challengeRank>
			<challengeTMembers>	0	</challengeTMembers>
			<patrolPathNode>	454C0A35.4C0D8C4F.09E3E7A5.79F9B22C	</patrolPathNode>
		</properties>
	</entity_12>
	<entity_13>
		<type>	SpawnPointChallenge	</type>
		<transform>
			<row0>	0.999993 0.000185 0.000000	</row0>
			<row1>	-0.000185 0.999994 0.000053	</row1>
			<row2>	0.000000 -0.000053 0.999992	</row2>
			<row3>	-215.787857 16.699215 -27.180832	</row3>
		</transform>
		<clientOnly>	false	</clientOnly>
		<properties>
			<entityName>	20711019	</entityName>
			<rediviousTime>	3.000000	</rediviousTime>
			<rediviousTotal>	1	</rediviousTotal>
			<randomWalkRange>	0.000000	</randomWalkRange>
			<patrolList>	F0993362.48696196.081489AD.97DBA243	</patrolList>
			<monsterType>	0	</monsterType>
			<level>	1	</level>
			<challengeLevel>	1	</challengeLevel>
			<challengeRank>	0	</challengeRank>
			<challengeTMembers>	0	</challengeTMembers>
			<patrolPathNode>	619C5534.4F568A7D.347A208B.BEF18C5B	</patrolPathNode>
		</properties>
	</entity_13>
	<entity_14>
		<type>	SpawnPointChallenge	</type>
		<transform>
			<row0>	-0.866017 0.000147 0.499995	</row0>
			<row1>	0.000146 0.999993 -0.000042	</row1>
			<row2>	-0.499995 0.000036 -0.866017	</row2>
			<row3>	-206.338760 16.722652 -28.206505	</row3>
		</transform>
		<clientOnly>	false	</clientOnly>
		<properties>
			<entityName>	20711020	</entityName>
			<rediviousTime>	3.000000	</rediviousTime>
			<rediviousTotal>	1	</rediviousTotal>
			<randomWalkRange>	0.000000	</randomWalkRange>
			<patrolList>	66DC4BC0.4F8F273D.E87E3392.786A86CB	</patrolList>
			<monsterType>	0	</monsterType>
			<level>	1	</level>
			<challengeLevel>	0	</challengeLevel>
			<challengeRank>	0	</challengeRank>
			<challengeTMembers>	0	</challengeTMembers>
			<patrolPathNode>	709F49DA.436CC781.D10A8287.BD188E25	</patrolPathNode>
		</properties>
	</entity_14>
	<entity_15>
		<type>	SpawnPointChallenge	</type>
		<transform>
			<row0>	0.965916 0.000165 0.258818	</row0>
			<row1>	-0.000186 0.999993 0.000053	</row1>
			<row2>	-0.258818 -0.000100 0.965916	</row2>
			<row3>	-206.930374 16.718746 -32.627640	</row3>
		</transform>
		<clientOnly>	false	</clientOnly>
		<properties>
			<entityName>	20711020	</entityName>
			<rediviousTime>	3.000000	</rediviousTime>
			<rediviousTotal>	1	</rediviousTotal>
			<randomWalkRange>	0.000000	</randomWalkRange>
			<patrolList>	6B5AF1CE.43DD52F7.8E5F9096.269DFB8D	</patrolList>
			<monsterType>	0	</monsterType>
			<level>	1	</level>
			<challengeLevel>	1	</challengeLevel>
			<challengeRank>	0	</challengeRank>
			<challengeTMembers>	0	</challengeTMembers>
			<patrolPathNode>	C01A1FC8.4909921A.2CA5EC9F.3278231D	</patrolPathNode>
		</properties>
	</entity_15>
	<entity_16>
		<type>	SpawnPointChallenge	</type>
		<transform>
			<row0>	0.707101 0.000169 -0.707099	</row0>
			<row1>	-0.000186 0.999994 0.000053	</row1>
			<row2>	0.707099 0.000093 0.707101	</row2>
			<row3>	-209.182480 16.708981 -31.661949	</row3>
		</transform>
		<clientOnly>	false	</clientOnly>
		<properties>
			<entityName>	20711020	</entityName>
			<rediviousTime>	3.000000	</rediviousTime>
			<rediviousTotal>	1	</rediviousTotal>
			<randomWalkRange>	0.000000	</randomWalkRange>
			<patrolList>	39AF87AC.4DB19705.0D82BF98.98ADC774	</patrolList>
			<monsterType>	0	</monsterType>
			<level>	1	</level>
			<challengeLevel>	1	</challengeLevel>
			<challengeRank>	0	</challengeRank>
			<challengeTMembers>	0	</challengeTMembers>
			<patrolPathNode>	B3BF69FD.4707AABA.A63CF481.FC92C4EB	</patrolPathNode>
		</properties>
	</entity_16>
	<entity_17>
		<type>	SpawnPointChallenge	</type>
		<transform>
			<row0>	-0.499995 -0.000047 -0.866017	</row0>
			<row1>	-0.000186 0.999993 0.000053	</row1>
			<row2>	0.866017 0.000187 -0.499995	</row2>
			<row3>	-208.907623 16.708981 -28.996956	</row3>
		</transform>
		<clientOnly>	false	</clientOnly>
		<properties>
			<entityName>	20711020	</entityName>
			<rediviousTime>	3.000000	</rediviousTime>
			<rediviousTotal>	1	</rediviousTotal>
			<randomWalkRange>	0.000000	</randomWalkRange>
			<patrolList>	D60E8808.4D0214D2.C43A5E8B.DE2E9022	</patrolList>
			<monsterType>	0	</monsterType>
			<level>	1	</level>
			<challengeLevel>	0	</challengeLevel>
			<challengeRank>	0	</challengeRank>
			<challengeTMembers>	0	</challengeTMembers>
			<patrolPathNode>	D64DAF9B.452DF983.D8AB42BE.F65E1CA5	</patrolPathNode>
		</properties>
	</entity_17>
	<entity_18>
		<type>	SpawnPointChallenge	</type>
		<transform>
			<row0>	0.000000 -0.000054 0.999988	</row0>
			<row1>	-0.000186 0.999991 0.000053	</row1>
			<row2>	-0.999988 -0.000186 -0.000001	</row2>
			<row3>	-204.909988 16.734371 -29.911507	</row3>
		</transform>
		<clientOnly>	false	</clientOnly>
		<properties>
			<entityName>	20711020	</entityName>
			<rediviousTime>	3.000000	</rediviousTime>
			<rediviousTotal>	1	</rediviousTotal>
			<randomWalkRange>	0.000000	</randomWalkRange>
			<patrolList>	BBDA6577.4948115F.3AD024AD.6A1C5217	</patrolList>
			<monsterType>	0	</monsterType>
			<level>	1	</level>
			<challengeLevel>	0	</challengeLevel>
			<challengeRank>	0	</challengeRank>
			<challengeTMembers>	0	</challengeTMembers>
			<patrolPathNode>	4DCD1F25.4A4F5E8D.A1F2CD9A.950DA31E	</patrolPathNode>
		</properties>
	</entity_18>
	<entity_19>
		<type>	SpawnPointChallenge	</type>
		<transform>
			<row0>	-0.999996 0.000143 0.000000	</row0>
			<row1>	0.000143 0.999997 0.000000	</row1>
			<row2>	0.000000 0.000000 -0.999996	</row2>
			<row3>	-156.991180 17.956995 -2.303017	</row3>
		</transform>
		<clientOnly>	false	</clientOnly>
		<properties>
			<entityName>	20154010	</entityName>
			<rediviousTime>	3.000000	</rediviousTime>
			<rediviousTotal>	1	</rediviousTotal>
			<randomWalkRange>	0.000000	</randomWalkRange>
			<patrolList>	</patrolList>
			<monsterType>	0	</monsterType>
			<level>	1	</level>
			<challengeLevel>	1	</challengeLevel>
			<challengeRank>	0	</challengeRank>
			<challengeTMembers>	0	</challengeTMembers>
			<patrolPathNode>	</patrolPathNode>
		</properties>
	</entity_19>
	<entity_20>
		<type>	SpawnPointChallenge	</type>
		<transform>
			<row0>	0.000000 0.000000 0.999994	</row0>
			<row1>	-0.167629 0.985844 0.000000	</row1>
			<row2>	-0.985843 -0.167630 0.000000	</row2>
			<row3>	-162.495224 19.318356 -34.242905	</row3>
		</transform>
		<clientOnly>	false	</clientOnly>
		<properties>
			<entityName>	20711018	</entityName>
			<rediviousTime>	3.000000	</rediviousTime>
			<rediviousTotal>	1	</rediviousTotal>
			<randomWalkRange>	0.000000	</randomWalkRange>
			<patrolList>	</patrolList>
			<monsterType>	0	</monsterType>
			<level>	1	</level>
			<challengeLevel>	1	</challengeLevel>
			<challengeRank>	0	</challengeRank>
			<challengeTMembers>	0	</challengeTMembers>
			<patrolPathNode>	</patrolPathNode>
		</properties>
	</entity_20>
	<entity_21>
		<type>	SpawnPointChallenge	</type>
		<transform>
			<row0>	0.000000 0.000000 0.999994	</row0>
			<row1>	-0.167629 0.985844 0.000000	</row1>
			<row2>	-0.985843 -0.167630 0.000000	</row2>
			<row3>	-156.441101 20.179686 -34.459938	</row3>
		</transform>
		<clientOnly>	false	</clientOnly>
		<properties>
			<entityName>	20711018	</entityName>
			<rediviousTime>	3.000000	</rediviousTime>
			<rediviousTotal>	1	</rediviousTotal>
			<randomWalkRange>	0.000000	</randomWalkRange>
			<patrolList>	</patrolList>
			<monsterType>	0	</monsterType>
			<level>	1	</level>
			<challengeLevel>	1	</challengeLevel>
			<challengeRank>	0	</challengeRank>
			<challengeTMembers>	0	</challengeTMembers>
			<patrolPathNode>	</patrolPathNode>
		</properties>
	</entity_21>
	<entity_22>
		<type>	SpawnPointChallenge	</type>
		<transform>
			<row0>	0.000000 0.000000 0.999994	</row0>
			<row1>	-0.167629 0.985844 0.000000	</row1>
			<row2>	-0.985843 -0.167630 0.000000	</row2>
			<row3>	-159.330933 19.751951 -34.315598	</row3>
		</transform>
		<clientOnly>	false	</clientOnly>
		<properties>
			<entityName>	20711018	</entityName>
			<rediviousTime>	3.000000	</rediviousTime>
			<rediviousTotal>	1	</rediviousTotal>
			<randomWalkRange>	0.000000	</randomWalkRange>
			<patrolList>	</patrolList>
			<monsterType>	0	</monsterType>
			<level>	1	</level>
			<challengeLevel>	1	</challengeLevel>
			<challengeRank>	0	</challengeRank>
			<challengeTMembers>	0	</challengeTMembers>
			<patrolPathNode>	</patrolPathNode>
		</properties>
	</entity_22>
	<entity_23>
		<type>	SpawnPointChallenge	</type>
		<transform>
			<row0>	0.000000 0.000000 0.999994	</row0>
			<row1>	-0.167629 0.985844 0.000000	</row1>
			<row2>	-0.985843 -0.167630 0.000000	</row2>
			<row3>	-152.909912 20.509764 -34.501022	</row3>
		</transform>
		<clientOnly>	false	</clientOnly>
		<properties>
			<entityName>	20711018	</entityName>
			<rediviousTime>	3.000000	</rediviousTime>
			<rediviousTotal>	1	</rediviousTotal>
			<randomWalkRange>	0.000000	</randomWalkRange>
			<patrolList>	</patrolList>
			<monsterType>	0	</monsterType>
			<level>	1	</level>
			<challengeLevel>	1	</challengeLevel>
			<challengeRank>	0	</challengeRank>
			<challengeTMembers>	0	</challengeTMembers>
			<patrolPathNode>	</patrolPathNode>
		</properties>
	</entity_23>
	<entity_24>
		<type>	SpawnPointChallenge	</type>
		<transform>
			<row0>	0.000000 0.000000 0.999994	</row0>
			<row1>	-0.167629 0.985844 0.000000	</row1>
			<row2>	-0.985843 -0.167630 0.000000	</row2>
			<row3>	-150.408401 20.755856 -13.859970	</row3>
		</transform>
		<clientOnly>	false	</clientOnly>
		<properties>
			<entityName>	20711018	</entityName>
			<rediviousTime>	3.000000	</rediviousTime>
			<rediviousTotal>	1	</rediviousTotal>
			<randomWalkRange>	0.000000	</randomWalkRange>
			<patrolList>	</patrolList>
			<monsterType>	0	</monsterType>
			<level>	1	</level>
			<challengeLevel>	1	</challengeLevel>
			<challengeRank>	0	</challengeRank>
			<challengeTMembers>	0	</challengeTMembers>
			<patrolPathNode>	</patrolPathNode>
		</properties>
	</entity_24>
	<entity_25>
		<type>	SpawnPointChallenge	</type>
		<transform>
			<row0>	0.000000 0.000000 0.999994	</row0>
			<row1>	-0.167629 0.985844 0.000000	</row1>
			<row2>	-0.985843 -0.167630 0.000000	</row2>
			<row3>	-153.495026 20.701168 -13.734512	</row3>
		</transform>
		<clientOnly>	false	</clientOnly>
		<properties>
			<entityName>	20711018	</entityName>
			<rediviousTime>	3.000000	</rediviousTime>
			<rediviousTotal>	1	</rediviousTotal>
			<randomWalkRange>	0.000000	</randomWalkRange>
			<patrolList>	</patrolList>
			<monsterType>	0	</monsterType>
			<level>	1	</level>
			<challengeLevel>	1	</challengeLevel>
			<challengeRank>	0	</challengeRank>
			<challengeTMembers>	0	</challengeTMembers>
			<patrolPathNode>	</patrolPathNode>
		</properties>
	</entity_25>
	<entity_26>
		<type>	SpawnPointChallenge	</type>
		<transform>
			<row0>	0.000000 0.000000 0.999994	</row0>
			<row1>	-0.167629 0.985844 0.000000	</row1>
			<row2>	-0.985843 -0.167630 0.000000	</row2>
			<row3>	-157.026215 20.642574 -13.693428	</row3>
		</transform>
		<clientOnly>	false	</clientOnly>
		<properties>
			<entityName>	20711018	</entityName>
			<rediviousTime>	3.000000	</rediviousTime>
			<rediviousTotal>	1	</rediviousTotal>
			<randomWalkRange>	0.000000	</randomWalkRange>
			<patrolList>	</patrolList>
			<monsterType>	0	</monsterType>
			<level>	1	</level>
			<challengeLevel>	1	</challengeLevel>
			<challengeRank>	0	</challengeRank>
			<challengeTMembers>	0	</challengeTMembers>
			<patrolPathNode>	</patrolPathNode>
		</properties>
	</entity_26>
	<entity_27>
		<type>	SpawnPointChallenge	</type>
		<transform>
			<row0>	0.000000 0.000000 0.999994	</row0>
			<row1>	-0.167629 0.985844 0.000000	</row1>
			<row2>	-0.985843 -0.167630 0.000000	</row2>
			<row3>	-159.916046 20.619137 -13.549088	</row3>
		</transform>
		<clientOnly>	false	</clientOnly>
		<properties>
			<entityName>	20711018	</entityName>
			<rediviousTime>	3.000000	</rediviousTime>
			<rediviousTotal>	1	</rediviousTotal>
			<randomWalkRange>	0.000000	</randomWalkRange>
			<patrolList>	</patrolList>
			<monsterType>	0	</monsterType>
			<level>	1	</level>
			<challengeLevel>	1	</challengeLevel>
			<challengeRank>	0	</challengeRank>
			<challengeTMembers>	0	</challengeTMembers>
			<patrolPathNode>	</patrolPathNode>
		</properties>
	</entity_27>
	<entity_28>
		<type>	SpawnPointChallenge	</type>
		<transform>
			<row0>	0.000000 0.000000 0.999994	</row0>
			<row1>	-0.167629 0.985844 0.000000	</row1>
			<row2>	-0.985843 -0.167630 0.000000	</row2>
			<row3>	-163.080322 20.117184 -13.476395	</row3>
		</transform>
		<clientOnly>	false	</clientOnly>
		<properties>
			<entityName>	20711018	</entityName>
			<rediviousTime>	3.000000	</rediviousTime>
			<rediviousTotal>	1	</rediviousTotal>
			<randomWalkRange>	0.000000	</randomWalkRange>
			<patrolList>	</patrolList>
			<monsterType>	0	</monsterType>
			<level>	1	</level>
			<challengeLevel>	1	</challengeLevel>
			<challengeRank>	0	</challengeRank>
			<challengeTMembers>	0	</challengeTMembers>
			<patrolPathNode>	</patrolPathNode>
		</properties>
	</entity_28>
	<entity_29>
		<type>	SpawnPointChallenge	</type>
		<transform>
			<row0>	0.000000 0.000000 0.999994	</row0>
			<row1>	-0.167629 0.985844 0.000000	</row1>
			<row2>	-0.985843 -0.167630 0.000000	</row2>
			<row3>	-149.823288 20.707027 -34.626480	</row3>
		</transform>
		<clientOnly>	false	</clientOnly>
		<properties>
			<entityName>	20711018	</entityName>
			<rediviousTime>	3.000000	</rediviousTime>
			<rediviousTotal>	1	</rediviousTotal>
			<randomWalkRange>	0.000000	</randomWalkRange>
			<patrolList>	</patrolList>
			<monsterType>	0	</monsterType>
			<level>	1	</level>
			<challengeLevel>	1	</challengeLevel>
			<challengeRank>	0	</challengeRank>
			<challengeTMembers>	0	</challengeTMembers>
			<patrolPathNode>	</patrolPathNode>
		</properties>
	</entity_29>
	<entity_30>
		<type>	SpawnPointChallenge	</type>
		<transform>
			<row0>	0.000000 0.000000 0.999994	</row0>
			<row1>	-0.167771 0.985820 0.000000	</row1>
			<row2>	-0.985819 -0.167771 0.000000	</row2>
			<row3>	-188.782089 17.208982 -25.423279	</row3>
		</transform>
		<clientOnly>	false	</clientOnly>
		<properties>
			<entityName>	20712026	</entityName>
			<rediviousTime>	3.000000	</rediviousTime>
			<rediviousTotal>	1	</rediviousTotal>
			<randomWalkRange>	0.000000	</randomWalkRange>
			<patrolList>	</patrolList>
			<monsterType>	0	</monsterType>
			<level>	1	</level>
			<challengeLevel>	1	</challengeLevel>
			<challengeRank>	0	</challengeRank>
			<challengeTMembers>	0	</challengeTMembers>
			<patrolPathNode>	</patrolPathNode>
		</properties>
	</entity_30>
	<entity_31>
		<type>	SpawnPointChallenge	</type>
		<transform>
			<row0>	0.000000 0.000000 0.999994	</row0>
			<row1>	-0.167771 0.985820 0.000000	</row1>
			<row2>	-0.985819 -0.167771 0.000000	</row2>
			<row3>	-148.213593 20.728514 -23.692223	</row3>
		</transform>
		<clientOnly>	false	</clientOnly>
		<properties>
			<entityName>	20712027	</entityName>
			<rediviousTime>	3.000000	</rediviousTime>
			<rediviousTotal>	1	</rediviousTotal>
			<randomWalkRange>	0.000000	</randomWalkRange>
			<patrolList>	</patrolList>
			<monsterType>	0	</monsterType>
			<level>	1	</level>
			<challengeLevel>	1	</challengeLevel>
			<challengeRank>	0	</challengeRank>
			<challengeTMembers>	0	</challengeTMembers>
			<patrolPathNode>	</patrolPathNode>
		</properties>
	</entity_31>
	<entity_32>
		<type>	SpawnPointChallenge	</type>
		<transform>
			<row0>	-0.866017 0.000147 0.499995	</row0>
			<row1>	0.000146 0.999993 -0.000042	</row1>
			<row2>	-0.499995 0.000036 -0.866017	</row2>
			<row3>	-193.075882 17.171871 -41.581253	</row3>
		</transform>
		<clientOnly>	false	</clientOnly>
		<properties>
			<entityName>	20711020	</entityName>
			<rediviousTime>	3.000000	</rediviousTime>
			<rediviousTotal>	1	</rediviousTotal>
			<randomWalkRange>	0.000000	</randomWalkRange>
			<patrolList>	ACB4FB21.4ECEDCF4.EB510CAD.F8501053	</patrolList>
			<monsterType>	0	</monsterType>
			<level>	1	</level>
			<challengeLevel>	0	</challengeLevel>
			<challengeRank>	0	</challengeRank>
			<challengeTMembers>	0	</challengeTMembers>
			<patrolPathNode>	0DEEC91B.4A45CE0F.12D789B6.8E6B4742	</patrolPathNode>
		</properties>
	</entity_32>
	<entity_33>
		<type>	SpawnPointChallenge	</type>
		<transform>
			<row0>	0.000000 -0.000054 0.999989	</row0>
			<row1>	-0.000186 0.999992 0.000053	</row1>
			<row2>	-0.999989 -0.000186 -0.000001	</row2>
			<row3>	-191.647110 17.265621 -43.735893	</row3>
		</transform>
		<clientOnly>	false	</clientOnly>
		<properties>
			<entityName>	20711020	</entityName>
			<rediviousTime>	3.000000	</rediviousTime>
			<rediviousTotal>	1	</rediviousTotal>
			<randomWalkRange>	0.000000	</randomWalkRange>
			<patrolList>	09C3A63F.4824B8DE.2EEEDE94.47E2CEBA	</patrolList>
			<monsterType>	0	</monsterType>
			<level>	1	</level>
			<challengeLevel>	0	</challengeLevel>
			<challengeRank>	0	</challengeRank>
			<challengeTMembers>	0	</challengeTMembers>
			<patrolPathNode>	D8F4C894.4AE42CBD.738FDA9F.423CE024	</patrolPathNode>
		</properties>
	</entity_33>
	<entity_34>
		<type>	SpawnPointChallenge	</type>
		<transform>
			<row0>	0.965916 0.000165 0.258818	</row0>
			<row1>	-0.000186 0.999993 0.000053	</row1>
			<row2>	-0.258818 -0.000100 0.965916	</row2>
			<row3>	-193.667496 17.144527 -46.002396	</row3>
		</transform>
		<clientOnly>	false	</clientOnly>
		<properties>
			<entityName>	20711020	</entityName>
			<rediviousTime>	3.000000	</rediviousTime>
			<rediviousTotal>	1	</rediviousTotal>
			<randomWalkRange>	0.000000	</randomWalkRange>
			<patrolList>	1348E749.4028779C.412832BD.6B7043BC	</patrolList>
			<monsterType>	0	</monsterType>
			<level>	1	</level>
			<challengeLevel>	1	</challengeLevel>
			<challengeRank>	0	</challengeRank>
			<challengeTMembers>	0	</challengeTMembers>
			<patrolPathNode>	FE6B215E.4A15F723.3F7AA9B5.46C0DA2C	</patrolPathNode>
		</properties>
	</entity_34>
	<entity_35>
		<type>	SpawnPointChallenge	</type>
		<transform>
			<row0>	0.707101 0.000169 -0.707100	</row0>
			<row1>	-0.000186 0.999994 0.000053	</row1>
			<row2>	0.707100 0.000093 0.707101	</row2>
			<row3>	-195.919601 17.031246 -45.036697	</row3>
		</transform>
		<clientOnly>	false	</clientOnly>
		<properties>
			<entityName>	20711020	</entityName>
			<rediviousTime>	3.000000	</rediviousTime>
			<rediviousTotal>	1	</rediviousTotal>
			<randomWalkRange>	0.000000	</randomWalkRange>
			<patrolList>	BF787059.44128EF5.A2C800B6.7D82F080	</patrolList>
			<monsterType>	0	</monsterType>
			<level>	1	</level>
			<challengeLevel>	1	</challengeLevel>
			<challengeRank>	0	</challengeRank>
			<challengeTMembers>	0	</challengeTMembers>
			<patrolPathNode>	2517E1FF.42D8FAEE.EC9F579E.6C661EF0	</patrolPathNode>
		</properties>
	</entity_35>
	<entity_36>
		<type>	SpawnPointChallenge	</type>
		<transform>
			<row0>	-0.499995 -0.000047 -0.866017	</row0>
			<row1>	-0.000186 0.999993 0.000053	</row1>
			<row2>	0.866017 0.000187 -0.499995	</row2>
			<row3>	-195.644745 17.046871 -42.371704	</row3>
		</transform>
		<clientOnly>	false	</clientOnly>
		<properties>
			<entityName>	20711020	</entityName>
			<rediviousTime>	3.000000	</rediviousTime>
			<rediviousTotal>	1	</rediviousTotal>
			<randomWalkRange>	0.000000	</randomWalkRange>
			<patrolList>	65A00A05.46C7FBD7.3A0D50A3.5974CB40	</patrolList>
			<monsterType>	0	</monsterType>
			<level>	1	</level>
			<challengeLevel>	0	</challengeLevel>
			<challengeRank>	0	</challengeRank>
			<challengeTMembers>	0	</challengeTMembers>
			<patrolPathNode>	3573292A.483F1320.C8DBD7A5.C039B127	</patrolPathNode>
		</properties>
	</entity_36>
	<entity_37>
		<type>	SpawnPointChallenge	</type>
		<transform>
			<row0>	-0.866017 0.000147 0.499995	</row0>
			<row1>	0.000146 0.999993 -0.000042	</row1>
			<row2>	-0.499995 0.000036 -0.866017	</row2>
			<row3>	-172.141220 18.498045 -33.796509	</row3>
		</transform>
		<clientOnly>	false	</clientOnly>
		<properties>
			<entityName>	20711020	</entityName>
			<rediviousTime>	3.000000	</rediviousTime>
			<rediviousTotal>	1	</rediviousTotal>
			<randomWalkRange>	0.000000	</randomWalkRange>
			<patrolList>	081593F8.474D9FB0.709A608A.6533A146	</patrolList>
			<monsterType>	0	</monsterType>
			<level>	1	</level>
			<challengeLevel>	0	</challengeLevel>
			<challengeRank>	0	</challengeRank>
			<challengeTMembers>	0	</challengeTMembers>
			<patrolPathNode>	26DB5D41.46A30D87.59E0F5A5.00A13A0F	</patrolPathNode>
		</properties>
	</entity_37>
	<entity_38>
		<type>	SpawnPointChallenge	</type>
		<transform>
			<row0>	-0.499995 -0.000047 -0.866017	</row0>
			<row1>	-0.000186 0.999993 0.000053	</row1>
			<row2>	0.866017 0.000187 -0.499995	</row2>
			<row3>	-174.710083 18.318357 -34.586960	</row3>
		</transform>
		<clientOnly>	false	</clientOnly>
		<properties>
			<entityName>	20711020	</entityName>
			<rediviousTime>	3.000000	</rediviousTime>
			<rediviousTotal>	1	</rediviousTotal>
			<randomWalkRange>	0.000000	</randomWalkRange>
			<patrolList>	081593F8.474D9FB0.709A608A.6533A146	</patrolList>
			<monsterType>	0	</monsterType>
			<level>	1	</level>
			<challengeLevel>	0	</challengeLevel>
			<challengeRank>	0	</challengeRank>
			<challengeTMembers>	0	</challengeTMembers>
			<patrolPathNode>	63A69AA3.42A7325D.DF32A5B3.9A9B11E2	</patrolPathNode>
		</properties>
	</entity_38>
	<entity_39>
		<type>	SpawnPointChallenge	</type>
		<transform>
			<row0>	0.707101 0.000169 -0.707100	</row0>
			<row1>	-0.000186 0.999994 0.000053	</row1>
			<row2>	0.707100 0.000093 0.707101	</row2>
			<row3>	-174.984940 18.314451 -37.251953	</row3>
		</transform>
		<clientOnly>	false	</clientOnly>
		<properties>
			<entityName>	20711020	</entityName>
			<rediviousTime>	3.000000	</rediviousTime>
			<rediviousTotal>	1	</rediviousTotal>
			<randomWalkRange>	0.000000	</randomWalkRange>
			<patrolList>	081593F8.474D9FB0.709A608A.6533A146	</patrolList>
			<monsterType>	0	</monsterType>
			<level>	1	</level>
			<challengeLevel>	1	</challengeLevel>
			<challengeRank>	0	</challengeRank>
			<challengeTMembers>	0	</challengeTMembers>
			<patrolPathNode>	E3C59A2D.4A685593.E3F0EFBD.1FF9C139	</patrolPathNode>
		</properties>
	</entity_39>
	<entity_40>
		<type>	SpawnPointChallenge	</type>
		<transform>
			<row0>	0.965916 0.000165 0.258818	</row0>
			<row1>	-0.000186 0.999993 0.000053	</row1>
			<row2>	-0.258818 -0.000100 0.965916	</row2>
			<row3>	-172.732834 18.445311 -38.217651	</row3>
		</transform>
		<clientOnly>	false	</clientOnly>
		<properties>
			<entityName>	20711020	</entityName>
			<rediviousTime>	3.000000	</rediviousTime>
			<rediviousTotal>	1	</rediviousTotal>
			<randomWalkRange>	0.000000	</randomWalkRange>
			<patrolList>	081593F8.474D9FB0.709A608A.6533A146	</patrolList>
			<monsterType>	0	</monsterType>
			<level>	1	</level>
			<challengeLevel>	1	</challengeLevel>
			<challengeRank>	0	</challengeRank>
			<challengeTMembers>	0	</challengeTMembers>
			<patrolPathNode>	0EEC77C5.4B581DA6.E3B94FA9.8E30D2E3	</patrolPathNode>
		</properties>
	</entity_40>
	<entity_41>
		<type>	SpawnPointChallenge	</type>
		<transform>
			<row0>	0.000000 -0.000054 0.999989	</row0>
			<row1>	-0.000186 0.999992 0.000053	</row1>
			<row2>	-0.999989 -0.000186 -0.000001	</row2>
			<row3>	-170.712448 18.556639 -35.951149	</row3>
		</transform>
		<clientOnly>	false	</clientOnly>
		<properties>
			<entityName>	20711020	</entityName>
			<rediviousTime>	3.000000	</rediviousTime>
			<rediviousTotal>	1	</rediviousTotal>
			<randomWalkRange>	0.000000	</randomWalkRange>
			<patrolList>	081593F8.474D9FB0.709A608A.6533A146	</patrolList>
			<monsterType>	0	</monsterType>
			<level>	1	</level>
			<challengeLevel>	0	</challengeLevel>
			<challengeRank>	0	</challengeRank>
			<challengeTMembers>	0	</challengeTMembers>
			<patrolPathNode>	DB7FA115.4495F573.2756FF9A.81F9B600	</patrolPathNode>
		</properties>
	</entity_41>
	<entity_42>
		<type>	SpawnPointChallenge	</type>
		<transform>
			<row0>	0.707100 0.000169 -0.707099	</row0>
			<row1>	-0.000186 0.999993 0.000053	</row1>
			<row2>	0.707099 0.000093 0.707100	</row2>
			<row3>	-180.888107 17.777340 -17.810623	</row3>
		</transform>
		<clientOnly>	false	</clientOnly>
		<properties>
			<entityName>	20711020	</entityName>
			<rediviousTime>	3.000000	</rediviousTime>
			<rediviousTotal>	1	</rediviousTotal>
			<randomWalkRange>	0.000000	</randomWalkRange>
			<patrolList>	12748795.4B2197BC.80F11BA6.837086D0	</patrolList>
			<monsterType>	0	</monsterType>
			<level>	1	</level>
			<challengeLevel>	1	</challengeLevel>
			<challengeRank>	0	</challengeRank>
			<challengeTMembers>	0	</challengeTMembers>
			<patrolPathNode>	A771072D.43FF3B2C.B1A761AB.5CA06694	</patrolPathNode>
		</properties>
	</entity_42>
	<entity_43>
		<type>	SpawnPointChallenge	</type>
		<transform>
			<row0>	-0.499995 -0.000047 -0.866016	</row0>
			<row1>	-0.000186 0.999992 0.000053	</row1>
			<row2>	0.866016 0.000187 -0.499995	</row2>
			<row3>	-180.613251 17.753902 -15.145638	</row3>
		</transform>
		<clientOnly>	false	</clientOnly>
		<properties>
			<entityName>	20711020	</entityName>
			<rediviousTime>	3.000000	</rediviousTime>
			<rediviousTotal>	1	</rediviousTotal>
			<randomWalkRange>	0.000000	</randomWalkRange>
			<patrolList>	12748795.4B2197BC.80F11BA6.837086D0	</patrolList>
			<monsterType>	0	</monsterType>
			<level>	1	</level>
			<challengeLevel>	0	</challengeLevel>
			<challengeRank>	0	</challengeRank>
			<challengeTMembers>	0	</challengeTMembers>
			<patrolPathNode>	512B6B2B.49E1751B.76104BAA.27A2D3CD	</patrolPathNode>
		</properties>
	</entity_43>
	<entity_44>
		<type>	SpawnPointChallenge	</type>
		<transform>
			<row0>	-0.866016 0.000147 0.499995	</row0>
			<row1>	0.000146 0.999992 -0.000042	</row1>
			<row2>	-0.499995 0.000036 -0.866016	</row2>
			<row3>	-178.044388 17.931637 -14.355186	</row3>
		</transform>
		<clientOnly>	false	</clientOnly>
		<properties>
			<entityName>	20711020	</entityName>
			<rediviousTime>	3.000000	</rediviousTime>
			<rediviousTotal>	1	</rediviousTotal>
			<randomWalkRange>	0.000000	</randomWalkRange>
			<patrolList>	12748795.4B2197BC.80F11BA6.837086D0	</patrolList>
			<monsterType>	0	</monsterType>
			<level>	1	</level>
			<challengeLevel>	0	</challengeLevel>
			<challengeRank>	0	</challengeRank>
			<challengeTMembers>	0	</challengeTMembers>
			<patrolPathNode>	00DBE1B6.4B199421.1A320C9F.209C4895	</patrolPathNode>
		</properties>
	</entity_44>
	<entity_45>
		<type>	SpawnPointChallenge	</type>
		<transform>
			<row0>	0.000000 -0.000054 0.999988	</row0>
			<row1>	-0.000186 0.999991 0.000053	</row1>
			<row2>	-0.999988 -0.000186 -0.000001	</row2>
			<row3>	-176.615616 18.195309 -16.509827	</row3>
		</transform>
		<clientOnly>	false	</clientOnly>
		<properties>
			<entityName>	20711020	</entityName>
			<rediviousTime>	3.000000	</rediviousTime>
			<rediviousTotal>	1	</rediviousTotal>
			<randomWalkRange>	0.000000	</randomWalkRange>
			<patrolList>	12748795.4B2197BC.80F11BA6.837086D0	</patrolList>
			<monsterType>	0	</monsterType>
			<level>	1	</level>
			<challengeLevel>	0	</challengeLevel>
			<challengeRank>	0	</challengeRank>
			<challengeTMembers>	0	</challengeTMembers>
			<patrolPathNode>	C8208483.45B68F5A.07284ABD.F1B0F95E	</patrolPathNode>
		</properties>
	</entity_45>
	<entity_46>
		<type>	SpawnPointChallenge	</type>
		<transform>
			<row0>	0.965915 0.000165 0.258818	</row0>
			<row1>	-0.000186 0.999992 0.000053	</row1>
			<row2>	-0.258818 -0.000100 0.965915	</row2>
			<row3>	-178.636002 18.005856 -18.776321	</row3>
		</transform>
		<clientOnly>	false	</clientOnly>
		<properties>
			<entityName>	20711020	</entityName>
			<rediviousTime>	3.000000	</rediviousTime>
			<rediviousTotal>	1	</rediviousTotal>
			<randomWalkRange>	0.000000	</randomWalkRange>
			<patrolList>	12748795.4B2197BC.80F11BA6.837086D0	</patrolList>
			<monsterType>	0	</monsterType>
			<level>	1	</level>
			<challengeLevel>	1	</challengeLevel>
			<challengeRank>	0	</challengeRank>
			<challengeTMembers>	0	</challengeTMembers>
			<patrolPathNode>	474D5409.4A49B60A.F01DF8AF.EBAEA2FD	</patrolPathNode>
		</properties>
	</entity_46>
	<entity_47>
		<type>	SpawnPointChallenge	</type>
		<transform>
			<row0>	-0.499995 -0.000047 -0.866016	</row0>
			<row1>	-0.000186 0.999992 0.000053	</row1>
			<row2>	0.866016 0.000187 -0.499995	</row2>
			<row3>	-197.762299 16.749996 -11.586319	</row3>
		</transform>
		<clientOnly>	false	</clientOnly>
		<properties>
			<entityName>	20711020	</entityName>
			<rediviousTime>	3.000000	</rediviousTime>
			<rediviousTotal>	1	</rediviousTotal>
			<randomWalkRange>	0.000000	</randomWalkRange>
			<patrolList>	B32DC3FB.4ABC6F24.257AEEA0.20E61ACA	</patrolList>
			<monsterType>	0	</monsterType>
			<level>	1	</level>
			<challengeLevel>	0	</challengeLevel>
			<challengeRank>	0	</challengeRank>
			<challengeTMembers>	0	</challengeTMembers>
			<patrolPathNode>	BA8336A3.46FC8842.48C8BCB4.818BB13E	</patrolPathNode>
		</properties>
	</entity_47>
	<entity_48>
		<type>	SpawnPointChallenge	</type>
		<transform>
			<row0>	-0.866016 0.000147 0.499995	</row0>
			<row1>	0.000146 0.999992 -0.000042	</row1>
			<row2>	-0.499995 0.000036 -0.866016	</row2>
			<row3>	-195.193436 16.798824 -10.795868	</row3>
		</transform>
		<clientOnly>	false	</clientOnly>
		<properties>
			<entityName>	20711020	</entityName>
