<root>
	<entity_1>
		<type>	Flock	</type>
		<transform>
			<row0>	0.707105 0.000000 0.707105	</row0>
			<row1>	0.000000 0.999998 0.000000	</row1>
			<row2>	-0.707105 0.000000 0.707105	</row2>
			<row3>	-301.613983 39.046124 -58.060581	</row3>
		</transform>
		<clientOnly>	true	</clientOnly>
		<properties>
			<maxFlightTime>	200.000000	</maxFlightTime>
			<modelFile>	creature/he/ty_he_m.model	</modelFile>
			<amount>	3	</amount>
			<modelScale>	1.000000	</modelScale>
			<radius>	20.000000	</radius>
			<approachRadius>	10.000000	</approachRadius>
			<collisionFraction>	0.500000	</collisionFraction>
			<influenceRadius>	10.000000	</influenceRadius>
			<speed>	0.500000	</speed>
			<stopRadius>	1.000000	</stopRadius>
			<patrolPathNode>	</patrolPathNode>
		</properties>
	</entity_1>
	<entity_2>
		<type>	Flock	</type>
		<transform>
			<row0>	0.999999 0.000000 0.000000	</row0>
			<row1>	0.000000 0.999999 0.000000	</row1>
			<row2>	0.000000 0.000000 0.999999	</row2>
			<row3>	-213.689468 45.818073 -2.765366	</row3>
		</transform>
		<clientOnly>	true	</clientOnly>
		<properties>
			<maxFlightTime>	200.000000	</maxFlightTime>
			<modelFile>	creature/he/ty_he_m.model	</modelFile>
			<amount>	2	</amount>
			<modelScale>	1.000000	</modelScale>
			<radius>	20.000000	</radius>
			<approachRadius>	10.000000	</approachRadius>
			<collisionFraction>	0.500000	</collisionFraction>
			<influenceRadius>	10.000000	</influenceRadius>
			<speed>	0.500000	</speed>
			<stopRadius>	1.000000	</stopRadius>
			<patrolPathNode>	</patrolPathNode>
		</properties>
	</entity_2>
	<entity_3>
		<type>	SpawnPointTianguan	</type>
		<transform>
			<row0>	0.499995 0.000000 0.866017	</row0>
			<row1>	0.000000 0.999993 0.000000	</row1>
			<row2>	-0.866017 0.000000 0.499995	</row2>
			<row3>	-265.917816 37.385906 -3.056976	</row3>
		</transform>
		<clientOnly>	false	</clientOnly>
		<properties>
			<entityName>	20221001	</entityName>
			<rediviousTime>	5.000000	</rediviousTime>
			<rediviousTotal>	2	</rediviousTotal>
			<randomWalkRange>	0.000000	</randomWalkRange>
			<patrolList>	</patrolList>
			<monsterType>	0	</monsterType>
			<level>	1	</level>
			<teamcount>	3	</teamcount>
			<mapName>	</mapName>
			<patrolPathNode>	</patrolPathNode>
		</properties>
	</entity_3>
	<entity_4>
		<type>	SpawnPointTianguan	</type>
		<transform>
			<row0>	0.499995 0.000000 0.866017	</row0>
			<row1>	0.000000 0.999993 0.000000	</row1>
			<row2>	-0.866017 0.000000 0.499995	</row2>
			<row3>	-265.271545 37.384914 -6.236504	</row3>
		</transform>
		<clientOnly>	false	</clientOnly>
		<properties>
			<entityName>	20221001	</entityName>
			<rediviousTime>	5.000000	</rediviousTime>
			<rediviousTotal>	2	</rediviousTotal>
			<randomWalkRange>	0.000000	</randomWalkRange>
			<patrolList>	</patrolList>
			<monsterType>	0	</monsterType>
			<level>	1	</level>
			<teamcount>	3	</teamcount>
			<mapName>	</mapName>
			<patrolPathNode>	</patrolPathNode>
		</properties>
	</entity_4>
	<entity_5>
		<type>	SpawnPointTianguan	</type>
		<transform>
			<row0>	0.499995 0.000000 0.866017	</row0>
			<row1>	0.000000 0.999993 0.000000	</row1>
			<row2>	-0.866017 0.000000 0.499995	</row2>
			<row3>	-264.238464 37.382912 -4.199577	</row3>
		</transform>
		<clientOnly>	false	</clientOnly>
		<properties>
			<entityName>	20221001	</entityName>
			<rediviousTime>	5.000000	</rediviousTime>
			<rediviousTotal>	2	</rediviousTotal>
			<randomWalkRange>	0.000000	</randomWalkRange>
			<patrolList>	</patrolList>
			<monsterType>	0	</monsterType>
			<level>	1	</level>
			<teamcount>	3	</teamcount>
			<mapName>	</mapName>
			<patrolPathNode>	</patrolPathNode>
		</properties>
	</entity_5>
	<entity_6>
		<type>	SpawnPointTianguan	</type>
		<transform>
			<row0>	0.499995 0.000000 0.866017	</row0>
			<row1>	0.000000 0.999993 0.000000	</row1>
			<row2>	-0.866017 0.000000 0.499995	</row2>
			<row3>	-263.296478 37.384899 -6.024559	</row3>
		</transform>
		<clientOnly>	false	</clientOnly>
		<properties>
			<entityName>	20221001	</entityName>
			<rediviousTime>	5.000000	</rediviousTime>
			<rediviousTotal>	2	</rediviousTotal>
			<randomWalkRange>	0.000000	</randomWalkRange>
			<patrolList>	</patrolList>
			<monsterType>	0	</monsterType>
			<level>	1	</level>
			<teamcount>	3	</teamcount>
			<mapName>	</mapName>
			<patrolPathNode>	</patrolPathNode>
		</properties>
	</entity_6>
	<entity_7>
		<type>	SpawnPointTianguan	</type>
		<transform>
			<row0>	0.499995 0.000000 0.866017	</row0>
			<row1>	0.000000 0.999993 0.000000	</row1>
			<row2>	-0.866017 0.000000 0.499995	</row2>
			<row3>	-262.329590 37.385891 -4.307167	</row3>
		</transform>
		<clientOnly>	false	</clientOnly>
		<properties>
			<entityName>	20221001	</entityName>
			<rediviousTime>	5.000000	</rediviousTime>
			<rediviousTotal>	2	</rediviousTotal>
			<randomWalkRange>	0.000000	</randomWalkRange>
			<patrolList>	</patrolList>
			<monsterType>	0	</monsterType>
			<level>	1	</level>
			<teamcount>	3	</teamcount>
			<mapName>	</mapName>
			<patrolPathNode>	</patrolPathNode>
		</properties>
	</entity_7>
	<entity_8>
		<type>	SpawnPointTianguan	</type>
		<transform>
			<row0>	0.499995 0.000000 0.866017	</row0>
			<row1>	0.000000 0.999993 0.000000	</row1>
			<row2>	-0.866017 0.000000 0.499995	</row2>
			<row3>	-263.240204 37.384911 -2.171600	</row3>
		</transform>
		<clientOnly>	false	</clientOnly>
		<properties>
			<entityName>	20221001	</entityName>
			<rediviousTime>	5.000000	</rediviousTime>
			<rediviousTotal>	2	</rediviousTotal>
			<randomWalkRange>	0.000000	</randomWalkRange>
			<patrolList>	</patrolList>
			<monsterType>	0	</monsterType>
			<level>	1	</level>
			<teamcount>	3	</teamcount>
			<mapName>	</mapName>
			<patrolPathNode>	</patrolPathNode>
		</properties>
	</entity_8>
	<entity_9>
		<type>	SpawnPointTianguan	</type>
		<transform>
			<row0>	0.819142 -0.000274 0.573569	</row0>
			<row1>	0.000224 0.999991 0.000157	</row1>
			<row2>	-0.573569 0.000000 0.819142	</row2>
			<row3>	-263.406555 37.291096 -15.925690	</row3>
		</transform>
		<clientOnly>	false	</clientOnly>
		<properties>
			<entityName>	20221001	</entityName>
			<rediviousTime>	5.000000	</rediviousTime>
			<rediviousTotal>	2	</rediviousTotal>
			<randomWalkRange>	0.000000	</randomWalkRange>
			<patrolList>	</patrolList>
			<monsterType>	0	</monsterType>
			<level>	1	</level>
			<teamcount>	4	</teamcount>
			<mapName>	</mapName>
			<patrolPathNode>	</patrolPathNode>
		</properties>
	</entity_9>
	<entity_10>
		<type>	SpawnPointTianguan	</type>
		<transform>
			<row0>	0.819144 0.000000 0.573570	</row0>
			<row1>	-0.000280 0.999993 0.000400	</row1>
			<row2>	-0.573570 -0.000488 0.819144	</row2>
			<row3>	-265.304291 37.294018 -16.764244	</row3>
		</transform>
		<clientOnly>	false	</clientOnly>
		<properties>
			<entityName>	20221001	</entityName>
			<rediviousTime>	5.000000	</rediviousTime>
			<rediviousTotal>	2	</rediviousTotal>
			<randomWalkRange>	0.000000	</randomWalkRange>
			<patrolList>	</patrolList>
			<monsterType>	0	</monsterType>
			<level>	1	</level>
			<teamcount>	4	</teamcount>
			<mapName>	</mapName>
			<patrolPathNode>	</patrolPathNode>
		</properties>
	</entity_10>
	<entity_11>
		<type>	SpawnPointTianguan	</type>
		<transform>
			<row0>	0.939682 -0.000217 0.342016	</row0>
			<row1>	0.000307 0.999990 -0.000207	</row1>
			<row2>	-0.342015 0.000299 0.939680	</row2>
			<row3>	-264.353882 37.289120 -18.895988	</row3>
		</transform>
		<clientOnly>	false	</clientOnly>
		<properties>
			<entityName>	20221001	</entityName>
			<rediviousTime>	5.000000	</rediviousTime>
			<rediviousTotal>	2	</rediviousTotal>
			<randomWalkRange>	0.000000	</randomWalkRange>
			<patrolList>	</patrolList>
			<monsterType>	0	</monsterType>
			<level>	1	</level>
			<teamcount>	4	</teamcount>
			<mapName>	</mapName>
			<patrolPathNode>	</patrolPathNode>
		</properties>
	</entity_11>
	<entity_12>
		<type>	SpawnPointTianguan	</type>
		<transform>
			<row0>	0.819143 0.000000 0.573570	</row0>
			<row1>	0.000000 0.999992 0.000000	</row1>
			<row2>	-0.573570 0.000000 0.819143	</row2>
			<row3>	-262.335815 37.291096 -17.860016	</row3>
		</transform>
		<clientOnly>	false	</clientOnly>
		<properties>
			<entityName>	20221001	</entityName>
			<rediviousTime>	5.000000	</rediviousTime>
			<rediviousTotal>	2	</rediviousTotal>
			<randomWalkRange>	0.000000	</randomWalkRange>
			<patrolList>	</patrolList>
			<monsterType>	0	</monsterType>
			<level>	1	</level>
			<teamcount>	4	</teamcount>
			<mapName>	</mapName>
			<patrolPathNode>	</patrolPathNode>
		</properties>
	</entity_12>
	<entity_13>
		<type>	SpawnPointTianguan	</type>
		<transform>
			<row0>	-0.511108 -0.000488 0.859505	</row0>
			<row1>	-0.000529 0.999993 0.000253	</row1>
			<row2>	-0.859505 -0.000325 -0.511108	</row2>
			<row3>	-251.799622 37.287540 5.382029	</row3>
		</transform>
		<clientOnly>	false	</clientOnly>
		<properties>
			<entityName>	20221001	</entityName>
			<rediviousTime>	5.000000	</rediviousTime>
			<rediviousTotal>	2	</rediviousTotal>
			<randomWalkRange>	0.000000	</randomWalkRange>
			<patrolList>	</patrolList>
			<lineNumber>	0	</lineNumber>
			<monsterType>	0	</monsterType>
			<level>	1	</level>
			<teamcount>	3	</teamcount>
			<mapName>	</mapName>
			<patrolPathNode>	</patrolPathNode>
		</properties>
	</entity_13>
	<entity_14>
		<type>	SpawnPointTianguan	</type>
		<transform>
			<row0>	-0.499995 0.000000 0.866017	</row0>
			<row1>	0.000000 0.999993 0.000000	</row1>
			<row2>	-0.866017 0.000000 -0.499995	</row2>
			<row3>	-250.565796 37.385883 3.228446	</row3>
		</transform>
		<clientOnly>	false	</clientOnly>
		<properties>
			<entityName>	20221001	</entityName>
			<rediviousTime>	5.000000	</rediviousTime>
			<rediviousTotal>	1	</rediviousTotal>
			<randomWalkRange>	0.000000	</randomWalkRange>
			<patrolList>	</patrolList>
			<lineNumber>	0	</lineNumber>
			<monsterType>	1	</monsterType>
			<level>	1	</level>
			<teamcount>	3	</teamcount>
			<mapName>	</mapName>
			<patrolPathNode>	</patrolPathNode>
		</properties>
	</entity_14>
	<entity_15>
		<type>	SpawnPointTianguan	</type>
		<transform>
			<row0>	-0.422613 0.000042 0.906297	</row0>
			<row1>	0.000063 0.999992 -0.000017	</row1>
			<row2>	-0.906297 0.000050 -0.422613	</row2>
			<row3>	-249.138657 37.287228 1.147629	</row3>
		</transform>
		<clientOnly>	false	</clientOnly>
		<properties>
			<entityName>	20221001	</entityName>
			<rediviousTime>	5.000000	</rediviousTime>
			<rediviousTotal>	2	</rediviousTotal>
			<randomWalkRange>	0.000000	</randomWalkRange>
			<patrolList>	</patrolList>
			<lineNumber>	0	</lineNumber>
			<monsterType>	0	</monsterType>
			<level>	1	</level>
			<teamcount>	3	</teamcount>
			<mapName>	</mapName>
			<patrolPathNode>	</patrolPathNode>
		</properties>
	</entity_15>
	<entity_16>
		<type>	SpawnPointTianguan	</type>
		<transform>
			<row0>	-0.508373 0.000000 0.861120	</row0>
			<row1>	-0.000156 0.999989 -0.000092	</row1>
			<row2>	-0.861121 -0.000181 -0.508373	</row2>
			<row3>	-252.551682 37.287872 3.873093	</row3>
		</transform>
		<clientOnly>	false	</clientOnly>
		<properties>
			<entityName>	20221001	</entityName>
			<rediviousTime>	5.000000	</rediviousTime>
			<rediviousTotal>	2	</rediviousTotal>
			<randomWalkRange>	0.000000	</randomWalkRange>
			<patrolList>	</patrolList>
			<lineNumber>	0	</lineNumber>
			<monsterType>	0	</monsterType>
			<level>	1	</level>
			<teamcount>	3	</teamcount>
			<mapName>	</mapName>
			<patrolPathNode>	</patrolPathNode>
		</properties>
	</entity_16>
	<entity_17>
		<type>	SpawnPointTianguan	</type>
		<transform>
			<row0>	-0.499994 0.000000 0.866014	</row0>
			<row1>	0.000081 0.999990 0.000047	</row1>
			<row2>	-0.866013 0.000093 -0.499993	</row2>
			<row3>	-250.883484 37.288380 1.031531	</row3>
		</transform>
		<clientOnly>	false	</clientOnly>
		<properties>
			<entityName>	20221001	</entityName>
			<rediviousTime>	5.000000	</rediviousTime>
			<rediviousTotal>	2	</rediviousTotal>
			<randomWalkRange>	0.000000	</randomWalkRange>
			<patrolList>	</patrolList>
			<lineNumber>	0	</lineNumber>
			<monsterType>	0	</monsterType>
			<level>	1	</level>
			<teamcount>	3	</teamcount>
			<mapName>	</mapName>
			<patrolPathNode>	</patrolPathNode>
		</properties>
	</entity_17>
	<entity_18>
		<type>	SpawnPointTianguan	</type>
		<transform>
			<row0>	-0.499995 0.000000 0.866017	</row0>
			<row1>	0.000000 0.999993 0.000000	</row1>
			<row2>	-0.866017 0.000000 -0.499995	</row2>
			<row3>	-253.668594 37.385906 2.623566	</row3>
		</transform>
		<clientOnly>	false	</clientOnly>
		<properties>
			<entityName>	20221001	</entityName>
			<rediviousTime>	5.000000	</rediviousTime>
			<rediviousTotal>	2	</rediviousTotal>
			<randomWalkRange>	0.000000	</randomWalkRange>
			<patrolList>	</patrolList>
			<lineNumber>	0	</lineNumber>
			<monsterType>	0	</monsterType>
			<level>	1	</level>
			<teamcount>	3	</teamcount>
			<mapName>	</mapName>
			<patrolPathNode>	</patrolPathNode>
		</properties>
	</entity_18>
	<entity_19>
		<type>	SpawnPointTianguan	</type>
		<transform>
			<row0>	-0.499995 0.000000 0.866017	</row0>
			<row1>	0.000000 0.999993 0.000000	</row1>
			<row2>	-0.866017 0.000000 -0.499995	</row2>
			<row3>	-252.748306 37.385902 0.988802	</row3>
		</transform>
		<clientOnly>	false	</clientOnly>
		<properties>
			<entityName>	20221001	</entityName>
			<rediviousTime>	5.000000	</rediviousTime>
			<rediviousTotal>	2	</rediviousTotal>
			<randomWalkRange>	0.000000	</randomWalkRange>
			<patrolList>	</patrolList>
			<lineNumber>	0	</lineNumber>
			<monsterType>	0	</monsterType>
			<level>	1	</level>
			<teamcount>	3	</teamcount>
			<mapName>	</mapName>
			<patrolPathNode>	</patrolPathNode>
		</properties>
	</entity_19>
	<entity_20>
		<type>	SpawnPointTianguan	</type>
		<transform>
			<row0>	0.422612 -0.000036 0.906295	</row0>
			<row1>	-0.000189 0.999989 0.000128	</row1>
			<row2>	-0.906294 -0.000224 0.422613	</row2>
			<row3>	-275.263519 37.284061 0.171059	</row3>
		</transform>
		<clientOnly>	false	</clientOnly>
		<properties>
			<entityName>	20221001	</entityName>
			<rediviousTime>	5.000000	</rediviousTime>
			<rediviousTotal>	2	</rediviousTotal>
			<randomWalkRange>	0.000000	</randomWalkRange>
			<patrolList>	</patrolList>
			<lineNumber>	0	</lineNumber>
			<monsterType>	0	</monsterType>
			<level>	1	</level>
			<teamcount>	5	</teamcount>
			<mapName>	</mapName>
			<patrolPathNode>	</patrolPathNode>
		</properties>
	</entity_20>
	<entity_21>
		<type>	SpawnPointTianguan	</type>
		<transform>
			<row0>	0.422613 -0.000172 0.906297	</row0>
			<row1>	0.000344 0.999992 0.000030	</row1>
			<row2>	-0.906297 0.000299 0.422613	</row2>
			<row3>	-273.570068 37.291718 1.191479	</row3>
		</transform>
		<clientOnly>	false	</clientOnly>
		<properties>
			<entityName>	20221001	</entityName>
			<rediviousTime>	5.000000	</rediviousTime>
			<rediviousTotal>	2	</rediviousTotal>
			<randomWalkRange>	0.000000	</randomWalkRange>
			<patrolList>	</patrolList>
			<lineNumber>	0	</lineNumber>
			<monsterType>	0	</monsterType>
			<level>	1	</level>
			<teamcount>	5	</teamcount>
			<mapName>	</mapName>
			<patrolPathNode>	</patrolPathNode>
		</properties>
	</entity_21>
	<entity_22>
		<type>	SpawnPointTianguan	</type>
		<transform>
			<row0>	0.573569 0.000143 0.819141	</row0>
			<row1>	-0.000408 0.999990 0.000110	</row1>
			<row2>	-0.819140 -0.000396 0.573568	</row2>
			<row3>	-273.518097 37.286331 3.435076	</row3>
		</transform>
		<clientOnly>	false	</clientOnly>
		<properties>
			<entityName>	20221001	</entityName>
			<rediviousTime>	5.000000	</rediviousTime>
			<rediviousTotal>	2	</rediviousTotal>
			<randomWalkRange>	0.000000	</randomWalkRange>
			<patrolList>	</patrolList>
			<lineNumber>	0	</lineNumber>
			<monsterType>	0	</monsterType>
			<level>	1	</level>
			<teamcount>	5	</teamcount>
			<mapName>	</mapName>
			<patrolPathNode>	</patrolPathNode>
		</properties>
	</entity_22>
	<entity_23>
		<type>	SpawnPointTianguan	</type>
		<transform>
			<row0>	0.422612 -0.000142 0.906295	</row0>
			<row1>	0.000134 0.999989 0.000094	</row1>
			<row2>	-0.906296 0.000082 0.422612	</row2>
			<row3>	-275.294281 37.287354 2.200198	</row3>
		</transform>
		<clientOnly>	false	</clientOnly>
		<properties>
			<entityName>	20221001	</entityName>
			<rediviousTime>	5.000000	</rediviousTime>
			<rediviousTotal>	2	</rediviousTotal>
			<randomWalkRange>	0.000000	</randomWalkRange>
			<patrolList>	</patrolList>
			<lineNumber>	0	</lineNumber>
			<monsterType>	0	</monsterType>
			<level>	1	</level>
			<teamcount>	5	</teamcount>
			<mapName>	</mapName>
			<patrolPathNode>	</patrolPathNode>
		</properties>
	</entity_23>
	<entity_24>
		<type>	NPCSpawnPoint	</type>
		<transform>
			<row0>	0.866025 0.000000 -0.500000	</row0>
			<row1>	0.000000 0.999999 0.000000	</row1>
			<row2>	0.500000 0.000000 0.866025	</row2>
			<row3>	-288.086914 39.847099 6.768176	</row3>
		</transform>
		<clientOnly>	false	</clientOnly>
		<properties>
			<entityName>	10111323	</entityName>
			<rediviousTime>	60.000000	</rediviousTime>
			<rediviousTotal>	1	</rediviousTotal>
			<randomWalkRange>	3.000000	</randomWalkRange>
			<patrolList>	</patrolList>
			<lineNumber>	0	</lineNumber>
			<patrolPathNode>	</patrolPathNode>
		</properties>
	</entity_24>
	<entity_25>
		<type>	Flock	</type>
		<transform>
			<row0>	-0.965921 0.000000 0.258818	</row0>
			<row1>	0.000000 0.999996 0.000000	</row1>
			<row2>	-0.258818 0.000000 -0.965921	</row2>
			<row3>	-184.251633 87.196640 -20.411873	</row3>
		</transform>
		<clientOnly>	true	</clientOnly>
		<properties>
			<maxFlightTime>	200.000000	</maxFlightTime>
			<modelFile>	creature/he/ty_he_m.model	</modelFile>
			<amount>	1	</amount>
			<modelScale>	1.000000	</modelScale>
			<radius>	20.000000	</radius>
			<approachRadius>	10.000000	</approachRadius>
			<collisionFraction>	0.500000	</collisionFraction>
			<influenceRadius>	10.000000	</influenceRadius>
			<speed>	0.500000	</speed>
			<stopRadius>	1.000000	</stopRadius>
			<patrolPathNode>	</patrolPathNode>
		</properties>
	</entity_25>
	<entity_26>
		<type>	Flock	</type>
		<transform>
			<row0>	0.707105 0.000000 0.707105	</row0>
			<row1>	0.000000 0.999998 0.000000	</row1>
			<row2>	-0.707105 0.000000 0.707105	</row2>
			<row3>	-129.217667 78.046204 55.355515	</row3>
		</transform>
		<clientOnly>	true	</clientOnly>
		<properties>
			<maxFlightTime>	200.000000	</maxFlightTime>
			<modelFile>	creature/he/ty_he_m.model	</modelFile>
			<amount>	1	</amount>
			<modelScale>	1.000000	</modelScale>
			<radius>	20.000000	</radius>
			<approachRadius>	10.000000	</approachRadius>
			<collisionFraction>	0.500000	</collisionFraction>
			<influenceRadius>	10.000000	</influenceRadius>
			<speed>	0.500000	</speed>
			<stopRadius>	1.000000	</stopRadius>
			<patrolPathNode>	</patrolPathNode>
		</properties>
	</entity_26>
	<entity_27>
		<type>	Flock	</type>
		<transform>
			<row0>	0.965922 0.000000 0.258818	</row0>
			<row1>	0.000000 0.999997 0.000000	</row1>
			<row2>	-0.258818 0.000000 0.965922	</row2>
			<row3>	-121.614563 74.302895 56.288490	</row3>
		</transform>
		<clientOnly>	true	</clientOnly>
		<properties>
			<maxFlightTime>	200.000000	</maxFlightTime>
			<modelFile>	creature/he/ty_he_m.model	</modelFile>
			<amount>	1	</amount>
			<modelScale>	1.000000	</modelScale>
			<radius>	20.000000	</radius>
			<approachRadius>	10.000000	</approachRadius>
			<collisionFraction>	0.500000	</collisionFraction>
			<influenceRadius>	10.000000	</influenceRadius>
			<speed>	0.500000	</speed>
			<stopRadius>	1.000000	</stopRadius>
			<patrolPathNode>	</patrolPathNode>
		</properties>
	</entity_27>
	<entity_28>
		<type>	Flock	</type>
		<transform>
			<row0>	0.965923 0.000000 0.258818	</row0>
			<row1>	0.000000 0.999998 0.000000	</row1>
			<row2>	-0.258818 0.000000 0.965923	</row2>
			<row3>	-119.227226 71.742477 47.216152	</row3>
		</transform>
		<clientOnly>	true	</clientOnly>
		<properties>
			<maxFlightTime>	200.000000	</maxFlightTime>
			<modelFile>	creature/he/ty_he_m.model	</modelFile>
			<amount>	1	</amount>
			<modelScale>	1.000000	</modelScale>
			<radius>	20.000000	</radius>
			<approachRadius>	10.000000	</approachRadius>
			<collisionFraction>	0.500000	</collisionFraction>
			<influenceRadius>	10.000000	</influenceRadius>
			<speed>	0.500000	</speed>
			<stopRadius>	1.000000	</stopRadius>
			<patrolPathNode>	</patrolPathNode>
		</properties>
	</entity_28>
	<entity_29>
		<type>	Flock	</type>
		<transform>
			<row0>	0.707102 0.000000 -0.707102	</row0>
			<row1>	0.000000 0.999994 0.000000	</row1>
			<row2>	0.707102 0.000000 0.707102	</row2>
			<row3>	-139.297577 54.625824 71.855537	</row3>
		</transform>
		<clientOnly>	true	</clientOnly>
		<properties>
			<maxFlightTime>	200.000000	</maxFlightTime>
			<modelFile>	space/tong_yong/dong_wu/dong_wu/ty_hu_die_001.model	</modelFile>
			<amount>	2	</amount>
			<modelScale>	1.000000	</modelScale>
			<radius>	2.000000	</radius>
			<approachRadius>	10.000000	</approachRadius>
			<collisionFraction>	10.000000	</collisionFraction>
			<influenceRadius>	1.000000	</influenceRadius>
			<speed>	0.030000	</speed>
			<stopRadius>	1.000000	</stopRadius>
			<patrolPathNode>	</patrolPathNode>
		</properties>
	</entity_29>
	<entity_30>
		<type>	Flock	</type>
		<transform>
			<row0>	0.707102 0.000000 -0.707102	</row0>
			<row1>	0.000000 0.999994 0.000000	</row1>
			<row2>	0.707102 0.000000 0.707102	</row2>
			<row3>	-138.248962 54.617943 72.367340	</row3>
		</transform>
		<clientOnly>	true	</clientOnly>
		<properties>
			<maxFlightTime>	200.000000	</maxFlightTime>
			<modelFile>	space/tong_yong/dong_wu/dong_wu/ty_hu_die_002.model	</modelFile>
			<amount>	2	</amount>
			<modelScale>	1.000000	</modelScale>
			<radius>	2.000000	</radius>
			<approachRadius>	10.000000	</approachRadius>
			<collisionFraction>	10.000000	</collisionFraction>
			<influenceRadius>	1.000000	</influenceRadius>
			<speed>	0.030000	</speed>
			<stopRadius>	1.000000	</stopRadius>
			<patrolPathNode>	</patrolPathNode>
		</properties>
	</entity_30>
	<entity_31>
		<type>	Flock	</type>
		<transform>
			<row0>	0.965919 0.000000 -0.258817	</row0>
			<row1>	0.000000 0.999994 0.000000	</row1>
			<row2>	0.258817 0.000000 0.965919	</row2>
			<row3>	-138.521835 54.134743 38.071621	</row3>
		</transform>
		<clientOnly>	true	</clientOnly>
		<properties>
			<maxFlightTime>	200.000000	</maxFlightTime>
			<modelFile>	space/tong_yong/dong_wu/dong_wu/ty_hu_die_004.model	</modelFile>
			<amount>	2	</amount>
			<modelScale>	1.000000	</modelScale>
			<radius>	2.000000	</radius>
			<approachRadius>	10.000000	</approachRadius>
			<collisionFraction>	10.000000	</collisionFraction>
			<influenceRadius>	1.000000	</influenceRadius>
			<speed>	0.030000	</speed>
			<stopRadius>	1.000000	</stopRadius>
			<patrolPathNode>	</patrolPathNode>
		</properties>
	</entity_31>
	<entity_32>
		<type>	Flock	</type>
		<transform>
			<row0>	0.965919 0.000000 -0.258817	</row0>
			<row1>	0.000000 0.999994 0.000000	</row1>
			<row2>	0.258817 0.000000 0.965919	</row2>
			<row3>	-138.706650 53.942051 38.778137	</row3>
		</transform>
		<clientOnly>	true	</clientOnly>
		<properties>
			<maxFlightTime>	200.000000	</maxFlightTime>
			<modelFile>	space/tong_yong/dong_wu/dong_wu/ty_hu_die_001.model	</modelFile>
			<amount>	3	</amount>
			<modelScale>	1.000000	</modelScale>
			<radius>	2.000000	</radius>
			<approachRadius>	10.000000	</approachRadius>
			<collisionFraction>	10.000000	</collisionFraction>
			<influenceRadius>	1.000000	</influenceRadius>
			<speed>	0.030000	</speed>
			<stopRadius>	1.000000	</stopRadius>
			<patrolPathNode>	</patrolPathNode>
		</properties>
	</entity_32>
	<entity_33>
		<type>	Flock	</type>
		<transform>
			<row0>	0.707102 0.000004 -0.707102	</row0>
			<row1>	-0.000003 0.999994 0.000002	</row1>
			<row2>	0.707101 0.000000 0.707101	</row2>
			<row3>	-118.844368 54.168568 71.832458	</row3>
		</transform>
		<clientOnly>	true	</clientOnly>
		<properties>
			<maxFlightTime>	200.000000	</maxFlightTime>
			<modelFile>	space/tong_yong/dong_wu/dong_wu/ty_hu_die_004.model	</modelFile>
			<amount>	3	</amount>
			<modelScale>	1.000000	</modelScale>
			<radius>	2.000000	</radius>
			<approachRadius>	10.000000	</approachRadius>
			<collisionFraction>	10.000000	</collisionFraction>
			<influenceRadius>	1.000000	</influenceRadius>
			<speed>	0.030000	</speed>
			<stopRadius>	1.000000	</stopRadius>
			<patrolPathNode>	</patrolPathNode>
		</properties>
	</entity_33>
	<entity_34>
		<type>	Flock	</type>
		<transform>
			<row0>	0.706697 -0.030056 -0.706868	</row0>
			<row1>	0.026947 0.999510 -0.015559	</row1>
			<row2>	0.706993 -0.008053 0.707164	</row2>
			<row3>	-118.441704 54.038948 71.331894	</row3>
		</transform>
		<clientOnly>	true	</clientOnly>
		<properties>
			<maxFlightTime>	200.000000	</maxFlightTime>
			<modelFile>	space/tong_yong/dong_wu/dong_wu/ty_hu_die_003.model	</modelFile>
			<amount>	2	</amount>
			<modelScale>	1.000000	</modelScale>
			<radius>	2.000000	</radius>
			<approachRadius>	10.000000	</approachRadius>
			<collisionFraction>	10.000000	</collisionFraction>
			<influenceRadius>	1.000000	</influenceRadius>
			<speed>	0.030000	</speed>
			<stopRadius>	1.000000	</stopRadius>
			<patrolPathNode>	</patrolPathNode>
		</properties>
	</entity_34>
	<entity_35>
		<type>	Flock	</type>
		<transform>
			<row0>	0.706687 -0.030417 -0.706862	</row0>
			<row1>	0.028165 0.999487 -0.014852	</row1>
			<row2>	0.706955 -0.009414 0.707184	</row2>
			<row3>	-109.576622 53.833187 48.819801	</row3>
		</transform>
		<clientOnly>	true	</clientOnly>
		<properties>
			<maxFlightTime>	200.000000	</maxFlightTime>
			<modelFile>	space/tong_yong/dong_wu/dong_wu/ty_hu_die_003.model	</modelFile>
			<amount>	2	</amount>
			<modelScale>	1.000000	</modelScale>
			<radius>	2.000000	</radius>
			<approachRadius>	10.000000	</approachRadius>
			<collisionFraction>	10.000000	</collisionFraction>
			<influenceRadius>	1.000000	</influenceRadius>
			<speed>	0.030000	</speed>
			<stopRadius>	1.000000	</stopRadius>
			<patrolPathNode>	</patrolPathNode>
		</properties>
	</entity_35>
	<entity_36>
		<type>	Flock	</type>
		<transform>
			<row0>	0.707425 0.021993 -0.706435	</row0>
			<row1>	-0.000003 0.999510 0.031114	</row1>
			<row2>	0.706777 -0.022010 0.707081	</row2>
			<row3>	-109.292351 53.944145 48.977051	</row3>
		</transform>
		<clientOnly>	true	</clientOnly>
		<properties>
			<maxFlightTime>	200.000000	</maxFlightTime>
			<modelFile>	space/tong_yong/dong_wu/dong_wu/ty_hu_die_005.model	</modelFile>
			<amount>	2	</amount>
			<modelScale>	1.000000	</modelScale>
			<radius>	2.000000	</radius>
			<approachRadius>	10.000000	</approachRadius>
			<collisionFraction>	10.000000	</collisionFraction>
			<influenceRadius>	1.000000	</influenceRadius>
			<speed>	0.030000	</speed>
			<stopRadius>	1.000000	</stopRadius>
			<patrolPathNode>	</patrolPathNode>
		</properties>
	</entity_36>
	<entity_37>
		<type>	Flock	</type>
		<transform>
			<row0>	0.999994 0.000000 0.000000	</row0>
			<row1>	0.000000 0.999995 0.000000	</row1>
			<row2>	0.000000 0.000000 0.999994	</row2>
			<row3>	-148.018082 54.344875 53.115421	</row3>
		</transform>
		<clientOnly>	true	</clientOnly>
		<properties>
			<maxFlightTime>	200.000000	</maxFlightTime>
			<modelFile>	space/tong_yong/dong_wu/dong_wu/ty_hu_die_002.model	</modelFile>
			<amount>	1	</amount>
			<modelScale>	1.000000	</modelScale>
			<radius>	2.000000	</radius>
			<approachRadius>	10.000000	</approachRadius>
			<collisionFraction>	10.000000	</collisionFraction>
			<influenceRadius>	1.000000	</influenceRadius>
			<speed>	0.030000	</speed>
			<stopRadius>	1.000000	</stopRadius>
			<patrolPathNode>	</patrolPathNode>
		</properties>
	</entity_37>
	<entity_38>
		<type>	Flock	</type>
		<transform>
			<row0>	0.999994 0.000000 0.000000	</row0>
			<row1>	0.000000 0.999995 0.000000	</row1>
			<row2>	0.000000 0.000000 0.999994	</row2>
			<row3>	-148.543152 54.197300 53.491680	</row3>
		</transform>
		<clientOnly>	true	</clientOnly>
		<properties>
			<maxFlightTime>	200.000000	</maxFlightTime>
			<modelFile>	space/tong_yong/dong_wu/dong_wu/ty_hu_die_005.model	</modelFile>
			<amount>	2	</amount>
			<modelScale>	1.000000	</modelScale>
			<radius>	2.000000	</radius>
			<approachRadius>	10.000000	</approachRadius>
			<collisionFraction>	10.000000	</collisionFraction>
			<influenceRadius>	1.000000	</influenceRadius>
			<speed>	0.030000	</speed>
			<stopRadius>	1.000000	</stopRadius>
			<patrolPathNode>	</patrolPathNode>
		</properties>
	</entity_38>
	<entity_39>
		<type>	SpawnPointTianguan	</type>
		<transform>
			<row0>	0.573572 -0.000203 0.819146	</row0>
			<row1>	0.000032 0.999996 0.000225	</row1>
			<row2>	-0.819143 -0.000103 0.573571	</row2>
			<row3>	-117.119034 53.237694 45.933945	</row3>
		</transform>
		<clientOnly>	false	</clientOnly>
		<properties>
			<entityName>	20221001	</entityName>
			<rediviousTime>	5.000000	</rediviousTime>
			<rediviousTotal>	3	</rediviousTotal>
			<randomWalkRange>	0.000000	</randomWalkRange>
			<patrolList>	</patrolList>
			<monsterType>	0	</monsterType>
			<level>	2	</level>
			<teamcount>	3	</teamcount>
			<mapName>	</mapName>
			<patrolPathNode>	</patrolPathNode>
		</properties>
	</entity_39>
	<entity_40>
		<type>	SpawnPointTianguan	</type>
		<transform>
			<row0>	0.642783 -0.000080 0.766039	</row0>
			<row1>	0.000016 0.999996 0.000091	</row1>
			<row2>	-0.766039 -0.000046 0.642782	</row2>
			<row3>	-118.551186 53.341320 44.536961	</row3>
		</transform>
		<clientOnly>	false	</clientOnly>
		<properties>
			<entityName>	20221001	</entityName>
			<rediviousTime>	150.000000	</rediviousTime>
			<rediviousTotal>	1	</rediviousTotal>
			<randomWalkRange>	0.000000	</randomWalkRange>
			<patrolList>	</patrolList>
			<monsterType>	1	</monsterType>
			<level>	2	</level>
			<teamcount>	3	</teamcount>
			<mapName>	</mapName>
			<patrolPathNode>	</patrolPathNode>
		</properties>
	</entity_40>
	<entity_41>
		<type>	SpawnPointTianguan	</type>
		<transform>
			<row0>	0.766039 0.000194 0.642783	</row0>
			<row1>	-0.000037 0.999996 -0.000258	</row1>
			<row2>	-0.642781 0.000174 0.766037	</row2>
			<row3>	-119.964172 53.237694 43.144127	</row3>
		</transform>
		<clientOnly>	false	</clientOnly>
		<properties>
			<entityName>	20221001	</entityName>
			<rediviousTime>	5.000000	</rediviousTime>
			<rediviousTotal>	3	</rediviousTotal>
			<randomWalkRange>	0.000000	</randomWalkRange>
			<patrolList>	</patrolList>
			<monsterType>	0	</monsterType>
			<level>	2	</level>
			<teamcount>	3	</teamcount>
			<mapName>	</mapName>
			<patrolPathNode>	</patrolPathNode>
		</properties>
	</entity_41>
	<entity_42>
		<type>	SpawnPointTianguan	</type>
		<transform>
			<row0>	0.766038 0.000088 0.642782	</row0>
			<row1>	-0.000017 0.999995 -0.000117	</row1>
			<row2>	-0.642781 0.000079 0.766036	</row2>
			<row3>	-119.036827 53.237694 45.938881	</row3>
		</transform>
		<clientOnly>	false	</clientOnly>
		<properties>
			<entityName>	20221001	</entityName>
			<rediviousTime>	5.000000	</rediviousTime>
			<rediviousTotal>	3	</rediviousTotal>
			<randomWalkRange>	0.000000	</randomWalkRange>
			<patrolList>	</patrolList>
			<monsterType>	0	</monsterType>
			<level>	2	</level>
			<teamcount>	3	</teamcount>
			<mapName>	</mapName>
			<patrolPathNode>	</patrolPathNode>
		</properties>
	</entity_42>
	<entity_43>
		<type>	SpawnPointTianguan	</type>
		<transform>
			<row0>	0.573572 0.000232 0.819145	</row0>
			<row1>	-0.000037 0.999995 -0.000258	</row1>
			<row2>	-0.819143 0.000118 0.573570	</row2>
			<row3>	-120.378059 53.237694 44.719254	</row3>
		</transform>
		<clientOnly>	false	</clientOnly>
		<properties>
			<entityName>	20221001	</entityName>
			<rediviousTime>	5.000000	</rediviousTime>
			<rediviousTotal>	3	</rediviousTotal>
			<randomWalkRange>	0.000000	</randomWalkRange>
			<patrolList>	</patrolList>
			<monsterType>	0	</monsterType>
			<level>	2	</level>
			<teamcount>	3	</teamcount>
			<mapName>	</mapName>
			<patrolPathNode>	</patrolPathNode>
		</properties>
	</entity_43>
	<entity_44>
		<type>	SpawnPointTianguan	</type>
		<transform>
			<row0>	0.642783 0.000089 0.766040	</row0>
			<row1>	-0.000176 0.999997 0.000031	</row1>
			<row2>	-0.766040 -0.000154 0.642783	</row2>
			<row3>	-121.622498 53.237690 45.576267	</row3>
		</transform>
		<clientOnly>	false	</clientOnly>
		<properties>
			<entityName>	20221001	</entityName>
			<rediviousTime>	5.000000	</rediviousTime>
			<rediviousTotal>	3	</rediviousTotal>
			<randomWalkRange>	0.000000	</randomWalkRange>
			<patrolList>	</patrolList>
			<monsterType>	0	</monsterType>
			<level>	2	</level>
			<teamcount>	3	</teamcount>
			<mapName>	</mapName>
			<patrolPathNode>	</patrolPathNode>
		</properties>
	</entity_44>
	<entity_45>
		<type>	SpawnPointTianguan	</type>
		<transform>
			<row0>	0.819146 0.000077 0.573572	</row0>
			<row1>	-0.000019 0.999996 -0.000108	</row1>
			<row2>	-0.573572 0.000078 0.819146	</row2>
			<row3>	-119.913422 53.237690 47.139149	</row3>
		</transform>
		<clientOnly>	false	</clientOnly>
		<properties>
			<entityName>	20221001	</entityName>
			<rediviousTime>	5.000000	</rediviousTime>
			<rediviousTotal>	3	</rediviousTotal>
			<randomWalkRange>	0.000000	</randomWalkRange>
			<patrolList>	</patrolList>
			<monsterType>	0	</monsterType>
			<level>	2	</level>
			<teamcount>	3	</teamcount>
			<mapName>	</mapName>
			<patrolPathNode>	</patrolPathNode>
		</properties>
	</entity_45>
	<entity_46>
		<type>	SpawnPointTianguan	</type>
		<transform>
			<row0>	-0.422614 0.000167 0.906298	</row0>
			<row1>	0.000222 0.999993 -0.000080	</row1>
			<row2>	-0.906296 0.000166 -0.422613	</row2>
			<row3>	-131.740921 53.335232 56.644463	</row3>
		</transform>
		<clientOnly>	false	</clientOnly>
		<properties>
			<entityName>	20221001	</entityName>
			<rediviousTime>	5.000000	</rediviousTime>
			<rediviousTotal>	3	</rediviousTotal>
			<randomWalkRange>	0.000000	</randomWalkRange>
			<patrolList>	</patrolList>
			<monsterType>	0	</monsterType>
			<level>	2	</level>
			<teamcount>	3	</teamcount>
			<mapName>	</mapName>
			<patrolPathNode>	</patrolPathNode>
		</properties>
	</entity_46>
	<entity_47>
		<type>	SpawnPointTianguan	</type>
		<transform>
			<row0>	-0.422614 -0.000001 0.906298	</row0>
			<row1>	-0.000155 0.999993 -0.000071	</row1>
			<row2>	-0.906298 -0.000170 -0.422614	</row2>
			<row3>	-130.787781 53.335239 54.808235	</row3>
		</transform>
		<clientOnly>	false	</clientOnly>
		<properties>
			<entityName>	20221001	</entityName>
			<rediviousTime>	5.000000	</rediviousTime>
			<rediviousTotal>	3	</rediviousTotal>
			<randomWalkRange>	0.000000	</randomWalkRange>
			<patrolList>	</patrolList>
			<monsterType>	0	</monsterType>
			<level>	2	</level>
			<teamcount>	3	</teamcount>
			<mapName>	</mapName>
			<patrolPathNode>	</patrolPathNode>
		</properties>
	</entity_47>
	<entity_48>
		<type>	SpawnPointTianguan	</type>
		<transform>
			<row0>	-0.173647 -0.000126 0.984797	</row0>
			<row1>	-0.000238 0.999993 0.000086	</row1>
			<row2>	-0.984796 -0.000219 -0.173646	</row2>
			<row3>	-130.171921 53.335239 52.987576	</row3>
		</transform>
		<clientOnly>	false	</clientOnly>
		<properties>
			<entityName>	20221001	</entityName>
			<rediviousTime>	5.000000	</rediviousTime>
			<rediviousTotal>	3	</rediviousTotal>
			<randomWalkRange>	0.000000	</randomWalkRange>
			<patrolList>	</patrolList>
			<monsterType>	0	</monsterType>
			<level>	2	</level>
			<teamcount>	3	</teamcount>
			<mapName>	</mapName>
			<patrolPathNode>	</patrolPathNode>
		</properties>
	</entity_48>
	<entity_49>
		<type>	SpawnPointTianguan	</type>
		<transform>
			<row0>	-0.342017 -0.000222 0.939683	</row0>
			<row1>	-0.000103 0.999994 0.000199	</row1>
			<row2>	-0.939684 -0.000029 -0.342018	</row2>
			<row3>	-128.731918 53.335236 55.592079	</row3>
		</transform>
		<clientOnly>	false	</clientOnly>
		<properties>
			<entityName>	20221001	</entityName>
			<rediviousTime>	5.000000	</rediviousTime>
			<rediviousTotal>	3	</rediviousTotal>
			<randomWalkRange>	0.000000	</randomWalkRange>
			<patrolList>	</patrolList>
			<monsterType>	0	</monsterType>
			<level>	2	</level>
			<teamcount>	3	</teamcount>
			<mapName>	</mapName>
			<patrolPathNode>	</patrolPathNode>
		</properties>
	</entity_49>
	<entity_50>
		<type>	SpawnPointTianguan	</type>
		<transform>
			<row0>	-0.422615 0.000000 0.906298	</row0>
			<row1>	0.000159 0.999994 0.000074	</row1>
			<row2>	-0.906298 0.000175 -0.422614	</row2>
			<row3>	-130.098969 53.335392 57.553894	</row3>
		</transform>
		<clientOnly>	false	</clientOnly>
		<properties>
			<entityName>	20221001	</entityName>
			<rediviousTime>	5.000000	</rediviousTime>
			<rediviousTotal>	3	</rediviousTotal>
			<randomWalkRange>	0.000000	</randomWalkRange>
			<patrolList>	</patrolList>
			<monsterType>	0	</monsterType>
			<level>	2	</level>
			<teamcount>	3	</teamcount>
			<mapName>	</mapName>
			<patrolPathNode>	</patrolPathNode>
		</properties>
	</entity_50>
	<entity_51>
		<type>	SpawnPointTianguan	</type>
		<transform>
			<row0>	-0.422614 -0.000011 0.906298	</row0>
			<row1>	-0.000418 0.999994 -0.000183	</row1>
			<row2>	-0.906298 -0.000456 -0.422613	</row2>
			<row3>	-128.379715 53.335392 53.959984	</row3>
		</transform>
		<clientOnly>	false	</clientOnly>
		<properties>
			<entityName>	20221001	</entityName>
			<rediviousTime>	5.000000	</rediviousTime>
			<rediviousTotal>	3	</rediviousTotal>
			<randomWalkRange>	0.000000	</randomWalkRange>
			<patrolList>	</patrolList>
			<monsterType>	0	</monsterType>
			<level>	2	</level>
			<teamcount>	3	</teamcount>
			<mapName>	</mapName>
			<patrolPathNode>	</patrolPathNode>
		</properties>
	</entity_51>
	<entity_52>
		<type>	SpawnPointTianguan	</type>
		<transform>
			<row0>	-0.939686 0.000000 0.342018	</row0>
			<row1>	-0.000110 0.999996 -0.000302	</row1>
			<row2>	-0.342017 -0.000321 -0.939684	</row2>
			<row3>	-123.634148 53.237694 67.716873	</row3>
		</transform>
		<clientOnly>	false	</clientOnly>
		<properties>
			<entityName>	20221001	</entityName>
			<rediviousTime>	5.000000	</rediviousTime>
			<rediviousTotal>	3	</rediviousTotal>
			<randomWalkRange>	0.000000	</randomWalkRange>
			<patrolList>	</patrolList>
			<monsterType>	0	</monsterType>
			<level>	2	</level>
			<teamcount>	4	</teamcount>
			<mapName>	</mapName>
			<patrolPathNode>	</patrolPathNode>
		</properties>
	</entity_52>
	<entity_53>
		<type>	SpawnPointTianguan	</type>
		<transform>
			<row0>	-0.939686 0.000000 0.342018	</row0>
			<row1>	-0.000110 0.999996 -0.000302	</row1>
			<row2>	-0.342017 -0.000322 -0.939684	</row2>
			<row3>	-125.805870 53.237690 68.584511	</row3>
		</transform>
		<clientOnly>	false	</clientOnly>
		<properties>
			<entityName>	20221001	</entityName>
			<rediviousTime>	5.000000	</rediviousTime>
			<rediviousTotal>	3	</rediviousTotal>
			<randomWalkRange>	0.000000	</randomWalkRange>
			<patrolList>	</patrolList>
			<monsterType>	0	</monsterType>
			<level>	2	</level>
			<teamcount>	4	</teamcount>
			<mapName>	</mapName>
			<patrolPathNode>	</patrolPathNode>
		</properties>
	</entity_53>
	<entity_54>
		<type>	SpawnPointTianguan	</type>
		<transform>
			<row0>	-0.939686 0.000000 0.342018	</row0>
			<row1>	-0.000061 0.999996 -0.000168	</row1>
			<row2>	-0.342017 -0.000179 -0.939684	</row2>
			<row3>	-123.556999 53.237701 69.495995	</row3>
		</transform>
		<clientOnly>	false	</clientOnly>
		<properties>
			<entityName>	20221001	</entityName>
			<rediviousTime>	5.000000	</rediviousTime>
			<rediviousTotal>	3	</rediviousTotal>
			<randomWalkRange>	0.000000	</randomWalkRange>
			<patrolList>	</patrolList>
			<monsterType>	0	</monsterType>
			<level>	2	</level>
			<teamcount>	4	</teamcount>
			<mapName>	</mapName>
			<patrolPathNode>	</patrolPathNode>
		</properties>
	</entity_54>
	<entity_55>
		<type>	SpawnPointTianguan	</type>
		<transform>
			<row0>	-0.939686 0.000000 0.342018	</row0>
			<row1>	0.000057 0.999996 0.000157	</row1>
			<row2>	-0.342017 0.000166 -0.939684	</row2>
			<row3>	-124.834000 53.237698 69.865990	</row3>
		</transform>
		<clientOnly>	false	</clientOnly>
		<properties>
			<entityName>	20221001	</entityName>
			<rediviousTime>	5.000000	</rediviousTime>
			<rediviousTotal>	3	</rediviousTotal>
