<root>
	<entity_1>
		<stopLinkStation>	00000000.00000000.00000000.00000000	</stopLinkStation>
		<animation>	</animation>
		<animationEven>	</animationEven>
		<type>	Flock	</type>
		<transform>
			<row0>	-0.258817 -0.003512 0.965913	</row0>
			<row1>	-0.000500 0.999988 0.003502	</row1>
			<row2>	-0.965920 0.000423 -0.258817	</row2>
			<row3>	-48.650215 24.992199 -124.000778	</row3>
		</transform>
		<clientOnly>	true	</clientOnly>
		<properties>
			<maxFlightTime>	200.000000	</maxFlightTime>
			<modelFile>	space/tong_yong/dong_wu/dong_wu/ty_hu_die_002.model	</modelFile>
			<amount>	4	</amount>
			<modelScale>	1.000000	</modelScale>
			<radius>	4.000000	</radius>
			<approachRadius>	10.000000	</approachRadius>
			<heightClipMin>	-10000000.000000	</heightClipMin>
			<heightClipMax>	10000000.000000	</heightClipMax>
			<yawEnable>	1	</yawEnable>
			<pitchEnable>	1	</pitchEnable>
			<rollEnable>	1	</rollEnable>
			<collisionFraction>	10.000000	</collisionFraction>
			<influenceRadius>	1.000000	</influenceRadius>
			<speed>	0.030000	</speed>
			<stopRadius>	1.000000	</stopRadius>
			<waterHeight>	0.000000	</waterHeight>
			<hardPoint>	</hardPoint>
			<effectID>	</effectID>
			<triggerLoopTime>	12.000000	</triggerLoopTime>
			<actionID>	</actionID>
			<patrolPathNode>	</patrolPathNode>
			<actionDefaultName>	</actionDefaultName>
			<ownModelName>	</ownModelName>
		</properties>
	</entity_1>
	<entity_2>
		<stopLinkStation>	00000000.00000000.00000000.00000000	</stopLinkStation>
		<animation>	</animation>
		<animationEven>	</animationEven>
		<type>	Flock	</type>
		<transform>
			<row0>	0.999994 0.000000 0.000000	</row0>
			<row1>	0.000000 0.999995 0.000000	</row1>
			<row2>	0.000000 0.000000 0.999994	</row2>
			<row3>	-1.095421 32.377838 -109.528740	</row3>
		</transform>
		<clientOnly>	true	</clientOnly>
		<properties>
			<maxFlightTime>	200.000000	</maxFlightTime>
			<modelFile>	space/tong_yong/dong_wu/dong_wu/ty_hu_die_001.model	</modelFile>
			<amount>	2	</amount>
			<modelScale>	1.000000	</modelScale>
			<radius>	4.000000	</radius>
			<approachRadius>	5.000000	</approachRadius>
			<heightClipMin>	-10000000.000000	</heightClipMin>
			<heightClipMax>	10000000.000000	</heightClipMax>
			<yawEnable>	1	</yawEnable>
			<pitchEnable>	1	</pitchEnable>
			<rollEnable>	1	</rollEnable>
			<collisionFraction>	10.000000	</collisionFraction>
			<influenceRadius>	1.000000	</influenceRadius>
			<speed>	0.030000	</speed>
			<stopRadius>	1.000000	</stopRadius>
			<waterHeight>	0.000000	</waterHeight>
			<hardPoint>	</hardPoint>
			<effectID>	</effectID>
			<triggerLoopTime>	12.000000	</triggerLoopTime>
			<actionID>	</actionID>
			<patrolPathNode>	</patrolPathNode>
			<actionDefaultName>	</actionDefaultName>
			<ownModelName>	</ownModelName>
		</properties>
	</entity_2>
	<entity_3>
		<stopLinkStation>	00000000.00000000.00000000.00000000	</stopLinkStation>
		<animation>	</animation>
		<animationEven>	</animationEven>
		<type>	SpawnPointCopyYeWai	</type>
		<transform>
			<row0>	0.690358 0.000000 0.723466	</row0>
			<row1>	0.000000 0.999999 0.000000	</row1>
			<row2>	-0.723466 0.000000 0.690358	</row2>
			<row3>	-47.808189 22.654287 -119.775635	</row3>
		</transform>
		<clientOnly>	false	</clientOnly>
		<properties>
			<entityName>	20111060	</entityName>
			<rediviousTime>	36660.000000	</rediviousTime>
			<rediviousTotal>	1	</rediviousTotal>
			<randomWalkRange>	0.000000	</randomWalkRange>
			<patrolList>	</patrolList>
			<difficulty>	0	</difficulty>
			<monsterType>	0	</monsterType>
			<patrolPathNode>	</patrolPathNode>
			<actionDefaultName>	</actionDefaultName>
			<ownModelName>	</ownModelName>
		</properties>
	</entity_3>
	<entity_4>
		<stopLinkStation>	00000000.00000000.00000000.00000000	</stopLinkStation>
		<animation>	</animation>
		<animationEven>	</animationEven>
		<type>	SpawnPointCopyYeWai	</type>
		<transform>
			<row0>	0.690358 0.000000 0.723466	</row0>
			<row1>	0.000000 0.999999 0.000000	</row1>
			<row2>	-0.723466 0.000000 0.690358	</row2>
			<row3>	-45.329647 22.705069 -119.653603	</row3>
		</transform>
		<clientOnly>	false	</clientOnly>
		<properties>
			<entityName>	20321051	</entityName>
			<rediviousTime>	36660.000000	</rediviousTime>
			<rediviousTotal>	1	</rediviousTotal>
			<randomWalkRange>	0.000000	</randomWalkRange>
			<patrolList>	</patrolList>
			<difficulty>	0	</difficulty>
			<monsterType>	0	</monsterType>
			<patrolPathNode>	</patrolPathNode>
			<actionDefaultName>	</actionDefaultName>
			<ownModelName>	</ownModelName>
		</properties>
	</entity_4>
	<entity_5>
		<stopLinkStation>	00000000.00000000.00000000.00000000	</stopLinkStation>
		<animation>	</animation>
		<animationEven>	</animationEven>
		<type>	SpawnPointCopyYeWai	</type>
		<transform>
			<row0>	0.690358 0.000000 0.723466	</row0>
			<row1>	0.000000 0.999999 0.000000	</row1>
			<row2>	-0.723466 0.000000 0.690358	</row2>
			<row3>	-47.464481 22.726553 -122.526039	</row3>
		</transform>
		<clientOnly>	false	</clientOnly>
		<properties>
			<entityName>	20321051	</entityName>
			<rediviousTime>	36660.000000	</rediviousTime>
			<rediviousTotal>	1	</rediviousTotal>
			<randomWalkRange>	0.000000	</randomWalkRange>
			<patrolList>	</patrolList>
			<difficulty>	0	</difficulty>
			<monsterType>	0	</monsterType>
			<patrolPathNode>	</patrolPathNode>
			<actionDefaultName>	</actionDefaultName>
			<ownModelName>	</ownModelName>
		</properties>
	</entity_5>
	<entity_6>
		<stopLinkStation>	00000000.00000000.00000000.00000000	</stopLinkStation>
		<animation>	</animation>
		<animationEven>	</animationEven>
		<type>	Flock	</type>
		<transform>
			<row0>	-0.258817 0.000000 0.965922	</row0>
			<row1>	0.000000 0.999995 0.000000	</row1>
			<row2>	-0.965922 0.000000 -0.258817	</row2>
			<row3>	-79.942108 56.442036 -11.840927	</row3>
		</transform>
		<clientOnly>	true	</clientOnly>
		<properties>
			<maxFlightTime>	200.000000	</maxFlightTime>
			<modelFile>	creature/he/ty_he_m.model	</modelFile>
			<amount>	2	</amount>
			<modelScale>	1.000000	</modelScale>
			<radius>	30.000000	</radius>
			<approachRadius>	10.000000	</approachRadius>
			<heightClipMin>	5.000000	</heightClipMin>
			<heightClipMax>	10000000.000000	</heightClipMax>
			<yawEnable>	1	</yawEnable>
			<pitchEnable>	1	</pitchEnable>
			<rollEnable>	1	</rollEnable>
			<collisionFraction>	10.000000	</collisionFraction>
			<influenceRadius>	60.000000	</influenceRadius>
			<speed>	0.500000	</speed>
			<stopRadius>	1.000000	</stopRadius>
			<waterHeight>	0.000000	</waterHeight>
			<hardPoint>	</hardPoint>
			<effectID>	</effectID>
			<triggerLoopTime>	12.000000	</triggerLoopTime>
			<actionID>	</actionID>
			<patrolPathNode>	</patrolPathNode>
			<actionDefaultName>	</actionDefaultName>
			<ownModelName>	</ownModelName>
		</properties>
	</entity_6>
	<entity_7>
		<stopLinkStation>	00000000.00000000.00000000.00000000	</stopLinkStation>
		<animation>	</animation>
		<animationEven>	</animationEven>
		<type>	SpawnPointCopyYeWai	</type>
		<transform>
			<row0>	-0.998967 -0.034054 -0.030006	</row0>
			<row1>	-0.032482 0.998149 -0.051397	</row1>
			<row2>	0.031701 -0.050368 -0.998225	</row2>
			<row3>	-9.086472 29.421284 -99.816559	</row3>
		</transform>
		<clientOnly>	false	</clientOnly>
		<properties>
			<entityName>	20131050	</entityName>
			<rediviousTime>	36660.000000	</rediviousTime>
			<rediviousTotal>	1	</rediviousTotal>
			<randomWalkRange>	0.000000	</randomWalkRange>
			<patrolList>	</patrolList>
			<difficulty>	0	</difficulty>
			<monsterType>	0	</monsterType>
			<patrolPathNode>	</patrolPathNode>
			<actionDefaultName>	</actionDefaultName>
			<ownModelName>	</ownModelName>
		</properties>
	</entity_7>
	<entity_8>
		<stopLinkStation>	00000000.00000000.00000000.00000000	</stopLinkStation>
		<animation>	</animation>
		<animationEven>	</animationEven>
		<type>	SpawnPointCopyYeWai	</type>
		<transform>
			<row0>	-0.999520 -0.000370 -0.030888	</row0>
			<row1>	-0.000347 0.999998 -0.000688	</row1>
			<row2>	0.030888 -0.000676 -0.999521	</row2>
			<row3>	-8.887573 32.104317 -71.077614	</row3>
		</transform>
		<clientOnly>	false	</clientOnly>
		<properties>
			<entityName>	20131050	</entityName>
			<rediviousTime>	36660.000000	</rediviousTime>
			<rediviousTotal>	1	</rediviousTotal>
			<randomWalkRange>	0.000000	</randomWalkRange>
			<patrolList>	</patrolList>
			<difficulty>	0	</difficulty>
			<monsterType>	0	</monsterType>
			<patrolPathNode>	</patrolPathNode>
			<actionDefaultName>	</actionDefaultName>
			<ownModelName>	</ownModelName>
		</properties>
	</entity_8>
	<entity_9>
		<stopLinkStation>	00000000.00000000.00000000.00000000	</stopLinkStation>
		<animation>	</animation>
		<animationEven>	</animationEven>
		<type>	SpawnPointCopyYeWai	</type>
		<transform>
			<row0>	-0.999520 -0.000014 -0.030888	</row0>
			<row1>	-0.000002 0.999998 -0.000343	</row1>
			<row2>	0.030888 -0.000342 -0.999521	</row2>
			<row3>	-3.666756 32.103626 -73.370811	</row3>
		</transform>
		<clientOnly>	false	</clientOnly>
		<properties>
			<entityName>	20111063	</entityName>
			<rediviousTime>	36660.000000	</rediviousTime>
			<rediviousTotal>	1	</rediviousTotal>
			<randomWalkRange>	0.000000	</randomWalkRange>
			<patrolList>	</patrolList>
			<difficulty>	0	</difficulty>
			<monsterType>	0	</monsterType>
			<patrolPathNode>	</patrolPathNode>
			<actionDefaultName>	</actionDefaultName>
			<ownModelName>	</ownModelName>
		</properties>
	</entity_9>
	<entity_10>
		<stopLinkStation>	00000000.00000000.00000000.00000000	</stopLinkStation>
		<animation>	</animation>
		<animationEven>	</animationEven>
		<type>	SpawnPointCopyYeWai	</type>
		<transform>
			<row0>	-0.957466 0.000075 -0.288530	</row0>
			<row1>	0.000141 0.999997 -0.000200	</row1>
			<row2>	0.288529 -0.000231 -0.957467	</row2>
			<row3>	-11.803932 32.102669 -75.845627	</row3>
		</transform>
		<clientOnly>	false	</clientOnly>
		<properties>
			<entityName>	20121023	</entityName>
			<rediviousTime>	36660.000000	</rediviousTime>
			<rediviousTotal>	1	</rediviousTotal>
			<randomWalkRange>	0.000000	</randomWalkRange>
			<patrolList>	</patrolList>
			<difficulty>	0	</difficulty>
			<monsterType>	0	</monsterType>
			<patrolPathNode>	</patrolPathNode>
			<actionDefaultName>	</actionDefaultName>
			<ownModelName>	</ownModelName>
		</properties>
	</entity_10>
	<entity_11>
		<stopLinkStation>	00000000.00000000.00000000.00000000	</stopLinkStation>
		<animation>	</animation>
		<animationEven>	</animationEven>
		<type>	SpawnPointCopyYeWai	</type>
		<transform>
			<row0>	-0.999520 0.000133 -0.030888	</row0>
			<row1>	0.000141 0.999997 -0.000200	</row1>
			<row2>	0.030888 -0.000203 -0.999520	</row2>
			<row3>	-10.234154 32.105656 -67.480499	</row3>
		</transform>
		<clientOnly>	false	</clientOnly>
		<properties>
			<entityName>	20331036	</entityName>
			<rediviousTime>	36660.000000	</rediviousTime>
			<rediviousTotal>	1	</rediviousTotal>
			<randomWalkRange>	0.000000	</randomWalkRange>
			<patrolList>	</patrolList>
			<difficulty>	0	</difficulty>
			<monsterType>	0	</monsterType>
			<patrolPathNode>	</patrolPathNode>
			<actionDefaultName>	</actionDefaultName>
			<ownModelName>	</ownModelName>
		</properties>
	</entity_11>
	<entity_12>
		<stopLinkStation>	00000000.00000000.00000000.00000000	</stopLinkStation>
		<animation>	</animation>
		<animationEven>	</animationEven>
		<type>	Flock	</type>
		<transform>
			<row0>	0.258816 0.003512 -0.965913	</row0>
			<row1>	-0.000500 0.999987 0.003502	</row1>
			<row2>	0.965919 -0.000424 0.258817	</row2>
			<row3>	51.801624 49.017616 -130.558304	</row3>
		</transform>
		<clientOnly>	true	</clientOnly>
		<properties>
			<maxFlightTime>	200.000000	</maxFlightTime>
			<modelFile>	space/tong_yong/dong_wu/dong_wu/ty_hu_die_004.model	</modelFile>
			<amount>	4	</amount>
			<modelScale>	1.000000	</modelScale>
			<radius>	3.000000	</radius>
			<approachRadius>	4.000000	</approachRadius>
			<heightClipMin>	-10000000.000000	</heightClipMin>
			<heightClipMax>	10000000.000000	</heightClipMax>
			<yawEnable>	1	</yawEnable>
			<pitchEnable>	1	</pitchEnable>
			<rollEnable>	1	</rollEnable>
			<collisionFraction>	10.000000	</collisionFraction>
			<influenceRadius>	1.000000	</influenceRadius>
			<speed>	0.030000	</speed>
			<stopRadius>	1.000000	</stopRadius>
			<waterHeight>	0.000000	</waterHeight>
			<hardPoint>	</hardPoint>
			<effectID>	</effectID>
			<triggerLoopTime>	12.000000	</triggerLoopTime>
			<actionID>	</actionID>
			<patrolPathNode>	</patrolPathNode>
			<actionDefaultName>	</actionDefaultName>
			<ownModelName>	</ownModelName>
		</properties>
	</entity_12>
	<entity_13>
		<stopLinkStation>	00000000.00000000.00000000.00000000	</stopLinkStation>
		<animation>	</animation>
		<animationEven>	</animationEven>
		<type>	Flock	</type>
		<transform>
			<row0>	0.707101 0.002830 -0.707096	</row0>
			<row1>	-0.000500 0.999988 0.003502	</row1>
			<row2>	0.707103 -0.002123 0.707099	</row2>
			<row3>	61.671562 48.757359 -150.508865	</row3>
		</transform>
		<clientOnly>	true	</clientOnly>
		<properties>
			<maxFlightTime>	200.000000	</maxFlightTime>
			<modelFile>	space/tong_yong/dong_wu/dong_wu/ty_hu_die_002.model	</modelFile>
			<amount>	4	</amount>
			<modelScale>	1.000000	</modelScale>
			<radius>	3.000000	</radius>
			<approachRadius>	4.000000	</approachRadius>
			<heightClipMin>	-10000000.000000	</heightClipMin>
			<heightClipMax>	10000000.000000	</heightClipMax>
			<yawEnable>	1	</yawEnable>
			<pitchEnable>	1	</pitchEnable>
			<rollEnable>	1	</rollEnable>
			<collisionFraction>	10.000000	</collisionFraction>
			<influenceRadius>	1.000000	</influenceRadius>
			<speed>	0.030000	</speed>
			<stopRadius>	1.000000	</stopRadius>
			<waterHeight>	0.000000	</waterHeight>
			<hardPoint>	</hardPoint>
			<effectID>	</effectID>
			<triggerLoopTime>	12.000000	</triggerLoopTime>
			<actionID>	</actionID>
			<patrolPathNode>	</patrolPathNode>
			<actionDefaultName>	</actionDefaultName>
			<ownModelName>	</ownModelName>
		</properties>
	</entity_13>
	<entity_14>
		<stopLinkStation>	00000000.00000000.00000000.00000000	</stopLinkStation>
		<animation>	</animation>
		<animationEven>	</animationEven>
		<type>	Flock	</type>
		<transform>
			<row0>	0.258816 0.003512 -0.965913	</row0>
			<row1>	-0.000500 0.999987 0.003502	</row1>
			<row2>	0.965919 -0.000424 0.258817	</row2>
			<row3>	86.249382 53.494911 -134.366150	</row3>
		</transform>
		<clientOnly>	true	</clientOnly>
		<properties>
			<maxFlightTime>	200.000000	</maxFlightTime>
			<modelFile>	space/tong_yong/dong_wu/dong_wu/ty_hu_die_004.model	</modelFile>
			<amount>	4	</amount>
			<modelScale>	1.000000	</modelScale>
			<radius>	3.000000	</radius>
			<approachRadius>	4.000000	</approachRadius>
			<heightClipMin>	-10000000.000000	</heightClipMin>
			<heightClipMax>	10000000.000000	</heightClipMax>
			<yawEnable>	1	</yawEnable>
			<pitchEnable>	1	</pitchEnable>
			<rollEnable>	1	</rollEnable>
			<collisionFraction>	10.000000	</collisionFraction>
			<influenceRadius>	1.000000	</influenceRadius>
			<speed>	0.030000	</speed>
			<stopRadius>	1.000000	</stopRadius>
			<waterHeight>	0.000000	</waterHeight>
			<hardPoint>	</hardPoint>
			<effectID>	</effectID>
			<triggerLoopTime>	12.000000	</triggerLoopTime>
			<actionID>	</actionID>
			<patrolPathNode>	</patrolPathNode>
			<actionDefaultName>	</actionDefaultName>
			<ownModelName>	</ownModelName>
		</properties>
	</entity_14>
	<entity_15>
		<stopLinkStation>	00000000.00000000.00000000.00000000	</stopLinkStation>
		<animation>	</animation>
		<animationEven>	</animationEven>
		<type>	SpawnPointCopyYeWai	</type>
		<transform>
			<row0>	0.231982 0.029459 0.972272	</row0>
			<row1>	-0.276632 0.960266 0.036908	</row1>
			<row2>	-0.932554 -0.277523 0.230914	</row2>
			<row3>	20.280247 38.398849 -141.537460	</row3>
		</transform>
		<clientOnly>	false	</clientOnly>
		<properties>
			<entityName>	20121023	</entityName>
			<rediviousTime>	36660.000000	</rediviousTime>
			<rediviousTotal>	1	</rediviousTotal>
			<randomWalkRange>	0.000000	</randomWalkRange>
			<patrolList>	</patrolList>
			<difficulty>	0	</difficulty>
			<monsterType>	0	</monsterType>
			<patrolPathNode>	</patrolPathNode>
			<actionDefaultName>	</actionDefaultName>
			<ownModelName>	</ownModelName>
		</properties>
	</entity_15>
	<entity_16>
		<stopLinkStation>	00000000.00000000.00000000.00000000	</stopLinkStation>
		<animation>	</animation>
		<animationEven>	</animationEven>
		<type>	SpawnPointCopyYeWai	</type>
		<transform>
			<row0>	0.232362 0.028109 0.972222	</row0>
			<row1>	-0.263619 0.963986 0.035134	</row1>
			<row2>	-0.936221 -0.264459 0.231403	</row2>
			<row3>	20.669046 38.291416 -135.112106	</row3>
		</transform>
		<clientOnly>	false	</clientOnly>
		<properties>
			<entityName>	20121023	</entityName>
			<rediviousTime>	36660.000000	</rediviousTime>
			<rediviousTotal>	1	</rediviousTotal>
			<randomWalkRange>	0.000000	</randomWalkRange>
			<patrolList>	</patrolList>
			<difficulty>	0	</difficulty>
			<monsterType>	0	</monsterType>
			<patrolPathNode>	</patrolPathNode>
			<actionDefaultName>	</actionDefaultName>
			<ownModelName>	</ownModelName>
		</properties>
	</entity_16>
	<entity_17>
		<stopLinkStation>	00000000.00000000.00000000.00000000	</stopLinkStation>
		<animation>	</animation>
		<animationEven>	</animationEven>
		<type>	SpawnPointCopyYeWai	</type>
		<transform>
			<row0>	-0.830584 -0.041604 0.555334	</row0>
			<row1>	-0.035019 0.999132 0.022477	</row1>
			<row2>	-0.555787 -0.000777 -0.831320	</row2>
			<row3>	98.193520 51.659744 -122.105980	</row3>
		</transform>
		<clientOnly>	false	</clientOnly>
		<properties>
			<entityName>	20141046	</entityName>
			<rediviousTime>	36660.000000	</rediviousTime>
			<rediviousTotal>	1	</rediviousTotal>
			<randomWalkRange>	0.000000	</randomWalkRange>
			<patrolList>	</patrolList>
			<difficulty>	0	</difficulty>
			<monsterType>	0	</monsterType>
			<patrolPathNode>	</patrolPathNode>
			<actionDefaultName>	</actionDefaultName>
			<ownModelName>	</ownModelName>
		</properties>
	</entity_17>
	<entity_18>
		<stopLinkStation>	00000000.00000000.00000000.00000000	</stopLinkStation>
		<animation>	</animation>
		<animationEven>	</animationEven>
		<type>	SpawnPointCopyYeWai	</type>
		<transform>
			<row0>	-0.655577 -0.057649 0.752921	</row0>
			<row1>	-0.161604 0.984689 -0.065315	</row1>
			<row2>	-0.737628 -0.164493 -0.654857	</row2>
			<row3>	83.642616 51.171318 -142.757217	</row3>
		</transform>
		<clientOnly>	false	</clientOnly>
		<link>
			<cameraNode>	0814FDAC.4D8F92AB.65AA9FAE.B1B75D30	</cameraNode>
			<startEven>	</startEven>
			<animationTime>	6203156579719838400000000000.000000	</animationTime>
			<magicGuiSound>	</magicGuiSound>
		</link>
		<properties>
			<entityName>	20321043	</entityName>
			<rediviousTime>	36660.000000	</rediviousTime>
			<rediviousTotal>	1	</rediviousTotal>
			<randomWalkRange>	0.000000	</randomWalkRange>
			<patrolList>	394C2763.467FF433.6DCC0F87.6DDF3B36	</patrolList>
			<difficulty>	0	</difficulty>
			<monsterType>	0	</monsterType>
			<patrolPathNode>	0814FDAC.4D8F92AB.65AA9FAE.B1B75D30	</patrolPathNode>
			<actionDefaultName>	</actionDefaultName>
			<ownModelName>	</ownModelName>
		</properties>
	</entity_18>
	<entity_19>
		<stopLinkStation>	00000000.00000000.00000000.00000000	</stopLinkStation>
		<animation>	</animation>
		<animationEven>	</animationEven>
		<type>	SpawnPointCopyYeWai	</type>
		<transform>
			<row0>	-0.663147 0.010291 0.748415	</row0>
			<row1>	-0.059108 0.996060 -0.066070	</row1>
			<row2>	-0.746146 -0.088051 -0.659927	</row2>
			<row3>	84.688850 51.284996 -141.728302	</row3>
		</transform>
		<clientOnly>	false	</clientOnly>
		<link>
			<cameraNode>	0814FDAC.4D8F92AB.65AA9FAE.B1B75D30	</cameraNode>
			<startEven>	</startEven>
			<animationTime>	6203156579719838400000000000.000000	</animationTime>
			<magicGuiSound>	</magicGuiSound>
		</link>
		<properties>
			<entityName>	20321043	</entityName>
			<rediviousTime>	36660.000000	</rediviousTime>
			<rediviousTotal>	1	</rediviousTotal>
			<randomWalkRange>	0.000000	</randomWalkRange>
			<patrolList>	394C2763.467FF433.6DCC0F87.6DDF3B36	</patrolList>
			<difficulty>	0	</difficulty>
			<monsterType>	0	</monsterType>
			<patrolPathNode>	0814FDAC.4D8F92AB.65AA9FAE.B1B75D30	</patrolPathNode>
			<actionDefaultName>	</actionDefaultName>
			<ownModelName>	</ownModelName>
		</properties>
	</entity_19>
	<entity_20>
		<stopLinkStation>	00000000.00000000.00000000.00000000	</stopLinkStation>
		<animation>	</animation>
		<animationEven>	</animationEven>
		<type>	SpawnPointCopyYeWai	</type>
		<transform>
			<row0>	0.060928 0.016895 0.997995	</row0>
			<row1>	0.017038 0.999689 -0.017963	</row1>
			<row2>	-0.997993 0.018100 0.060620	</row2>
			<row3>	93.001678 52.682194 -136.364655	</row3>
		</transform>
		<clientOnly>	false	</clientOnly>
		<properties>
			<entityName>	20331037	</entityName>
			<rediviousTime>	36660.000000	</rediviousTime>
			<rediviousTotal>	1	</rediviousTotal>
			<randomWalkRange>	0.000000	</randomWalkRange>
			<patrolList>	</patrolList>
			<difficulty>	0	</difficulty>
			<monsterType>	0	</monsterType>
			<patrolPathNode>	</patrolPathNode>
			<actionDefaultName>	</actionDefaultName>
			<ownModelName>	</ownModelName>
		</properties>
	</entity_20>
	<entity_21>
		<stopLinkStation>	00000000.00000000.00000000.00000000	</stopLinkStation>
		<animation>	</animation>
		<animationEven>	</animationEven>
		<type>	Flock	</type>
		<transform>
			<row0>	-0.258819 0.000000 -0.965920	</row0>
			<row1>	0.000000 0.999995 0.000000	</row1>
			<row2>	0.965920 0.000000 -0.258819	</row2>
			<row3>	41.789238 54.593395 -57.053818	</row3>
		</transform>
		<clientOnly>	true	</clientOnly>
		<properties>
			<maxFlightTime>	200.000000	</maxFlightTime>
			<modelFile>	creature/he/ty_he_m.model	</modelFile>
			<amount>	2	</amount>
			<modelScale>	1.000000	</modelScale>
			<radius>	30.000000	</radius>
			<approachRadius>	10.000000	</approachRadius>
			<heightClipMin>	5.000000	</heightClipMin>
			<heightClipMax>	10000000.000000	</heightClipMax>
			<yawEnable>	1	</yawEnable>
			<pitchEnable>	1	</pitchEnable>
			<rollEnable>	1	</rollEnable>
			<collisionFraction>	10.000000	</collisionFraction>
			<influenceRadius>	60.000000	</influenceRadius>
			<speed>	0.500000	</speed>
			<stopRadius>	1.000000	</stopRadius>
			<waterHeight>	0.000000	</waterHeight>
			<hardPoint>	</hardPoint>
			<effectID>	</effectID>
			<triggerLoopTime>	12.000000	</triggerLoopTime>
			<actionID>	</actionID>
			<patrolPathNode>	</patrolPathNode>
			<actionDefaultName>	</actionDefaultName>
			<ownModelName>	</ownModelName>
		</properties>
	</entity_21>
	<entity_22>
		<stopLinkStation>	00000000.00000000.00000000.00000000	</stopLinkStation>
		<animation>	</animation>
		<animationEven>	</animationEven>
		<type>	SpawnPointCopyYeWai	</type>
		<transform>
			<row0>	-0.973608 0.017417 0.227551	</row0>
			<row1>	0.007026 0.998897 -0.046397	</row1>
			<row2>	-0.228108 -0.043573 -0.972658	</row2>
			<row3>	1.645312 29.642815 -99.935829	</row3>
		</transform>
		<clientOnly>	false	</clientOnly>
		<properties>
			<entityName>	20131050	</entityName>
			<rediviousTime>	36660.000000	</rediviousTime>
			<rediviousTotal>	1	</rediviousTotal>
			<randomWalkRange>	0.000000	</randomWalkRange>
			<patrolList>	</patrolList>
			<difficulty>	0	</difficulty>
			<monsterType>	0	</monsterType>
			<patrolPathNode>	</patrolPathNode>
			<actionDefaultName>	</actionDefaultName>
			<ownModelName>	</ownModelName>
		</properties>
	</entity_22>
	<entity_23>
		<stopLinkStation>	00000000.00000000.00000000.00000000	</stopLinkStation>
		<animation>	</animation>
		<animationEven>	</animationEven>
		<type>	SpawnPointCopyYeWai	</type>
		<transform>
			<row0>	-0.973455 -0.000001 0.228859	</row0>
			<row1>	-0.000103 0.999997 -0.000444	</row1>
			<row2>	-0.228860 -0.000455 -0.973456	</row2>
			<row3>	1.341360 32.102909 -75.936447	</row3>
		</transform>
		<clientOnly>	false	</clientOnly>
		<properties>
			<entityName>	20121023	</entityName>
			<rediviousTime>	36660.000000	</rediviousTime>
			<rediviousTotal>	1	</rediviousTotal>
			<randomWalkRange>	0.000000	</randomWalkRange>
			<patrolList>	</patrolList>
			<difficulty>	0	</difficulty>
			<monsterType>	0	</monsterType>
			<patrolPathNode>	</patrolPathNode>
			<actionDefaultName>	</actionDefaultName>
			<ownModelName>	</ownModelName>
		</properties>
	</entity_23>
	<entity_24>
		<stopLinkStation>	00000000.00000000.00000000.00000000	</stopLinkStation>
		<animation>	</animation>
		<animationEven>	</animationEven>
		<type>	SpawnPointCopyYeWai	</type>
		<transform>
			<row0>	-0.973456 0.000181 0.228859	</row0>
			<row1>	0.000141 0.999998 -0.000200	</row1>
			<row2>	-0.228860 -0.000161 -0.973457	</row2>
			<row3>	4.992908 32.104355 -71.145363	</row3>
		</transform>
		<clientOnly>	false	</clientOnly>
		<properties>
			<entityName>	20131050	</entityName>
			<rediviousTime>	36660.000000	</rediviousTime>
			<rediviousTotal>	1	</rediviousTotal>
			<randomWalkRange>	0.000000	</randomWalkRange>
			<patrolList>	</patrolList>
			<difficulty>	0	</difficulty>
			<monsterType>	0	</monsterType>
			<patrolPathNode>	</patrolPathNode>
			<actionDefaultName>	</actionDefaultName>
			<ownModelName>	</ownModelName>
		</properties>
	</entity_24>
	<entity_25>
		<stopLinkStation>	00000000.00000000.00000000.00000000	</stopLinkStation>
		<animation>	</animation>
		<animationEven>	</animationEven>
		<type>	SpawnPointCopyYeWai	</type>
		<transform>
			<row0>	-0.999520 -0.000370 -0.030888	</row0>
			<row1>	-0.000347 0.999997 -0.000688	</row1>
			<row2>	0.030888 -0.000676 -0.999520	</row2>
			<row3>	2.373902 32.103626 -67.384216	</row3>
		</transform>
		<clientOnly>	false	</clientOnly>
		<properties>
			<entityName>	20331036	</entityName>
			<rediviousTime>	36660.000000	</rediviousTime>
			<rediviousTotal>	1	</rediviousTotal>
			<randomWalkRange>	0.000000	</randomWalkRange>
			<patrolList>	</patrolList>
			<difficulty>	0	</difficulty>
			<monsterType>	0	</monsterType>
			<patrolPathNode>	</patrolPathNode>
			<actionDefaultName>	</actionDefaultName>
			<ownModelName>	</ownModelName>
		</properties>
	</entity_25>
	<entity_26>
		<stopLinkStation>	00000000.00000000.00000000.00000000	</stopLinkStation>
		<animation>	</animation>
		<animationEven>	</animationEven>
		<type>	Flock	</type>
		<transform>
			<row0>	0.999994 0.000500 0.000001	</row0>
			<row1>	-0.000500 0.999989 0.003502	</row1>
			<row2>	0.000001 -0.003502 0.999988	</row2>
			<row3>	106.880470 57.307026 -145.744415	</row3>
		</transform>
		<clientOnly>	true	</clientOnly>
		<properties>
			<maxFlightTime>	200.000000	</maxFlightTime>
			<modelFile>	space/tong_yong/dong_wu/dong_wu/ty_hu_die_002.model	</modelFile>
			<amount>	4	</amount>
			<modelScale>	1.000000	</modelScale>
			<radius>	4.000000	</radius>
			<approachRadius>	10.000000	</approachRadius>
			<heightClipMin>	-10000000.000000	</heightClipMin>
			<heightClipMax>	10000000.000000	</heightClipMax>
			<yawEnable>	1	</yawEnable>
			<pitchEnable>	1	</pitchEnable>
			<rollEnable>	1	</rollEnable>
			<collisionFraction>	10.000000	</collisionFraction>
			<influenceRadius>	1.000000	</influenceRadius>
			<speed>	0.030000	</speed>
			<stopRadius>	1.000000	</stopRadius>
			<waterHeight>	0.000000	</waterHeight>
			<hardPoint>	</hardPoint>
			<effectID>	</effectID>
			<triggerLoopTime>	12.000000	</triggerLoopTime>
			<actionID>	</actionID>
			<patrolPathNode>	</patrolPathNode>
			<actionDefaultName>	</actionDefaultName>
			<ownModelName>	</ownModelName>
		</properties>
	</entity_26>
	<entity_27>
		<stopLinkStation>	00000000.00000000.00000000.00000000	</stopLinkStation>
		<animation>	</animation>
		<animationEven>	</animationEven>
		<type>	Flock	</type>
		<transform>
			<row0>	-0.000001 0.003502 -0.999988	</row0>
			<row1>	-0.000500 0.999989 0.003502	</row1>
			<row2>	0.999994 0.000500 0.000001	</row2>
			<row3>	129.375977 59.226028 -180.244583	</row3>
		</transform>
		<clientOnly>	true	</clientOnly>
		<properties>
			<maxFlightTime>	200.000000	</maxFlightTime>
			<modelFile>	space/tong_yong/dong_wu/dong_wu/ty_hu_die_002.model	</modelFile>
			<amount>	4	</amount>
			<modelScale>	1.000000	</modelScale>
			<radius>	4.000000	</radius>
			<approachRadius>	10.000000	</approachRadius>
			<heightClipMin>	-10000000.000000	</heightClipMin>
			<heightClipMax>	10000000.000000	</heightClipMax>
			<yawEnable>	1	</yawEnable>
			<pitchEnable>	1	</pitchEnable>
			<rollEnable>	1	</rollEnable>
			<collisionFraction>	10.000000	</collisionFraction>
			<influenceRadius>	1.000000	</influenceRadius>
			<speed>	0.030000	</speed>
			<stopRadius>	1.000000	</stopRadius>
			<waterHeight>	0.000000	</waterHeight>
			<hardPoint>	</hardPoint>
			<effectID>	</effectID>
			<triggerLoopTime>	12.000000	</triggerLoopTime>
			<actionID>	</actionID>
			<patrolPathNode>	</patrolPathNode>
			<actionDefaultName>	</actionDefaultName>
			<ownModelName>	</ownModelName>
		</properties>
	</entity_27>
	<entity_28>
		<stopLinkStation>	00000000.00000000.00000000.00000000	</stopLinkStation>
		<animation>	</animation>
		<animationEven>	</animationEven>
		<type>	Flock	</type>
		<transform>
			<row0>	-0.000001 0.003502 -0.999988	</row0>
			<row1>	-0.000500 0.999989 0.003502	</row1>
			<row2>	0.999994 0.000500 0.000001	</row2>
			<row3>	155.705475 61.639774 -174.624481	</row3>
		</transform>
		<clientOnly>	true	</clientOnly>
		<properties>
			<maxFlightTime>	200.000000	</maxFlightTime>
			<modelFile>	space/tong_yong/dong_wu/dong_wu/ty_hu_die_002.model	</modelFile>
			<amount>	4	</amount>
			<modelScale>	1.000000	</modelScale>
			<radius>	4.000000	</radius>
			<approachRadius>	10.000000	</approachRadius>
			<heightClipMin>	-10000000.000000	</heightClipMin>
			<heightClipMax>	10000000.000000	</heightClipMax>
			<yawEnable>	1	</yawEnable>
			<pitchEnable>	1	</pitchEnable>
			<rollEnable>	1	</rollEnable>
			<collisionFraction>	10.000000	</collisionFraction>
			<influenceRadius>	1.000000	</influenceRadius>
			<speed>	0.030000	</speed>
			<stopRadius>	1.000000	</stopRadius>
			<waterHeight>	0.000000	</waterHeight>
			<hardPoint>	</hardPoint>
			<effectID>	</effectID>
			<triggerLoopTime>	12.000000	</triggerLoopTime>
			<actionID>	</actionID>
			<patrolPathNode>	</patrolPathNode>
			<actionDefaultName>	</actionDefaultName>
			<ownModelName>	</ownModelName>
		</properties>
	</entity_28>
	<entity_29>
		<stopLinkStation>	00000000.00000000.00000000.00000000	</stopLinkStation>
		<animation>	</animation>
		<animationEven>	</animationEven>
		<type>	SpawnPointCopyYeWai	</type>
		<transform>
			<row0>	-0.639125 -0.235369 0.732200	</row0>
			<row1>	-0.161679 0.971863 0.171283	</row1>
			<row2>	-0.751913 -0.008910 -0.659197	</row2>
			<row3>	102.971733 52.161835 -125.862022	</row3>
		</transform>
		<clientOnly>	false	</clientOnly>
		<properties>
			<entityName>	20321051	</entityName>
			<rediviousTime>	36660.000000	</rediviousTime>
			<rediviousTotal>	1	</rediviousTotal>
			<randomWalkRange>	0.000000	</randomWalkRange>
			<patrolList>	</patrolList>
			<difficulty>	0	</difficulty>
			<monsterType>	0	</monsterType>
			<patrolPathNode>	</patrolPathNode>
			<actionDefaultName>	</actionDefaultName>
			<ownModelName>	</ownModelName>
		</properties>
	</entity_29>
	<entity_30>
		<stopLinkStation>	00000000.00000000.00000000.00000000	</stopLinkStation>
		<animation>	</animation>
		<animationEven>	</animationEven>
		<type>	SpawnPointCopyYeWai	</type>
		<transform>
			<row0>	-0.660426 -0.052521 0.749049	</row0>
			<row1>	-0.090855 0.995809 -0.010282	</row1>
			<row2>	-0.745371 -0.074846 -0.662432	</row2>
			<row3>	103.121323 52.587147 -129.528732	</row3>
		</transform>
		<clientOnly>	false	</clientOnly>
		<properties>
			<entityName>	20111060	</entityName>
			<rediviousTime>	36660.000000	</rediviousTime>
			<rediviousTotal>	1	</rediviousTotal>
			<randomWalkRange>	0.000000	</randomWalkRange>
			<patrolList>	</patrolList>
			<difficulty>	0	</difficulty>
			<monsterType>	0	</monsterType>
			<patrolPathNode>	</patrolPathNode>
			<actionDefaultName>	</actionDefaultName>
			<ownModelName>	</ownModelName>
		</properties>
	</entity_30>
	<entity_31>
		<stopLinkStation>	00000000.00000000.00000000.00000000	</stopLinkStation>
		<animation>	</animation>
		<animationEven>	</animationEven>
		<type>	SpawnPointCopyYeWai	</type>
		<transform>
			<row0>	-0.437395 -0.105574 0.893049	</row0>
			<row1>	-0.079473 0.993735 0.078553	</row1>
			<row2>	-0.895748 -0.036613 -0.443046	</row2>
			<row3>	107.941437 52.816483 -130.474014	</row3>
		</transform>
		<clientOnly>	false	</clientOnly>
		<properties>
			<entityName>	20321051	</entityName>
			<rediviousTime>	36660.000000	</rediviousTime>
			<rediviousTotal>	1	</rediviousTotal>
			<randomWalkRange>	0.000000	</randomWalkRange>
			<patrolList>	</patrolList>
			<difficulty>	0	</difficulty>
			<monsterType>	0	</monsterType>
			<patrolPathNode>	</patrolPathNode>
			<actionDefaultName>	</actionDefaultName>
			<ownModelName>	</ownModelName>
		</properties>
	</entity_31>
	<entity_32>
		<stopLinkStation>	00000000.00000000.00000000.00000000	</stopLinkStation>
		<animation>	</animation>
		<animationEven>	</animationEven>
		<type>	SpawnPointCopyYeWai	</type>
		<transform>
			<row0>	-0.194279 -0.035880 0.980288	</row0>
			<row1>	0.026313 0.998778 0.041772	</row1>
			<row2>	-0.980589 0.033911 -0.193098	</row2>
			<row3>	109.968193 53.024582 -137.050949	</row3>
		</transform>
		<clientOnly>	false	</clientOnly>
		<properties>
			<entityName>	20131050	</entityName>
			<rediviousTime>	36660.000000	</rediviousTime>
			<rediviousTotal>	1	</rediviousTotal>
			<randomWalkRange>	0.000000	</randomWalkRange>
			<patrolList>	</patrolList>
			<difficulty>	0	</difficulty>
			<monsterType>	0	</monsterType>
			<patrolPathNode>	</patrolPathNode>
			<actionDefaultName>	</actionDefaultName>
			<ownModelName>	</ownModelName>
		</properties>
	</entity_32>
	<entity_33>
		<stopLinkStation>	00000000.00000000.00000000.00000000	</stopLinkStation>
		<animation>	</animation>
		<animationEven>	</animationEven>
		<type>	SpawnPointCopyYeWai	</type>
		<transform>
			<row0>	-0.995339 -0.073939 0.061880	</row0>
			<row1>	-0.069765 0.995301 0.067109	</row1>
			<row2>	-0.066550 0.062480 -0.995820	</row2>
			<row3>	101.047432 51.907822 -113.220505	</row3>
		</transform>
		<clientOnly>	false	</clientOnly>
		<properties>
			<entityName>	20111106	</entityName>
			<rediviousTime>	36660.000000	</rediviousTime>
			<rediviousTotal>	1	</rediviousTotal>
			<randomWalkRange>	0.000000	</randomWalkRange>
			<patrolList>	</patrolList>
			<difficulty>	0	</difficulty>
			<monsterType>	0	</monsterType>
			<patrolPathNode>	</patrolPathNode>
			<actionDefaultName>	</actionDefaultName>
			<ownModelName>	</ownModelName>
		</properties>
	</entity_33>
	<entity_34>
		<stopLinkStation>	00000000.00000000.00000000.00000000	</stopLinkStation>
		<animation>	</animation>
		<animationEven>	</animationEven>
		<type>	SpawnPointCopyYeWai	</type>
		<transform>
			<row0>	-0.995339 -0.073939 0.061880	</row0>
			<row1>	-0.069765 0.995301 0.067109	</row1>
			<row2>	-0.066550 0.062480 -0.995820	</row2>
			<row3>	100.864601 51.847836 -112.521194	</row3>
		</transform>
		<clientOnly>	false	</clientOnly>
		<properties>
			<entityName>	20111106	</entityName>
			<rediviousTime>	36660.000000	</rediviousTime>
			<rediviousTotal>	1	</rediviousTotal>
			<randomWalkRange>	0.000000	</randomWalkRange>
			<patrolList>	</patrolList>
			<difficulty>	0	</difficulty>
			<monsterType>	0	</monsterType>
			<patrolPathNode>	</patrolPathNode>
			<actionDefaultName>	</actionDefaultName>
			<ownModelName>	</ownModelName>
		</properties>
	</entity_34>
	<entity_35>
		<stopLinkStation>	00000000.00000000.00000000.00000000	</stopLinkStation>
		<animation>	</animation>
		<animationEven>	</animationEven>
		<type>	SpawnPointCopyYeWai	</type>
		<transform>
			<row0>	0.060784 0.000000 0.998148	</row0>
			<row1>	0.000000 0.999997 0.000000	</row1>
			<row2>	-0.998148 0.000001 0.060783	</row2>
			<row3>	147.292938 58.375538 -167.493988	</row3>
		</transform>
		<clientOnly>	false	</clientOnly>
		<properties>
			<entityName>	20111060	</entityName>
			<rediviousTime>	36660.000000	</rediviousTime>
			<rediviousTotal>	1	</rediviousTotal>
			<randomWalkRange>	0.000000	</randomWalkRange>
			<patrolList>	</patrolList>
			<difficulty>	0	</difficulty>
			<monsterType>	0	</monsterType>
			<patrolPathNode>	</patrolPathNode>
			<actionDefaultName>	</actionDefaultName>
			<ownModelName>	</ownModelName>
		</properties>
	</entity_35>
	<entity_36>
		<stopLinkStation>	00000000.00000000.00000000.00000000	</stopLinkStation>
		<animation>	</animation>
		<animationEven>	</animationEven>
		<type>	SpawnPointCopyYeWai	</type>
		<transform>
			<row0>	-0.199627 0.000000 0.979868	</row0>
			<row1>	0.000000 0.999996 0.000000	</row1>
			<row2>	-0.979868 0.000001 -0.199628	</row2>
			<row3>	147.931824 58.375565 -154.633331	</row3>
		</transform>
		<clientOnly>	false	</clientOnly>
		<properties>
			<entityName>	20131051	</entityName>
			<rediviousTime>	36660.000000	</rediviousTime>
			<rediviousTotal>	1	</rediviousTotal>
			<randomWalkRange>	0.000000	</randomWalkRange>
			<patrolList>	</patrolList>
			<difficulty>	0	</difficulty>
			<monsterType>	0	</monsterType>
			<patrolPathNode>	</patrolPathNode>
			<actionDefaultName>	</actionDefaultName>
			<ownModelName>	</ownModelName>
		</properties>
	</entity_36>
	<entity_37>
		<stopLinkStation>	00000000.00000000.00000000.00000000	</stopLinkStation>
		<animation>	</animation>
		<animationEven>	</animationEven>
		<type>	SpawnPointCopyYeWai	</type>
		<transform>
			<row0>	0.317052 0.000000 0.948404	</row0>
			<row1>	0.000000 0.999996 0.000000	</row1>
			<row2>	-0.948404 0.000001 0.317051	</row2>
			<row3>	146.773804 58.223763 -172.968399	</row3>
		</transform>
		<clientOnly>	false	</clientOnly>
		<properties>
			<entityName>	20131051	</entityName>
			<rediviousTime>	36660.000000	</rediviousTime>
			<rediviousTotal>	1	</rediviousTotal>
			<randomWalkRange>	0.000000	</randomWalkRange>
			<patrolList>	</patrolList>
			<difficulty>	0	</difficulty>
			<monsterType>	0	</monsterType>
			<patrolPathNode>	</patrolPathNode>
			<actionDefaultName>	</actionDefaultName>
			<ownModelName>	</ownModelName>
		</properties>
	</entity_37>
	<entity_38>
		<stopLinkStation>	00000000.00000000.00000000.00000000	</stopLinkStation>
		<animation>	</animation>
		<animationEven>	</animationEven>
		<type>	SpawnPointCopyYeWai	</type>
		<transform>
			<row0>	0.060784 0.000000 0.998147	</row0>
			<row1>	0.000000 0.999996 0.000000	</row1>
			<row2>	-0.998147 0.000001 0.060783	</row2>
			<row3>	151.013397 58.375557 -164.903366	</row3>
		</transform>
		<clientOnly>	false	</clientOnly>
		<properties>
			<entityName>	20131050	</entityName>
			<rediviousTime>	36660.000000	</rediviousTime>
			<rediviousTotal>	1	</rediviousTotal>
			<randomWalkRange>	0.000000	</randomWalkRange>
			<patrolList>	</patrolList>
			<difficulty>	0	</difficulty>
			<monsterType>	0	</monsterType>
			<patrolPathNode>	</patrolPathNode>
			<actionDefaultName>	</actionDefaultName>
			<ownModelName>	</ownModelName>
		</properties>
	</entity_38>
	<entity_39>
		<stopLinkStation>	00000000.00000000.00000000.00000000	</stopLinkStation>
		<animation>	</animation>
		<animationEven>	</animationEven>
		<type>	SpawnPointCopyYeWai	</type>
		<transform>
			<row0>	-0.061987 0.066690 -0.995842	</row0>
			<row1>	-0.036128 0.996957 0.069013	</row1>
			<row2>	0.997418 0.040256 -0.059389	</row2>
			<row3>	125.188278 85.942001 -164.341293	</row3>
		</transform>
		<clientOnly>	false	</clientOnly>
		<properties>
			<entityName>	20111106	</entityName>
			<rediviousTime>	36660.000000	</rediviousTime>
			<rediviousTotal>	1	</rediviousTotal>
			<randomWalkRange>	0.000000	</randomWalkRange>
			<patrolList>	</patrolList>
			<difficulty>	0	</difficulty>
			<monsterType>	0	</monsterType>
			<patrolPathNode>	</patrolPathNode>
			<actionDefaultName>	</actionDefaultName>
			<ownModelName>	</ownModelName>
		</properties>
	</entity_39>
	<entity_40>
		<stopLinkStation>	00000000.00000000.00000000.00000000	</stopLinkStation>
		<animation>	</animation>
		<animationEven>	</animationEven>
