<root>
	<entity_1>
		<stopLinkStation>	00000000.00000000.00000000.00000000	</stopLinkStation>
		<animation>	</animation>
		<animationEven>	</animationEven>
		<type>	MonsterSpawnPoint	</type>
		<transform>
			<row0>	-0.707094 -0.002085 0.707107	</row0>
			<row1>	-0.007422 0.999957 -0.004473	</row1>
			<row2>	-0.707071 -0.008411 -0.707084	</row2>
			<row3>	-163.953857 27.490223 -113.736557	</row3>
		</transform>
		<clientOnly>	false	</clientOnly>
		<properties>
			<entityName>	20621403	</entityName>
			<rediviousTime>	-1.000000	</rediviousTime>
			<rediviousTotal>	1	</rediviousTotal>
			<randomWalkRange>	0.000000	</randomWalkRange>
			<patrolList>	</patrolList>
			<lineNumber>	0	</lineNumber>
			<patrolPathNode>	</patrolPathNode>
			<actionDefaultName>	</actionDefaultName>
			<ownModelName>	</ownModelName>
		</properties>
	</entity_1>
	<entity_2>
		<stopLinkStation>	00000000.00000000.00000000.00000000	</stopLinkStation>
		<animation>	</animation>
		<animationEven>	</animationEven>
		<type>	MonsterSpawnPoint	</type>
		<transform>
			<row0>	-0.499968 -0.007585 -0.866003	</row0>
			<row1>	-0.007422 0.999958 -0.004473	</row1>
			<row2>	0.866005 0.004191 -0.500006	</row2>
			<row3>	-167.531479 27.564442 -115.903358	</row3>
		</transform>
		<clientOnly>	false	</clientOnly>
		<properties>
			<entityName>	20621403	</entityName>
			<rediviousTime>	-1.000000	</rediviousTime>
			<rediviousTotal>	1	</rediviousTotal>
			<randomWalkRange>	0.000000	</randomWalkRange>
			<patrolList>	</patrolList>
			<lineNumber>	0	</lineNumber>
			<patrolPathNode>	</patrolPathNode>
			<actionDefaultName>	</actionDefaultName>
			<ownModelName>	</ownModelName>
		</properties>
	</entity_2>
	<entity_3>
		<stopLinkStation>	00000000.00000000.00000000.00000000	</stopLinkStation>
		<animation>	</animation>
		<animationEven>	</animationEven>
		<type>	MonsterSpawnPoint	</type>
		<transform>
			<row0>	0.866021 0.000000 0.499998	</row0>
			<row1>	0.000000 0.999995 0.000000	</row1>
			<row2>	-0.499998 0.000000 0.866021	</row2>
			<row3>	-164.397888 27.541004 -117.366806	</row3>
		</transform>
		<clientOnly>	false	</clientOnly>
		<properties>
			<entityName>	20641257	</entityName>
			<rediviousTime>	-1.000000	</rediviousTime>
			<rediviousTotal>	1	</rediviousTotal>
			<randomWalkRange>	0.000000	</randomWalkRange>
			<patrolList>	</patrolList>
			<lineNumber>	0	</lineNumber>
			<patrolPathNode>	</patrolPathNode>
			<actionDefaultName>	</actionDefaultName>
			<ownModelName>	</ownModelName>
		</properties>
	</entity_3>
	<entity_4>
		<stopLinkStation>	00000000.00000000.00000000.00000000	</stopLinkStation>
		<animation>	</animation>
		<animationEven>	</animationEven>
		<type>	MonsterSpawnPoint	</type>
		<transform>
			<row0>	0.258817 0.000163 0.965922	</row0>
			<row1>	-0.008411 0.999959 0.002085	</row1>
			<row2>	-0.965885 -0.008664 0.258808	</row2>
			<row3>	-172.523636 27.839832 -133.511353	</row3>
		</transform>
		<clientOnly>	false	</clientOnly>
		<properties>
			<entityName>	20621403	</entityName>
			<rediviousTime>	-1.000000	</rediviousTime>
			<rediviousTotal>	1	</rediviousTotal>
			<randomWalkRange>	0.000000	</randomWalkRange>
			<patrolList>	</patrolList>
			<lineNumber>	0	</lineNumber>
			<patrolPathNode>	</patrolPathNode>
			<actionDefaultName>	</actionDefaultName>
			<ownModelName>	</ownModelName>
		</properties>
	</entity_4>
	<entity_5>
		<stopLinkStation>	00000000.00000000.00000000.00000000	</stopLinkStation>
		<animation>	</animation>
		<animationEven>	</animationEven>
		<type>	MonsterSpawnPoint	</type>
		<transform>
			<row0>	-0.258817 -0.000163 -0.965921	</row0>
			<row1>	-0.008411 0.999959 0.002085	</row1>
			<row2>	0.965885 0.008664 -0.258809	</row2>
			<row3>	-175.135574 27.753895 -132.676056	</row3>
		</transform>
		<clientOnly>	false	</clientOnly>
		<properties>
			<entityName>	20621403	</entityName>
			<rediviousTime>	-1.000000	</rediviousTime>
			<rediviousTotal>	1	</rediviousTotal>
			<randomWalkRange>	0.000000	</randomWalkRange>
			<patrolList>	</patrolList>
			<lineNumber>	0	</lineNumber>
			<patrolPathNode>	</patrolPathNode>
			<actionDefaultName>	</actionDefaultName>
			<ownModelName>	</ownModelName>
		</properties>
	</entity_5>
	<entity_6>
		<stopLinkStation>	00000000.00000000.00000000.00000000	</stopLinkStation>
		<animation>	</animation>
		<animationEven>	</animationEven>
		<type>	MonsterSpawnPoint	</type>
		<transform>
			<row0>	0.965300 0.030296 -0.259360	</row0>
			<row1>	-0.040953 0.998516 -0.035784	</row1>
			<row2>	0.257892 0.045164 0.965112	</row2>
			<row3>	-174.550995 28.039051 -135.487961	</row3>
		</transform>
		<clientOnly>	false	</clientOnly>
		<properties>
			<entityName>	20641257	</entityName>
			<rediviousTime>	-1.000000	</rediviousTime>
			<rediviousTotal>	1	</rediviousTotal>
			<randomWalkRange>	0.000000	</randomWalkRange>
			<patrolList>	</patrolList>
			<lineNumber>	0	</lineNumber>
			<patrolPathNode>	</patrolPathNode>
			<actionDefaultName>	</actionDefaultName>
			<ownModelName>	</ownModelName>
		</properties>
	</entity_6>
	<entity_7>
		<stopLinkStation>	00000000.00000000.00000000.00000000	</stopLinkStation>
		<animation>	</animation>
		<animationEven>	</animationEven>
		<type>	MonsterSpawnPoint	</type>
		<transform>
			<row0>	0.707262 0.030296 0.706293	</row0>
			<row1>	0.010513 0.998515 -0.053358	</row1>
			<row2>	-0.706864 0.045164 0.705895	</row2>
			<row3>	-154.500702 27.929676 -135.003983	</row3>
		</transform>
		<clientOnly>	false	</clientOnly>
		<properties>
			<entityName>	20641257	</entityName>
			<rediviousTime>	-1.000000	</rediviousTime>
			<rediviousTotal>	1	</rediviousTotal>
			<randomWalkRange>	0.000000	</randomWalkRange>
			<patrolList>	</patrolList>
			<lineNumber>	0	</lineNumber>
			<patrolPathNode>	</patrolPathNode>
			<actionDefaultName>	</actionDefaultName>
			<ownModelName>	</ownModelName>
		</properties>
	</entity_7>
	<entity_8>
		<stopLinkStation>	00000000.00000000.00000000.00000000	</stopLinkStation>
		<animation>	</animation>
		<animationEven>	</animationEven>
		<type>	MonsterSpawnPoint	</type>
		<transform>
			<row0>	0.499967 0.007422 -0.865999	</row0>
			<row1>	-0.007585 0.999955 0.004191	</row1>
			<row2>	0.865999 0.004473 0.500004	</row2>
			<row3>	-158.948578 27.966785 -135.517136	</row3>
		</transform>
		<clientOnly>	false	</clientOnly>
		<properties>
			<entityName>	20621404	</entityName>
			<rediviousTime>	-1.000000	</rediviousTime>
			<rediviousTotal>	1	</rediviousTotal>
			<randomWalkRange>	0.000000	</randomWalkRange>
			<patrolList>	</patrolList>
			<lineNumber>	0	</lineNumber>
			<patrolPathNode>	</patrolPathNode>
			<actionDefaultName>	</actionDefaultName>
			<ownModelName>	</ownModelName>
		</properties>
	</entity_8>
	<entity_9>
		<stopLinkStation>	00000000.00000000.00000000.00000000	</stopLinkStation>
		<animation>	</animation>
		<animationEven>	</animationEven>
		<type>	MonsterSpawnPoint	</type>
		<transform>
			<row0>	-0.865997 -0.004473 -0.500004	</row0>
			<row1>	-0.007585 0.999955 0.004191	</row1>
			<row2>	0.499966 0.007422 -0.866000	</row2>
			<row3>	-155.913986 27.999989 -130.045807	</row3>
		</transform>
		<clientOnly>	false	</clientOnly>
		<properties>
			<entityName>	20621404	</entityName>
			<rediviousTime>	-1.000000	</rediviousTime>
			<rediviousTotal>	1	</rediviousTotal>
			<randomWalkRange>	0.000000	</randomWalkRange>
			<patrolList>	</patrolList>
			<lineNumber>	0	</lineNumber>
			<patrolPathNode>	</patrolPathNode>
			<actionDefaultName>	</actionDefaultName>
			<ownModelName>	</ownModelName>
		</properties>
	</entity_9>
	<entity_10>
		<stopLinkStation>	00000000.00000000.00000000.00000000	</stopLinkStation>
		<animation>	</animation>
		<animationEven>	</animationEven>
		<type>	MonsterSpawnPoint	</type>
		<transform>
			<row0>	-0.865886 -0.017882 -0.499907	</row0>
			<row1>	-0.014897 0.999832 -0.009960	</row1>
			<row2>	0.500005 -0.001178 -0.866013	</row2>
			<row3>	-193.583969 28.632801 -88.007492	</row3>
		</transform>
		<clientOnly>	false	</clientOnly>
		<properties>
			<entityName>	20721672	</entityName>
			<rediviousTime>	-1.000000	</rediviousTime>
			<rediviousTotal>	1	</rediviousTotal>
			<randomWalkRange>	0.000000	</randomWalkRange>
			<patrolList>	</patrolList>
			<lineNumber>	0	</lineNumber>
			<patrolPathNode>	</patrolPathNode>
			<actionDefaultName>	</actionDefaultName>
			<ownModelName>	</ownModelName>
		</properties>
	</entity_10>
	<entity_11>
		<stopLinkStation>	00000000.00000000.00000000.00000000	</stopLinkStation>
		<animation>	</animation>
		<animationEven>	</animationEven>
		<type>	MonsterSpawnPoint	</type>
		<transform>
			<row0>	-0.965792 -0.016968 -0.258732	</row0>
			<row1>	-0.014897 0.999833 -0.009960	</row1>
			<row2>	0.258860 -0.005766 -0.965890	</row2>
			<row3>	-192.864761 28.773434 -86.276855	</row3>
		</transform>
		<clientOnly>	false	</clientOnly>
		<properties>
			<entityName>	20722140	</entityName>
			<rediviousTime>	-1.000000	</rediviousTime>
			<rediviousTotal>	1	</rediviousTotal>
			<randomWalkRange>	2.000000	</randomWalkRange>
			<patrolList>	</patrolList>
			<lineNumber>	0	</lineNumber>
			<patrolPathNode>	</patrolPathNode>
			<actionDefaultName>	</actionDefaultName>
			<ownModelName>	</ownModelName>
		</properties>
	</entity_11>
	<entity_12>
		<stopLinkStation>	00000000.00000000.00000000.00000000	</stopLinkStation>
		<animation>	</animation>
		<animationEven>	</animationEven>
		<type>	MonsterSpawnPoint	</type>
		<transform>
			<row0>	0.999848 0.016967 -0.000049	</row0>
			<row1>	-0.016967 0.999833 -0.005765	</row1>
			<row2>	-0.000049 0.005764 0.999976	</row2>
			<row3>	-65.002747 22.822254 -132.598251	</row3>
		</transform>
		<clientOnly>	false	</clientOnly>
		<properties>
			<entityName>	20621405	</entityName>
			<rediviousTime>	-1.000000	</rediviousTime>
			<rediviousTotal>	1	</rediviousTotal>
			<randomWalkRange>	0.000000	</randomWalkRange>
			<patrolList>	</patrolList>
			<lineNumber>	0	</lineNumber>
			<patrolPathNode>	</patrolPathNode>
			<actionDefaultName>	</actionDefaultName>
			<ownModelName>	</ownModelName>
		</properties>
	</entity_12>
	<entity_13>
		<stopLinkStation>	00000000.00000000.00000000.00000000	</stopLinkStation>
		<animation>	</animation>
		<animationEven>	</animationEven>
		<type>	NPCSpawnPoint	</type>
		<transform>
			<row0>	0.999998 0.000000 0.000000	</row0>
			<row1>	0.000000 0.999999 0.000000	</row1>
			<row2>	0.000000 0.000000 0.999998	</row2>
			<row3>	-70.254791 23.177723 -132.519638	</row3>
		</transform>
		<clientOnly>	false	</clientOnly>
		<properties>
			<entityName>	10121682	</entityName>
			<rediviousTime>	60.000000	</rediviousTime>
			<rediviousTotal>	1	</rediviousTotal>
			<randomWalkRange>	3.000000	</randomWalkRange>
			<patrolList>	</patrolList>
			<lineNumber>	0	</lineNumber>
			<patrolPathNode>	</patrolPathNode>
			<actionDefaultName>	</actionDefaultName>
			<ownModelName>	</ownModelName>
		</properties>
	</entity_13>
	<entity_14>
		<stopLinkStation>	00000000.00000000.00000000.00000000	</stopLinkStation>
		<animation>	</animation>
		<animationEven>	</animationEven>
		<type>	NPCSpawnPoint	</type>
		<transform>
			<row0>	0.999997 0.000000 -0.000001	</row0>
			<row1>	0.000000 0.999998 0.000000	</row1>
			<row2>	0.000001 0.000000 0.999997	</row2>
			<row3>	-76.323074 23.431629 -132.105545	</row3>
		</transform>
		<clientOnly>	false	</clientOnly>
		<properties>
			<entityName>	10121682	</entityName>
			<rediviousTime>	60.000000	</rediviousTime>
			<rediviousTotal>	1	</rediviousTotal>
			<randomWalkRange>	3.000000	</randomWalkRange>
			<patrolList>	</patrolList>
			<lineNumber>	0	</lineNumber>
			<patrolPathNode>	</patrolPathNode>
			<actionDefaultName>	</actionDefaultName>
			<ownModelName>	</ownModelName>
		</properties>
	</entity_14>
	<entity_15>
		<stopLinkStation>	00000000.00000000.00000000.00000000	</stopLinkStation>
		<animation>	</animation>
		<animationEven>	</animationEven>
		<type>	NPCSpawnPoint	</type>
		<transform>
			<row0>	-0.999996 0.000000 0.000001	</row0>
			<row1>	0.000000 0.999997 0.000000	</row1>
			<row2>	-0.000001 0.000000 -0.999996	</row2>
			<row3>	-61.230225 22.316395 -103.594116	</row3>
		</transform>
		<clientOnly>	false	</clientOnly>
		<properties>
			<entityName>	10121682	</entityName>
			<rediviousTime>	60.000000	</rediviousTime>
			<rediviousTotal>	1	</rediviousTotal>
			<randomWalkRange>	3.000000	</randomWalkRange>
			<patrolList>	</patrolList>
			<lineNumber>	0	</lineNumber>
			<patrolPathNode>	</patrolPathNode>
			<actionDefaultName>	</actionDefaultName>
			<ownModelName>	</ownModelName>
		</properties>
	</entity_15>
	<entity_16>
		<stopLinkStation>	00000000.00000000.00000000.00000000	</stopLinkStation>
		<animation>	</animation>
		<animationEven>	</animationEven>
		<type>	MonsterSpawnPoint	</type>
		<transform>
			<row0>	-0.999923 -0.011812 0.000079	</row0>
			<row1>	-0.011812 0.999833 -0.013476	</row1>
			<row2>	0.000080 -0.013477 -0.999904	</row2>
			<row3>	-68.307159 22.857410 -104.205780	</row3>
		</transform>
		<clientOnly>	false	</clientOnly>
		<properties>
			<entityName>	20621405	</entityName>
			<rediviousTime>	-1.000000	</rediviousTime>
			<rediviousTotal>	1	</rediviousTotal>
			<randomWalkRange>	0.000000	</randomWalkRange>
			<patrolList>	</patrolList>
			<lineNumber>	0	</lineNumber>
			<patrolPathNode>	</patrolPathNode>
			<actionDefaultName>	</actionDefaultName>
			<ownModelName>	</ownModelName>
		</properties>
	</entity_16>
	<entity_17>
		<stopLinkStation>	00000000.00000000.00000000.00000000	</stopLinkStation>
		<animation>	</animation>
		<animationEven>	</animationEven>
		<type>	MonsterSpawnPoint	</type>
		<transform>
			<row0>	-0.999922 -0.011812 0.000079	</row0>
			<row1>	-0.011812 0.999833 -0.013476	</row1>
			<row2>	0.000080 -0.013477 -0.999903	</row2>
			<row3>	-74.739433 23.394520 -104.127937	</row3>
		</transform>
		<clientOnly>	false	</clientOnly>
		<properties>
			<entityName>	20621405	</entityName>
			<rediviousTime>	-1.000000	</rediviousTime>
			<rediviousTotal>	1	</rediviousTotal>
			<randomWalkRange>	0.000000	</randomWalkRange>
			<patrolList>	</patrolList>
			<lineNumber>	0	</lineNumber>
			<patrolPathNode>	</patrolPathNode>
			<actionDefaultName>	</actionDefaultName>
			<ownModelName>	</ownModelName>
		</properties>
	</entity_17>
	<entity_18>
		<stopLinkStation>	00000000.00000000.00000000.00000000	</stopLinkStation>
		<animation>	</animation>
		<animationEven>	</animationEven>
		<type>	NPCSpawnPoint	</type>
		<transform>
			<row0>	-0.999997 0.000000 0.000000	</row0>
			<row1>	0.000000 0.999998 0.000000	</row1>
			<row2>	0.000000 0.000000 -0.999997	</row2>
			<row3>	-80.148521 24.166004 -104.068619	</row3>
		</transform>
		<clientOnly>	false	</clientOnly>
		<properties>
			<entityName>	10121682	</entityName>
			<rediviousTime>	60.000000	</rediviousTime>
			<rediviousTotal>	1	</rediviousTotal>
			<randomWalkRange>	3.000000	</randomWalkRange>
			<patrolList>	</patrolList>
			<lineNumber>	0	</lineNumber>
			<patrolPathNode>	</patrolPathNode>
			<actionDefaultName>	</actionDefaultName>
			<ownModelName>	</ownModelName>
		</properties>
	</entity_18>
	<entity_19>
		<stopLinkStation>	00000000.00000000.00000000.00000000	</stopLinkStation>
		<animation>	</animation>
		<animationEven>	</animationEven>
		<type>	MonsterSpawnPoint	</type>
		<transform>
			<row0>	0.256332 -0.128922 0.957942	</row0>
			<row1>	0.003500 0.991175 0.132458	</row1>
			<row2>	-0.966571 -0.030602 0.254523	</row2>
			<row3>	-57.606525 22.402332 -127.843781	</row3>
		</transform>
		<clientOnly>	false	</clientOnly>
		<properties>
			<entityName>	20641258	</entityName>
			<rediviousTime>	-1.000000	</rediviousTime>
			<rediviousTotal>	1	</rediviousTotal>
			<randomWalkRange>	0.000000	</randomWalkRange>
			<patrolList>	</patrolList>
			<lineNumber>	0	</lineNumber>
			<patrolPathNode>	</patrolPathNode>
			<actionDefaultName>	</actionDefaultName>
			<ownModelName>	</ownModelName>
		</properties>
	</entity_19>
	<entity_20>
		<stopLinkStation>	00000000.00000000.00000000.00000000	</stopLinkStation>
		<animation>	</animation>
		<animationEven>	</animationEven>
		<type>	MonsterSpawnPoint	</type>
		<transform>
			<row0>	0.864723 -0.069524 0.497392	</row0>
			<row1>	0.003500 0.991175 0.132458	</row1>
			<row2>	-0.502215 -0.112801 0.857342	</row2>
			<row3>	-59.673897 22.478504 -130.724701	</row3>
		</transform>
		<clientOnly>	false	</clientOnly>
		<properties>
			<entityName>	20641258	</entityName>
			<rediviousTime>	-1.000000	</rediviousTime>
			<rediviousTotal>	1	</rediviousTotal>
			<randomWalkRange>	0.000000	</randomWalkRange>
			<patrolList>	</patrolList>
			<lineNumber>	0	</lineNumber>
			<patrolPathNode>	</patrolPathNode>
			<actionDefaultName>	</actionDefaultName>
			<ownModelName>	</ownModelName>
		</properties>
	</entity_20>
	<entity_21>
		<stopLinkStation>	00000000.00000000.00000000.00000000	</stopLinkStation>
		<animation>	</animation>
		<animationEven>	</animationEven>
		<type>	MonsterSpawnPoint	</type>
		<transform>
			<row0>	0.000017 0.004473 -0.999981	</row0>
			<row1>	0.007422 0.999956 0.004473	</row1>
			<row2>	0.999965 -0.007422 -0.000015	</row2>
			<row3>	-62.862305 22.677723 -129.542618	</row3>
		</transform>
		<clientOnly>	false	</clientOnly>
		<properties>
			<entityName>	20621403	</entityName>
			<rediviousTime>	-1.000000	</rediviousTime>
			<rediviousTotal>	1	</rediviousTotal>
			<randomWalkRange>	0.000000	</randomWalkRange>
			<patrolList>	</patrolList>
			<lineNumber>	0	</lineNumber>
			<patrolPathNode>	</patrolPathNode>
			<actionDefaultName>	</actionDefaultName>
			<ownModelName>	</ownModelName>
		</properties>
	</entity_21>
	<entity_22>
		<stopLinkStation>	00000000.00000000.00000000.00000000	</stopLinkStation>
		<animation>	</animation>
		<animationEven>	</animationEven>
		<type>	MonsterSpawnPoint	</type>
		<transform>
			<row0>	-0.865986 0.008664 -0.499977	</row0>
			<row1>	0.007422 0.999956 0.004473	</row1>
			<row2>	0.499998 0.000163 -0.866018	</row2>
			<row3>	-61.196167 22.597645 -126.902313	</row3>
		</transform>
		<clientOnly>	false	</clientOnly>
		<properties>
			<entityName>	20621403	</entityName>
			<rediviousTime>	-1.000000	</rediviousTime>
			<rediviousTotal>	1	</rediviousTotal>
			<randomWalkRange>	0.000000	</randomWalkRange>
			<patrolList>	</patrolList>
			<lineNumber>	0	</lineNumber>
			<patrolPathNode>	</patrolPathNode>
			<actionDefaultName>	</actionDefaultName>
			<ownModelName>	</ownModelName>
		</properties>
	</entity_22>
	<entity_23>
		<stopLinkStation>	00000000.00000000.00000000.00000000	</stopLinkStation>
		<animation>	</animation>
		<animationEven>	</animationEven>
		<type>	MonsterSpawnPoint	</type>
		<transform>
			<row0>	0.258369 -0.116610 0.958973	</row0>
			<row1>	-0.030902 0.991176 0.128850	</row1>
			<row2>	-0.965543 -0.062927 0.252487	</row2>
			<row3>	-59.139320 22.359364 -113.497131	</row3>
		</transform>
		<clientOnly>	false	</clientOnly>
		<properties>
			<entityName>	20641258	</entityName>
			<rediviousTime>	-1.000000	</rediviousTime>
			<rediviousTotal>	1	</rediviousTotal>
			<randomWalkRange>	0.000000	</randomWalkRange>
			<patrolList>	</patrolList>
			<lineNumber>	0	</lineNumber>
			<patrolPathNode>	</patrolPathNode>
			<actionDefaultName>	</actionDefaultName>
			<ownModelName>	</ownModelName>
		</properties>
	</entity_23>
	<entity_24>
		<stopLinkStation>	00000000.00000000.00000000.00000000	</stopLinkStation>
		<animation>	</animation>
		<animationEven>	</animationEven>
		<type>	MonsterSpawnPoint	</type>
		<transform>
			<row0>	0.999848 0.016967 -0.000049	</row0>
			<row1>	-0.016967 0.999832 -0.005765	</row1>
			<row2>	-0.000049 0.005764 0.999977	</row2>
			<row3>	-58.548508 22.396473 -132.594162	</row3>
		</transform>
		<clientOnly>	false	</clientOnly>
		<properties>
			<entityName>	20621405	</entityName>
			<rediviousTime>	-1.000000	</rediviousTime>
			<rediviousTotal>	1	</rediviousTotal>
			<randomWalkRange>	0.000000	</randomWalkRange>
			<patrolList>	</patrolList>
			<lineNumber>	0	</lineNumber>
			<patrolPathNode>	</patrolPathNode>
			<actionDefaultName>	</actionDefaultName>
			<ownModelName>	</ownModelName>
		</properties>
	</entity_24>
	<entity_25>
		<stopLinkStation>	00000000.00000000.00000000.00000000	</stopLinkStation>
		<animation>	</animation>
		<animationEven>	</animationEven>
		<type>	MonsterSpawnPoint	</type>
		<transform>
			<row0>	0.707088 0.002400 0.707103	</row0>
			<row1>	-0.007585 0.999955 0.004191	</row1>
			<row2>	-0.707067 -0.008327 0.707081	</row2>
			<row3>	-61.768383 22.439442 -110.901680	</row3>
		</transform>
		<clientOnly>	false	</clientOnly>
		<properties>
			<entityName>	20621404	</entityName>
			<rediviousTime>	-1.000000	</rediviousTime>
			<rediviousTotal>	1	</rediviousTotal>
			<randomWalkRange>	0.000000	</randomWalkRange>
			<patrolList>	</patrolList>
			<lineNumber>	0	</lineNumber>
			<patrolPathNode>	</patrolPathNode>
			<actionDefaultName>	</actionDefaultName>
			<ownModelName>	</ownModelName>
		</properties>
	</entity_25>
	<entity_26>
		<stopLinkStation>	00000000.00000000.00000000.00000000	</stopLinkStation>
		<animation>	</animation>
		<animationEven>	</animationEven>
		<type>	MonsterSpawnPoint	</type>
		<transform>
			<row0>	0.000015 -0.004191 0.999979	</row0>
			<row1>	-0.007585 0.999955 0.004191	</row1>
			<row2>	-0.999960 -0.007585 -0.000016	</row2>
			<row3>	-62.887966 22.667957 -114.474060	</row3>
		</transform>
		<clientOnly>	false	</clientOnly>
		<properties>
			<entityName>	20621404	</entityName>
			<rediviousTime>	-1.000000	</rediviousTime>
			<rediviousTotal>	1	</rediviousTotal>
			<randomWalkRange>	0.000000	</randomWalkRange>
			<patrolList>	</patrolList>
			<lineNumber>	0	</lineNumber>
			<patrolPathNode>	</patrolPathNode>
			<actionDefaultName>	</actionDefaultName>
			<ownModelName>	</ownModelName>
		</properties>
	</entity_26>
	<entity_27>
		<stopLinkStation>	00000000.00000000.00000000.00000000	</stopLinkStation>
		<animation>	</animation>
		<animationEven>	</animationEven>
		<type>	MonsterSpawnPoint	</type>
		<transform>
			<row0>	0.000000 0.000000 0.999996	</row0>
			<row1>	0.000000 0.999996 0.000000	</row1>
			<row2>	-0.999996 0.000000 0.000000	</row2>
			<row3>	-69.636337 23.228508 -120.656845	</row3>
		</transform>
		<clientOnly>	false	</clientOnly>
		<properties>
			<entityName>	20621406	</entityName>
			<rediviousTime>	-1.000000	</rediviousTime>
			<rediviousTotal>	1	</rediviousTotal>
			<randomWalkRange>	0.000000	</randomWalkRange>
			<patrolList>	</patrolList>
			<lineNumber>	0	</lineNumber>
			<patrolPathNode>	</patrolPathNode>
			<actionDefaultName>	</actionDefaultName>
			<ownModelName>	</ownModelName>
		</properties>
	</entity_27>
	<entity_28>
		<stopLinkStation>	00000000.00000000.00000000.00000000	</stopLinkStation>
		<animation>	</animation>
		<animationEven>	</animationEven>
		<type>	NPCSpawnPoint	</type>
		<transform>
			<row0>	0.258819 0.000000 -0.965924	</row0>
			<row1>	0.000000 0.999998 0.000000	</row1>
			<row2>	0.965924 0.000000 0.258819	</row2>
			<row3>	-71.706467 23.417961 -118.624657	</row3>
		</transform>
		<clientOnly>	false	</clientOnly>
		<properties>
			<entityName>	10121683	</entityName>
			<rediviousTime>	-1.000000	</rediviousTime>
			<rediviousTotal>	1	</rediviousTotal>
			<randomWalkRange>	0.000000	</randomWalkRange>
			<patrolList>	</patrolList>
			<lineNumber>	0	</lineNumber>
			<patrolPathNode>	</patrolPathNode>
			<actionDefaultName>	</actionDefaultName>
			<ownModelName>	</ownModelName>
		</properties>
	</entity_28>
	<entity_29>
		<stopLinkStation>	00000000.00000000.00000000.00000000	</stopLinkStation>
		<animation>	</animation>
		<animationEven>	</animationEven>
		<type>	MonsterSpawnPoint	</type>
		<transform>
			<row0>	0.000000 0.000000 0.999996	</row0>
			<row1>	0.000000 0.999996 0.000000	</row1>
			<row2>	-0.999996 0.000000 0.000000	</row2>
			<row3>	25.837997 18.749989 -103.829514	</row3>
		</transform>
		<clientOnly>	false	</clientOnly>
		<properties>
			<entityName>	20621406	</entityName>
			<rediviousTime>	-1.000000	</rediviousTime>
			<rediviousTotal>	1	</rediviousTotal>
			<randomWalkRange>	0.000000	</randomWalkRange>
			<patrolList>	</patrolList>
			<lineNumber>	0	</lineNumber>
			<patrolPathNode>	</patrolPathNode>
			<actionDefaultName>	</actionDefaultName>
			<ownModelName>	</ownModelName>
		</properties>
	</entity_29>
	<entity_30>
		<stopLinkStation>	00000000.00000000.00000000.00000000	</stopLinkStation>
		<animation>	</animation>
		<animationEven>	</animationEven>
		<type>	NPCSpawnPoint	</type>
		<transform>
			<row0>	0.999995 0.000000 -0.000001	</row0>
			<row1>	0.000000 0.999996 0.000000	</row1>
			<row2>	0.000001 0.000000 0.999995	</row2>
			<row3>	33.119987 21.179676 -120.043182	</row3>
		</transform>
		<clientOnly>	false	</clientOnly>
		<properties>
			<entityName>	10121682	</entityName>
			<rediviousTime>	60.000000	</rediviousTime>
			<rediviousTotal>	1	</rediviousTotal>
			<randomWalkRange>	3.000000	</randomWalkRange>
			<patrolList>	</patrolList>
			<lineNumber>	0	</lineNumber>
			<patrolPathNode>	</patrolPathNode>
			<actionDefaultName>	</actionDefaultName>
			<ownModelName>	</ownModelName>
		</properties>
	</entity_30>
	<entity_31>
		<stopLinkStation>	00000000.00000000.00000000.00000000	</stopLinkStation>
		<animation>	</animation>
		<animationEven>	</animationEven>
		<type>	MonsterSpawnPoint	</type>
		<transform>
			<row0>	0.999919 -0.011812 -0.000079	</row0>
			<row1>	0.011812 0.999832 0.013476	</row1>
			<row2>	-0.000079 -0.013477 0.999901	</row2>
			<row3>	28.556335 20.517567 -119.927086	</row3>
		</transform>
		<clientOnly>	false	</clientOnly>
		<properties>
			<entityName>	20621405	</entityName>
			<rediviousTime>	-1.000000	</rediviousTime>
			<rediviousTotal>	1	</rediviousTotal>
			<randomWalkRange>	0.000000	</randomWalkRange>
			<patrolList>	</patrolList>
			<lineNumber>	0	</lineNumber>
			<patrolPathNode>	</patrolPathNode>
			<actionDefaultName>	</actionDefaultName>
			<ownModelName>	</ownModelName>
		</properties>
	</entity_31>
	<entity_32>
		<stopLinkStation>	00000000.00000000.00000000.00000000	</stopLinkStation>
		<animation>	</animation>
		<animationEven>	</animationEven>
		<type>	MonsterSpawnPoint	</type>
		<transform>
			<row0>	0.999921 -0.011812 -0.000080	</row0>
			<row1>	0.011812 0.999831 0.013476	</row1>
			<row2>	-0.000080 -0.013477 0.999902	</row2>
			<row3>	23.902285 20.792957 -120.221512	</row3>
		</transform>
		<clientOnly>	false	</clientOnly>
		<properties>
			<entityName>	20621405	</entityName>
			<rediviousTime>	-1.000000	</rediviousTime>
			<rediviousTotal>	1	</rediviousTotal>
			<randomWalkRange>	0.000000	</randomWalkRange>
			<patrolList>	</patrolList>
			<lineNumber>	0	</lineNumber>
			<patrolPathNode>	</patrolPathNode>
			<actionDefaultName>	</actionDefaultName>
			<ownModelName>	</ownModelName>
		</properties>
	</entity_32>
	<entity_33>
		<stopLinkStation>	00000000.00000000.00000000.00000000	</stopLinkStation>
		<animation>	</animation>
		<animationEven>	</animationEven>
		<type>	NPCSpawnPoint	</type>
		<transform>
			<row0>	0.999994 0.000000 -0.000001	</row0>
			<row1>	0.000000 0.999995 0.000000	</row1>
			<row2>	0.000001 0.000000 0.999994	</row2>
			<row3>	19.269508 21.406239 -119.858154	</row3>
		</transform>
		<clientOnly>	false	</clientOnly>
		<properties>
			<entityName>	10121682	</entityName>
			<rediviousTime>	60.000000	</rediviousTime>
			<rediviousTotal>	1	</rediviousTotal>
			<randomWalkRange>	3.000000	</randomWalkRange>
			<patrolList>	</patrolList>
			<lineNumber>	0	</lineNumber>
			<patrolPathNode>	</patrolPathNode>
			<actionDefaultName>	</actionDefaultName>
			<ownModelName>	</ownModelName>
		</properties>
	</entity_33>
	<entity_34>
		<stopLinkStation>	00000000.00000000.00000000.00000000	</stopLinkStation>
		<animation>	</animation>
		<animationEven>	</animationEven>
		<type>	MonsterSpawnPoint	</type>
		<transform>
			<row0>	0.258368 0.116608 0.958972	</row0>
			<row1>	0.030902 0.991175 -0.128849	</row1>
			<row2>	-0.965542 0.062923 0.252486	</row2>
			<row3>	41.033405 20.462879 -115.838593	</row3>
		</transform>
		<clientOnly>	false	</clientOnly>
		<properties>
			<entityName>	20641258	</entityName>
			<rediviousTime>	-1.000000	</rediviousTime>
			<rediviousTotal>	1	</rediviousTotal>
			<randomWalkRange>	0.000000	</randomWalkRange>
			<patrolList>	</patrolList>
			<lineNumber>	0	</lineNumber>
			<patrolPathNode>	</patrolPathNode>
			<actionDefaultName>	</actionDefaultName>
			<ownModelName>	</ownModelName>
		</properties>
	</entity_34>
	<entity_35>
		<stopLinkStation>	00000000.00000000.00000000.00000000	</stopLinkStation>
		<animation>	</animation>
		<animationEven>	</animationEven>
		<type>	MonsterSpawnPoint	</type>
		<transform>
			<row0>	0.707097 0.006012 0.707073	</row0>
			<row1>	0.000163 0.999954 -0.008664	</row1>
			<row2>	-0.707099 0.006242 0.707071	</row2>
			<row3>	37.936443 20.126942 -115.275406	</row3>
		</transform>
		<clientOnly>	false	</clientOnly>
		<properties>
			<entityName>	20612042	</entityName>
			<rediviousTime>	-1.000000	</rediviousTime>
			<rediviousTotal>	1	</rediviousTotal>
			<randomWalkRange>	0.000000	</randomWalkRange>
			<patrolList>	</patrolList>
			<lineNumber>	0	</lineNumber>
			<patrolPathNode>	</patrolPathNode>
			<actionDefaultName>	</actionDefaultName>
			<ownModelName>	</ownModelName>
		</properties>
	</entity_35>
	<entity_36>
		<stopLinkStation>	00000000.00000000.00000000.00000000	</stopLinkStation>
		<animation>	</animation>
		<animationEven>	</animationEven>
		<type>	MonsterSpawnPoint	</type>
		<transform>
			<row0>	0.964338 0.030600 0.262862	</row0>
			<row1>	-0.063198 0.991175 0.116462	</row1>
			<row2>	-0.256981 -0.128924 0.957769	</row2>
			<row3>	38.919903 20.800770 -117.704239	</row3>
		</transform>
		<clientOnly>	false	</clientOnly>
		<properties>
			<entityName>	20641258	</entityName>
			<rediviousTime>	-1.000000	</rediviousTime>
			<rediviousTotal>	1	</rediviousTotal>
			<randomWalkRange>	0.000000	</randomWalkRange>
			<patrolList>	</patrolList>
			<lineNumber>	0	</lineNumber>
			<patrolPathNode>	</patrolPathNode>
			<actionDefaultName>	</actionDefaultName>
			<ownModelName>	</ownModelName>
		</properties>
	</entity_36>
	<entity_37>
		<stopLinkStation>	00000000.00000000.00000000.00000000	</stopLinkStation>
		<animation>	</animation>
		<animationEven>	</animationEven>
		<type>	NPCSpawnPoint	</type>
		<transform>
			<row0>	0.000000 0.000000 -0.999998	</row0>
			<row1>	0.000000 0.999998 0.000000	</row1>
			<row2>	0.999998 0.000000 0.000000	</row2>
			<row3>	23.667389 18.853504 -103.966972	</row3>
		</transform>
		<clientOnly>	false	</clientOnly>
		<properties>
			<entityName>	10121683	</entityName>
			<rediviousTime>	-1.000000	</rediviousTime>
			<rediviousTotal>	1	</rediviousTotal>
			<randomWalkRange>	0.000000	</randomWalkRange>
			<patrolList>	</patrolList>
			<lineNumber>	0	</lineNumber>
			<patrolPathNode>	</patrolPathNode>
			<actionDefaultName>	</actionDefaultName>
			<ownModelName>	</ownModelName>
		</properties>
	</entity_37>
	<entity_38>
		<stopLinkStation>	00000000.00000000.00000000.00000000	</stopLinkStation>
		<animation>	</animation>
		<animationEven>	</animationEven>
		<type>	MonsterSpawnPoint	</type>
		<transform>
			<row0>	-0.004316 -0.030602 0.999511	</row0>
			<row1>	0.128850 0.991174 0.030902	</row1>
			<row2>	-0.991645 0.128921 -0.000336	</row2>
			<row3>	27.257034 18.958973 -107.863968	</row3>
		</transform>
		<clientOnly>	false	</clientOnly>
		<properties>
			<entityName>	20612043	</entityName>
			<rediviousTime>	-1.000000	</rediviousTime>
			<rediviousTotal>	1	</rediviousTotal>
			<randomWalkRange>	0.000000	</randomWalkRange>
			<patrolList>	</patrolList>
			<lineNumber>	0	</lineNumber>
			<patrolPathNode>	</patrolPathNode>
			<actionDefaultName>	</actionDefaultName>
			<ownModelName>	</ownModelName>
		</properties>
	</entity_38>
	<entity_39>
		<stopLinkStation>	00000000.00000000.00000000.00000000	</stopLinkStation>
		<animation>	</animation>
		<animationEven>	</animationEven>
		<type>	MonsterSpawnPoint	</type>
		<transform>
			<row0>	-0.965829 -0.011812 0.258875	</row0>
			<row1>	-0.014897 0.999833 -0.009960	</row1>
			<row2>	-0.258717 -0.013477 -0.965852	</row2>
			<row3>	99.206230 15.490232 -36.638607	</row3>
		</transform>
		<clientOnly>	false	</clientOnly>
		<properties>
			<entityName>	20621405	</entityName>
			<rediviousTime>	-1.000000	</rediviousTime>
			<rediviousTotal>	1	</rediviousTotal>
			<randomWalkRange>	0.000000	</randomWalkRange>
			<patrolList>	</patrolList>
			<lineNumber>	0	</lineNumber>
			<patrolPathNode>	</patrolPathNode>
			<actionDefaultName>	</actionDefaultName>
			<ownModelName>	</ownModelName>
		</properties>
	</entity_39>
	<entity_40>
		<stopLinkStation>	00000000.00000000.00000000.00000000	</stopLinkStation>
		<animation>	</animation>
		<animationEven>	</animationEven>
		<type>	NPCSpawnPoint	</type>
		<transform>
			<row0>	-0.965922 0.000000 0.258819	</row0>
			<row1>	0.000000 0.999997 0.000000	</row1>
			<row2>	-0.258819 0.000000 -0.965922	</row2>
			<row3>	94.666550 14.734369 -35.948181	</row3>
		</transform>
		<clientOnly>	false	</clientOnly>
		<properties>
			<entityName>	10121682	</entityName>
			<rediviousTime>	60.000000	</rediviousTime>
			<rediviousTotal>	1	</rediviousTotal>
			<randomWalkRange>	3.000000	</randomWalkRange>
			<patrolList>	</patrolList>
			<lineNumber>	0	</lineNumber>
			<patrolPathNode>	</patrolPathNode>
			<actionDefaultName>	</actionDefaultName>
			<ownModelName>	</ownModelName>
		</properties>
	</entity_40>
	<entity_41>
		<stopLinkStation>	00000000.00000000.00000000.00000000	</stopLinkStation>
		<animation>	</animation>
		<animationEven>	</animationEven>
		<type>	MonsterSpawnPoint	</type>
		<transform>
			<row0>	0.258818 0.000000 0.965921	</row0>
			<row1>	0.000000 0.999996 0.000000	</row1>
			<row2>	-0.965921 0.000000 0.258818	</row2>
			<row3>	97.282440 15.078119 -55.651222	</row3>
		</transform>
		<clientOnly>	false	</clientOnly>
		<properties>
			<entityName>	20621406	</entityName>
			<rediviousTime>	-1.000000	</rediviousTime>
			<rediviousTotal>	1	</rediviousTotal>
			<randomWalkRange>	0.000000	</randomWalkRange>
			<patrolList>	</patrolList>
			<lineNumber>	0	</lineNumber>
			<patrolPathNode>	</patrolPathNode>
			<actionDefaultName>	</actionDefaultName>
			<ownModelName>	</ownModelName>
		</properties>
	</entity_41>
	<entity_42>
		<stopLinkStation>	00000000.00000000.00000000.00000000	</stopLinkStation>
		<animation>	</animation>
		<animationEven>	</animationEven>
		<type>	MonsterSpawnPoint	</type>
		<transform>
			<row0>	0.753890 -0.179779 -0.631905	</row0>
			<row1>	0.246327 0.969005 0.018191	</row1>
			<row2>	0.609056 -0.169371 0.774816	</row2>
			<row3>	81.526230 42.826160 -87.299599	</row3>
		</transform>
		<clientOnly>	false	</clientOnly>
		<properties>
			<entityName>	20621407	</entityName>
			<rediviousTime>	-1.000000	</rediviousTime>
			<rediviousTotal>	1	</rediviousTotal>
			<randomWalkRange>	0.000000	</randomWalkRange>
			<patrolList>	</patrolList>
			<lineNumber>	0	</lineNumber>
			<patrolPathNode>	</patrolPathNode>
			<actionDefaultName>	</actionDefaultName>
			<ownModelName>	</ownModelName>
		</properties>
	</entity_42>
	<entity_43>
		<stopLinkStation>	00000000.00000000.00000000.00000000	</stopLinkStation>
		<animation>	</animation>
		<animationEven>	</animationEven>
		<type>	MonsterSpawnPoint	</type>
		<transform>
			<row0>	0.753853 -0.179927 -0.631908	</row0>
			<row1>	0.246254 0.969030 0.017856	</row1>
			<row2>	0.609132 -0.169071 0.774821	</row2>
			<row3>	81.086197 42.953815 -88.159340	</row3>
		</transform>
		<clientOnly>	false	</clientOnly>
		<properties>
			<entityName>	20621407	</entityName>
			<rediviousTime>	-1.000000	</rediviousTime>
			<rediviousTotal>	1	</rediviousTotal>
			<randomWalkRange>	0.000000	</randomWalkRange>
			<patrolList>	</patrolList>
			<lineNumber>	0	</lineNumber>
			<patrolPathNode>	</patrolPathNode>
			<actionDefaultName>	</actionDefaultName>
			<ownModelName>	</ownModelName>
		</properties>
	</entity_43>
	<entity_44>
		<stopLinkStation>	00000000.00000000.00000000.00000000	</stopLinkStation>
		<animation>	</animation>
		<animationEven>	</animationEven>
		<type>	MonsterSpawnPoint	</type>
		<transform>
			<row0>	0.753913 -0.179692 -0.631903	</row0>
			<row1>	0.246220 0.969032 0.018199	</row1>
			<row2>	0.609071 -0.169309 0.774817	</row2>
			<row3>	79.441330 43.386112 -88.934624	</row3>
		</transform>
		<clientOnly>	false	</clientOnly>
		<properties>
			<entityName>	20621407	</entityName>
			<rediviousTime>	-1.000000	</rediviousTime>
			<rediviousTotal>	1	</rediviousTotal>
			<randomWalkRange>	0.000000	</randomWalkRange>
			<patrolList>	</patrolList>
			<lineNumber>	0	</lineNumber>
			<patrolPathNode>	</patrolPathNode>
			<actionDefaultName>	</actionDefaultName>
			<ownModelName>	</ownModelName>
		</properties>
	</entity_44>
	<entity_45>
		<stopLinkStation>	00000000.00000000.00000000.00000000	</stopLinkStation>
		<animation>	</animation>
		<animationEven>	</animationEven>
		<type>	MonsterSpawnPoint	</type>
		<transform>
			<row0>	0.753852 -0.179928 -0.631907	</row0>
			<row1>	0.246254 0.969030 0.017855	</row1>
			<row2>	0.609132 -0.169071 0.774821	</row2>
			<row3>	81.387939 42.908119 -89.840141	</row3>
		</transform>
		<clientOnly>	false	</clientOnly>
		<properties>
			<entityName>	20621407	</entityName>
			<rediviousTime>	-1.000000	</rediviousTime>
			<rediviousTotal>	1	</rediviousTotal>
			<randomWalkRange>	0.000000	</randomWalkRange>
			<patrolList>	</patrolList>
			<lineNumber>	0	</lineNumber>
			<patrolPathNode>	</patrolPathNode>
			<actionDefaultName>	</actionDefaultName>
			<ownModelName>	</ownModelName>
		</properties>
	</entity_45>
	<entity_46>
		<stopLinkStation>	00000000.00000000.00000000.00000000	</stopLinkStation>
		<animation>	</animation>
		<animationEven>	</animationEven>
		<type>	MonsterSpawnPoint	</type>
		<transform>
			<row0>	-0.999846 0.016967 0.000049	</row0>
			<row1>	0.016967 0.999832 0.005765	</row1>
			<row2>	0.000049 0.005764 -0.999976	</row2>
			<row3>	18.049297 18.598017 -89.517708	</row3>
		</transform>
		<clientOnly>	false	</clientOnly>
		<properties>
			<entityName>	20621405	</entityName>
			<rediviousTime>	-1.000000	</rediviousTime>
			<rediviousTotal>	1	</rediviousTotal>
			<randomWalkRange>	0.000000	</randomWalkRange>
			<patrolList>	</patrolList>
			<lineNumber>	0	</lineNumber>
			<patrolPathNode>	</patrolPathNode>
			<actionDefaultName>	</actionDefaultName>
			<ownModelName>	</ownModelName>
		</properties>
	</entity_46>
	<entity_47>
		<stopLinkStation>	00000000.00000000.00000000.00000000	</stopLinkStation>
		<animation>	</animation>
		<animationEven>	</animationEven>
		<type>	MonsterSpawnPoint	</type>
		<transform>
			<row0>	-0.999847 0.016967 0.000049	</row0>
			<row1>	0.016967 0.999832 0.005765	</row1>
			<row2>	0.000050 0.005764 -0.999976	</row2>
			<row3>	23.056431 18.459345 -89.794746	</row3>
		</transform>
		<clientOnly>	false	</clientOnly>
		<properties>
			<entityName>	20621405	</entityName>
			<rediviousTime>	-1.000000	</rediviousTime>
			<rediviousTotal>	1	</rediviousTotal>
			<randomWalkRange>	0.000000	</randomWalkRange>
			<patrolList>	</patrolList>
			<lineNumber>	0	</lineNumber>
			<patrolPathNode>	</patrolPathNode>
			<actionDefaultName>	</actionDefaultName>
			<ownModelName>	</ownModelName>
		</properties>
	</entity_47>
	<entity_48>
		<stopLinkStation>	00000000.00000000.00000000.00000000	</stopLinkStation>
		<animation>	</animation>
		<animationEven>	</animationEven>
		<type>	NPCSpawnPoint	</type>
		<transform>
			<row0>	-0.999997 0.000000 -0.000001	</row0>
			<row1>	0.000000 0.999998 0.000000	</row1>
			<row2>	0.000001 0.000000 -0.999997	</row2>
			<row3>	27.949966 18.277704 -89.041512	</row3>
		</transform>
		<clientOnly>	false	</clientOnly>
		<properties>
			<entityName>	10121682	</entityName>
			<rediviousTime>	60.000000	</rediviousTime>
			<rediviousTotal>	1	</rediviousTotal>
			<randomWalkRange>	3.000000	</randomWalkRange>
			<patrolList>	</patrolList>
			<lineNumber>	0	</lineNumber>
			<patrolPathNode>	</patrolPathNode>
			<actionDefaultName>	</actionDefaultName>
			<ownModelName>	</ownModelName>
