<root>
	<entity_1>
		<type>	SoundEntity	</type>
		<transform>
			<row0>	0.000000 0.000000 -0.999998	</row0>
			<row1>	0.000000 0.999999 0.000000	</row1>
			<row2>	0.999998 0.000000 0.000000	</row2>
			<row3>	-0.972595 4.175273 -170.548309	</row3>
		</transform>
		<clientOnly>	true	</clientOnly>
		<properties>
			<soundID>	0	</soundID>
			<soundEvent>	scene/river	</soundEvent>
			<patrolPathNode>	</patrolPathNode>
		</properties>
	</entity_1>
	<entity_2>
		<type>	SoundEntity	</type>
		<transform>
			<row0>	0.000144 -0.031423 -0.999505	</row0>
			<row1>	-0.009133 0.999463 -0.031423	</row1>
			<row2>	0.999957 0.009133 -0.000144	</row2>
			<row3>	-41.445412 -0.024090 -148.555084	</row3>
		</transform>
		<clientOnly>	true	</clientOnly>
		<properties>
			<soundID>	0	</soundID>
			<soundEvent>	scene/bird	</soundEvent>
			<patrolPathNode>	</patrolPathNode>
		</properties>
	</entity_2>
	<entity_3>
		<type>	Flock	</type>
		<transform>
			<row0>	0.707105 0.000000 0.707105	</row0>
			<row1>	0.000000 0.999997 0.000000	</row1>
			<row2>	-0.707105 0.000000 0.707105	</row2>
			<row3>	-30.212051 -4.891639 -13.226822	</row3>
		</transform>
		<clientOnly>	true	</clientOnly>
		<properties>
			<maxFlightTime>	200.000000	</maxFlightTime>
			<modelFile>	space/tong_yong/dong_wu/dong_wu/ty_yu_003.model	</modelFile>
			<amount>	6	</amount>
			<modelScale>	1.000000	</modelScale>
			<radius>	1.000000	</radius>
			<approachRadius>	5.000000	</approachRadius>
			<collisionFraction>	0.100000	</collisionFraction>
			<influenceRadius>	1.000000	</influenceRadius>
			<speed>	0.040000	</speed>
			<stopRadius>	1.000000	</stopRadius>
			<patrolPathNode>	</patrolPathNode>
		</properties>
	</entity_3>
	<entity_4>
		<type>	Flock	</type>
		<transform>
			<row0>	0.999998 0.000000 0.000000	</row0>
			<row1>	0.000000 0.999998 0.000000	</row1>
			<row2>	0.000000 0.000000 0.999998	</row2>
			<row3>	-16.890671 0.844756 -65.320267	</row3>
		</transform>
		<clientOnly>	true	</clientOnly>
		<properties>
			<maxFlightTime>	200.000000	</maxFlightTime>
			<modelFile>	space/tong_yong/dong_wu/dong_wu/ty_qing_ting_001.model	</modelFile>
			<amount>	4	</amount>
			<modelScale>	1.000000	</modelScale>
			<radius>	3.000000	</radius>
			<approachRadius>	1.000000	</approachRadius>
			<collisionFraction>	10.000000	</collisionFraction>
			<influenceRadius>	1.000000	</influenceRadius>
			<speed>	0.010000	</speed>
			<stopRadius>	1.000000	</stopRadius>
			<patrolPathNode>	</patrolPathNode>
		</properties>
	</entity_4>
	<entity_5>
		<type>	Flock	</type>
		<transform>
			<row0>	0.999994 0.000000 0.000000	</row0>
			<row1>	0.000000 0.999995 0.000000	</row1>
			<row2>	0.000000 0.000000 0.999994	</row2>
			<row3>	-66.020439 2.193800 -40.932709	</row3>
		</transform>
		<clientOnly>	true	</clientOnly>
		<properties>
			<maxFlightTime>	200.000000	</maxFlightTime>
			<modelFile>	space/tong_yong/dong_wu/dong_wu/ty_hu_die_001.model	</modelFile>
			<amount>	3	</amount>
			<modelScale>	1.000000	</modelScale>
			<radius>	4.000000	</radius>
			<approachRadius>	10.000000	</approachRadius>
			<collisionFraction>	10.000000	</collisionFraction>
			<influenceRadius>	1.000000	</influenceRadius>
			<speed>	0.030000	</speed>
			<stopRadius>	1.000000	</stopRadius>
			<patrolPathNode>	</patrolPathNode>
		</properties>
	</entity_5>
	<entity_6>
		<type>	Flock	</type>
		<transform>
			<row0>	0.999994 0.000000 0.000000	</row0>
			<row1>	0.000000 0.999995 0.000000	</row1>
			<row2>	0.000000 0.000000 0.999994	</row2>
			<row3>	-64.544479 1.952551 -40.661316	</row3>
		</transform>
		<clientOnly>	true	</clientOnly>
		<properties>
			<maxFlightTime>	200.000000	</maxFlightTime>
			<modelFile>	space/tong_yong/dong_wu/dong_wu/ty_hu_die_004.model	</modelFile>
			<amount>	2	</amount>
			<modelScale>	1.000000	</modelScale>
			<radius>	4.000000	</radius>
			<approachRadius>	10.000000	</approachRadius>
			<collisionFraction>	10.000000	</collisionFraction>
			<influenceRadius>	1.000000	</influenceRadius>
			<speed>	0.030000	</speed>
			<stopRadius>	1.000000	</stopRadius>
			<patrolPathNode>	</patrolPathNode>
		</properties>
	</entity_6>
	<entity_7>
		<type>	Flock	</type>
		<transform>
			<row0>	0.999994 0.000000 0.000000	</row0>
			<row1>	0.000000 0.999995 0.000000	</row1>
			<row2>	0.000000 0.000000 0.999994	</row2>
			<row3>	-83.587189 2.076519 -46.802486	</row3>
		</transform>
		<clientOnly>	true	</clientOnly>
		<properties>
			<maxFlightTime>	200.000000	</maxFlightTime>
			<modelFile>	space/tong_yong/dong_wu/dong_wu/ty_hu_die_005.model	</modelFile>
			<amount>	4	</amount>
			<modelScale>	1.000000	</modelScale>
			<radius>	4.000000	</radius>
			<approachRadius>	10.000000	</approachRadius>
			<collisionFraction>	10.000000	</collisionFraction>
			<influenceRadius>	1.000000	</influenceRadius>
			<speed>	0.030000	</speed>
			<stopRadius>	1.000000	</stopRadius>
			<patrolPathNode>	</patrolPathNode>
		</properties>
	</entity_7>
	<entity_8>
		<type>	Flock	</type>
		<transform>
			<row0>	0.999994 0.000000 0.000000	</row0>
			<row1>	0.000000 0.999995 0.000000	</row1>
			<row2>	0.000000 0.000000 0.999994	</row2>
			<row3>	-84.907028 3.682198 -47.165836	</row3>
		</transform>
		<clientOnly>	true	</clientOnly>
		<properties>
			<maxFlightTime>	200.000000	</maxFlightTime>
			<modelFile>	space/tong_yong/dong_wu/dong_wu/ty_hu_die_003.model	</modelFile>
			<amount>	4	</amount>
			<modelScale>	1.000000	</modelScale>
			<radius>	4.000000	</radius>
			<approachRadius>	10.000000	</approachRadius>
			<collisionFraction>	10.000000	</collisionFraction>
			<influenceRadius>	1.000000	</influenceRadius>
			<speed>	0.030000	</speed>
			<stopRadius>	1.000000	</stopRadius>
			<patrolPathNode>	</patrolPathNode>
		</properties>
	</entity_8>
	<entity_9>
		<type>	Flock	</type>
		<transform>
			<row0>	0.999998 0.000000 0.000000	</row0>
			<row1>	0.000000 0.999998 0.000000	</row1>
			<row2>	0.000000 0.000000 0.999998	</row2>
			<row3>	-83.167549 1.393526 -72.527580	</row3>
		</transform>
		<clientOnly>	true	</clientOnly>
		<properties>
			<maxFlightTime>	200.000000	</maxFlightTime>
			<modelFile>	space/tong_yong/dong_wu/dong_wu/ty_qing_ting_001.model	</modelFile>
			<amount>	4	</amount>
			<modelScale>	1.000000	</modelScale>
			<radius>	3.000000	</radius>
			<approachRadius>	1.000000	</approachRadius>
			<collisionFraction>	10.000000	</collisionFraction>
			<influenceRadius>	1.000000	</influenceRadius>
			<speed>	0.010000	</speed>
			<stopRadius>	1.000000	</stopRadius>
			<patrolPathNode>	</patrolPathNode>
		</properties>
	</entity_9>
	<entity_10>
		<type>	Flock	</type>
		<transform>
			<row0>	0.999994 0.000000 0.000000	</row0>
			<row1>	0.000000 0.999995 0.000000	</row1>
			<row2>	0.000000 0.000000 0.999994	</row2>
			<row3>	-27.421425 2.297046 -40.067600	</row3>
		</transform>
		<clientOnly>	true	</clientOnly>
		<properties>
			<maxFlightTime>	200.000000	</maxFlightTime>
			<modelFile>	space/tong_yong/dong_wu/dong_wu/ty_hu_die_002.model	</modelFile>
			<amount>	4	</amount>
			<modelScale>	1.000000	</modelScale>
			<radius>	4.000000	</radius>
			<approachRadius>	10.000000	</approachRadius>
			<collisionFraction>	10.000000	</collisionFraction>
			<influenceRadius>	1.000000	</influenceRadius>
			<speed>	0.030000	</speed>
			<stopRadius>	1.000000	</stopRadius>
			<patrolPathNode>	</patrolPathNode>
		</properties>
	</entity_10>
	<entity_11>
		<type>	Flock	</type>
		<transform>
			<row0>	0.999994 0.000000 0.000000	</row0>
			<row1>	0.000000 0.999995 0.000000	</row1>
			<row2>	0.000000 0.000000 0.999994	</row2>
			<row3>	-30.517487 2.354651 -42.243534	</row3>
		</transform>
		<clientOnly>	true	</clientOnly>
		<properties>
			<maxFlightTime>	200.000000	</maxFlightTime>
			<modelFile>	space/tong_yong/dong_wu/dong_wu/ty_hu_die_005.model	</modelFile>
			<amount>	2	</amount>
			<modelScale>	1.000000	</modelScale>
			<radius>	4.000000	</radius>
			<approachRadius>	10.000000	</approachRadius>
			<collisionFraction>	10.000000	</collisionFraction>
			<influenceRadius>	1.000000	</influenceRadius>
			<speed>	0.030000	</speed>
			<stopRadius>	1.000000	</stopRadius>
			<patrolPathNode>	</patrolPathNode>
		</properties>
	</entity_11>
	<entity_12>
		<type>	SoundEntity	</type>
		<transform>
			<row0>	0.435677 0.632435 -0.640476	</row0>
			<row1>	-0.213305 0.763832 0.609143	</row1>
			<row2>	0.874461 -0.128772 0.467687	</row2>
			<row3>	-87.003860 4.085305 -81.687943	</row3>
		</transform>
		<clientOnly>	true	</clientOnly>
		<properties>
			<soundID>	0	</soundID>
			<soundEvent>	scene/waterfall	</soundEvent>
			<patrolPathNode>	</patrolPathNode>
		</properties>
	</entity_12>
	<entity_13>
		<type>	SoundEntity	</type>
		<transform>
			<row0>	0.512159 0.000000 -0.858889	</row0>
			<row1>	0.000000 0.999997 0.000000	</row1>
			<row2>	0.858888 0.000001 0.512158	</row2>
			<row3>	-82.477089 -1.237357 -54.820263	</row3>
		</transform>
		<clientOnly>	true	</clientOnly>
		<properties>
			<soundID>	0	</soundID>
			<soundEvent>	scene/river	</soundEvent>
			<patrolPathNode>	</patrolPathNode>
		</properties>
	</entity_13>
	<entity_14>
		<type>	SoundEntity	</type>
		<transform>
			<row0>	0.560594 -0.577303 0.593679	</row0>
			<row1>	0.577303 -0.241523 -0.779992	</row1>
			<row2>	0.593679 0.779992 0.197883	</row2>
			<row3>	-88.962807 6.169892 -38.881832	</row3>
		</transform>
		<clientOnly>	true	</clientOnly>
		<properties>
			<soundID>	0	</soundID>
			<soundEvent>	scene/bird	</soundEvent>
			<patrolPathNode>	</patrolPathNode>
		</properties>
	</entity_14>
	<entity_15>
		<type>	Flock	</type>
		<transform>
			<row0>	0.707105 0.000000 0.707105	</row0>
			<row1>	0.000000 0.999998 0.000000	</row1>
			<row2>	-0.707105 0.000000 0.707105	</row2>
			<row3>	-82.058327 -3.054519 55.658871	</row3>
		</transform>
		<clientOnly>	true	</clientOnly>
		<properties>
			<maxFlightTime>	200.000000	</maxFlightTime>
			<modelFile>	space/tong_yong/dong_wu/dong_wu/ty_yu_003.model	</modelFile>
			<amount>	14	</amount>
			<modelScale>	1.000000	</modelScale>
			<radius>	1.000000	</radius>
			<approachRadius>	5.000000	</approachRadius>
			<collisionFraction>	0.300000	</collisionFraction>
			<influenceRadius>	1.000000	</influenceRadius>
			<speed>	0.040000	</speed>
			<stopRadius>	1.000000	</stopRadius>
			<patrolPathNode>	</patrolPathNode>
		</properties>
	</entity_15>
	<entity_16>
		<type>	Flock	</type>
		<transform>
			<row0>	0.707105 0.000000 0.707105	</row0>
			<row1>	0.000000 0.999998 0.000000	</row1>
			<row2>	-0.707105 0.000000 0.707105	</row2>
			<row3>	-76.325920 -3.023170 70.583122	</row3>
		</transform>
		<clientOnly>	true	</clientOnly>
		<properties>
			<maxFlightTime>	200.000000	</maxFlightTime>
			<modelFile>	space/tong_yong/dong_wu/dong_wu/ty_yu_003.model	</modelFile>
			<amount>	8	</amount>
			<modelScale>	1.000000	</modelScale>
			<radius>	1.500000	</radius>
			<approachRadius>	5.000000	</approachRadius>
			<collisionFraction>	0.300000	</collisionFraction>
			<influenceRadius>	1.000000	</influenceRadius>
			<speed>	0.040000	</speed>
			<stopRadius>	1.000000	</stopRadius>
			<patrolPathNode>	</patrolPathNode>
		</properties>
	</entity_16>
	<entity_17>
		<type>	Flock	</type>
		<transform>
			<row0>	0.707105 0.000000 0.707105	</row0>
			<row1>	0.000000 0.999998 0.000000	</row1>
			<row2>	-0.707105 0.000000 0.707105	</row2>
			<row3>	-74.354187 -3.133573 82.785843	</row3>
		</transform>
		<clientOnly>	true	</clientOnly>
		<properties>
			<maxFlightTime>	200.000000	</maxFlightTime>
			<modelFile>	space/tong_yong/dong_wu/dong_wu/ty_yu_003.model	</modelFile>
			<amount>	7	</amount>
			<modelScale>	1.000000	</modelScale>
			<radius>	1.000000	</radius>
			<approachRadius>	5.000000	</approachRadius>
			<collisionFraction>	0.300000	</collisionFraction>
			<influenceRadius>	1.000000	</influenceRadius>
			<speed>	0.040000	</speed>
			<stopRadius>	1.000000	</stopRadius>
			<patrolPathNode>	</patrolPathNode>
		</properties>
	</entity_17>
	<entity_18>
		<type>	Flock	</type>
		<transform>
			<row0>	0.999994 0.000000 0.000000	</row0>
			<row1>	0.000000 0.999995 0.000000	</row1>
			<row2>	0.000000 0.000000 0.999994	</row2>
			<row3>	-69.328217 1.081665 41.344997	</row3>
		</transform>
		<clientOnly>	true	</clientOnly>
		<properties>
			<maxFlightTime>	200.000000	</maxFlightTime>
			<modelFile>	space/tong_yong/dong_wu/dong_wu/ty_hu_die_001.model	</modelFile>
			<amount>	3	</amount>
			<modelScale>	1.000000	</modelScale>
			<radius>	4.000000	</radius>
			<approachRadius>	10.000000	</approachRadius>
			<collisionFraction>	10.000000	</collisionFraction>
			<influenceRadius>	1.000000	</influenceRadius>
			<speed>	0.030000	</speed>
			<stopRadius>	1.000000	</stopRadius>
			<patrolPathNode>	</patrolPathNode>
		</properties>
	</entity_18>
	<entity_19>
		<type>	Flock	</type>
		<transform>
			<row0>	0.999994 0.000000 0.000000	</row0>
			<row1>	0.000000 0.999995 0.000000	</row1>
			<row2>	0.000000 0.000000 0.999994	</row2>
			<row3>	-68.264084 1.104117 42.058964	</row3>
		</transform>
		<clientOnly>	true	</clientOnly>
		<properties>
			<maxFlightTime>	200.000000	</maxFlightTime>
			<modelFile>	space/tong_yong/dong_wu/dong_wu/ty_hu_die_002.model	</modelFile>
			<amount>	3	</amount>
			<modelScale>	1.000000	</modelScale>
			<radius>	4.000000	</radius>
			<approachRadius>	10.000000	</approachRadius>
			<collisionFraction>	10.000000	</collisionFraction>
			<influenceRadius>	1.000000	</influenceRadius>
			<speed>	0.030000	</speed>
			<stopRadius>	1.000000	</stopRadius>
			<patrolPathNode>	</patrolPathNode>
		</properties>
	</entity_19>
	<entity_20>
		<type>	Flock	</type>
		<transform>
			<row0>	0.999994 0.000000 0.000000	</row0>
			<row1>	0.000000 0.999995 0.000000	</row1>
			<row2>	0.000000 0.000000 0.999994	</row2>
			<row3>	-92.358307 2.536327 39.743168	</row3>
		</transform>
		<clientOnly>	true	</clientOnly>
		<properties>
			<maxFlightTime>	200.000000	</maxFlightTime>
			<modelFile>	space/tong_yong/dong_wu/dong_wu/ty_hu_die_003.model	</modelFile>
			<amount>	5	</amount>
			<modelScale>	1.000000	</modelScale>
			<radius>	4.000000	</radius>
			<approachRadius>	10.000000	</approachRadius>
			<collisionFraction>	10.000000	</collisionFraction>
			<influenceRadius>	1.000000	</influenceRadius>
			<speed>	0.030000	</speed>
			<stopRadius>	1.000000	</stopRadius>
			<patrolPathNode>	</patrolPathNode>
		</properties>
	</entity_20>
	<entity_21>
		<type>	Flock	</type>
		<transform>
			<row0>	0.999998 0.000000 0.000000	</row0>
			<row1>	0.000000 0.999998 0.000000	</row1>
			<row2>	0.000000 0.000000 0.999998	</row2>
			<row3>	-63.534382 0.908226 31.595964	</row3>
		</transform>
		<clientOnly>	true	</clientOnly>
		<properties>
			<maxFlightTime>	200.000000	</maxFlightTime>
			<modelFile>	space/tong_yong/dong_wu/dong_wu/ty_qing_ting_001.model	</modelFile>
			<amount>	4	</amount>
			<modelScale>	1.000000	</modelScale>
			<radius>	3.000000	</radius>
			<approachRadius>	1.000000	</approachRadius>
			<collisionFraction>	10.000000	</collisionFraction>
			<influenceRadius>	1.000000	</influenceRadius>
			<speed>	0.010000	</speed>
			<stopRadius>	1.000000	</stopRadius>
			<patrolPathNode>	</patrolPathNode>
		</properties>
	</entity_21>
	<entity_22>
		<type>	Flock	</type>
		<transform>
			<row0>	0.999998 0.000000 0.000000	</row0>
			<row1>	0.000000 0.999998 0.000000	</row1>
			<row2>	0.000000 0.000000 0.999998	</row2>
			<row3>	-20.120636 1.238845 60.048809	</row3>
		</transform>
		<clientOnly>	true	</clientOnly>
		<properties>
			<maxFlightTime>	200.000000	</maxFlightTime>
			<modelFile>	space/tong_yong/dong_wu/dong_wu/ty_qing_ting_001.model	</modelFile>
			<amount>	4	</amount>
			<modelScale>	1.000000	</modelScale>
			<radius>	3.000000	</radius>
			<approachRadius>	1.000000	</approachRadius>
			<collisionFraction>	10.000000	</collisionFraction>
			<influenceRadius>	1.000000	</influenceRadius>
			<speed>	0.010000	</speed>
			<stopRadius>	1.000000	</stopRadius>
			<patrolPathNode>	</patrolPathNode>
		</properties>
	</entity_22>
	<entity_23>
		<type>	Flock	</type>
		<transform>
			<row0>	0.999532 -0.030385 -0.000206	</row0>
			<row1>	0.030385 0.999441 0.013551	</row1>
			<row2>	-0.000206 -0.013551 0.999902	</row2>
			<row3>	-81.299713 -1.364095 65.380829	</row3>
		</transform>
		<clientOnly>	true	</clientOnly>
		<properties>
			<maxFlightTime>	200.000000	</maxFlightTime>
			<modelFile>	space/tong_yong/dong_wu/dong_wu/ty_hu_die_001.model	</modelFile>
			<amount>	3	</amount>
			<modelScale>	1.000000	</modelScale>
			<radius>	4.000000	</radius>
			<approachRadius>	10.000000	</approachRadius>
			<collisionFraction>	10.000000	</collisionFraction>
			<influenceRadius>	1.000000	</influenceRadius>
			<speed>	0.030000	</speed>
			<stopRadius>	1.000000	</stopRadius>
			<patrolPathNode>	</patrolPathNode>
		</properties>
	</entity_23>
	<entity_24>
		<type>	Flock	</type>
		<transform>
			<row0>	0.999994 0.000002 0.000000	</row0>
			<row1>	-0.000002 0.999994 -0.000001	</row1>
			<row2>	0.000000 0.000001 0.999994	</row2>
			<row3>	-77.913162 -1.295246 68.285217	</row3>
		</transform>
		<clientOnly>	true	</clientOnly>
		<properties>
			<maxFlightTime>	200.000000	</maxFlightTime>
			<modelFile>	space/tong_yong/dong_wu/dong_wu/ty_hu_die_003.model	</modelFile>
			<amount>	3	</amount>
			<modelScale>	1.000000	</modelScale>
			<radius>	4.000000	</radius>
			<approachRadius>	10.000000	</approachRadius>
			<collisionFraction>	10.000000	</collisionFraction>
			<influenceRadius>	1.000000	</influenceRadius>
			<speed>	0.030000	</speed>
			<stopRadius>	1.000000	</stopRadius>
			<patrolPathNode>	</patrolPathNode>
		</properties>
	</entity_24>
	<entity_25>
		<type>	Flock	</type>
		<transform>
			<row0>	0.999816 0.018843 0.000265	</row0>
			<row1>	-0.018843 0.999420 0.028140	</row1>
			<row2>	0.000265 -0.028140 0.999598	</row2>
			<row3>	-74.670998 -0.021045 86.003082	</row3>
		</transform>
		<clientOnly>	true	</clientOnly>
		<properties>
			<maxFlightTime>	200.000000	</maxFlightTime>
			<modelFile>	space/tong_yong/dong_wu/dong_wu/ty_hu_die_002.model	</modelFile>
			<amount>	5	</amount>
			<modelScale>	1.000000	</modelScale>
			<radius>	4.000000	</radius>
			<approachRadius>	10.000000	</approachRadius>
			<collisionFraction>	10.000000	</collisionFraction>
			<influenceRadius>	1.000000	</influenceRadius>
			<speed>	0.030000	</speed>
			<stopRadius>	1.000000	</stopRadius>
			<patrolPathNode>	</patrolPathNode>
		</properties>
	</entity_25>
	<entity_26>
		<type>	SoundEntity	</type>
		<transform>
			<row0>	0.641147 -0.668889 0.376186	</row0>
			<row1>	0.687721 0.283272 -0.668427	</row1>
			<row2>	0.340540 0.687272 0.641629	</row2>
			<row3>	-79.117935 -2.057091 68.509254	</row3>
		</transform>
		<clientOnly>	true	</clientOnly>
		<properties>
			<soundID>	0	</soundID>
			<soundEvent>	scene/river	</soundEvent>
			<patrolPathNode>	</patrolPathNode>
		</properties>
	</entity_26>
	<entity_27>
		<type>	SoundEntity	</type>
		<transform>
			<row0>	0.944119 -0.195984 -0.265005	</row0>
			<row1>	-0.044787 0.720276 -0.692239	</row1>
			<row2>	0.326544 0.665425 0.671250	</row2>
			<row3>	-84.503403 -0.939506 43.446560	</row3>
		</transform>
		<clientOnly>	true	</clientOnly>
		<properties>
			<soundID>	0	</soundID>
			<soundEvent>	scene/bird	</soundEvent>
			<patrolPathNode>	</patrolPathNode>
		</properties>
	</entity_27>
	<entity_28>
		<type>	SoundEntity	</type>
		<transform>
			<row0>	0.000126 -0.064589 -0.997911	</row0>
			<row1>	0.010228 0.997858 -0.064584	</row1>
			<row2>	0.999946 -0.010198 0.000785	</row2>
			<row3>	35.460819 0.214138 -148.896118	</row3>
		</transform>
		<clientOnly>	true	</clientOnly>
		<properties>
			<soundID>	0	</soundID>
			<soundEvent>	scene/bird	</soundEvent>
			<patrolPathNode>	</patrolPathNode>
		</properties>
	</entity_28>
	<entity_29>
		<type>	SoundEntity	</type>
		<transform>
			<row0>	0.996020 0.000000 -0.089117	</row0>
			<row1>	0.000000 0.999999 0.000000	</row1>
			<row2>	0.089115 -0.000001 0.996020	</row2>
			<row3>	14.278554 -3.999995 -181.498886	</row3>
		</transform>
		<clientOnly>	true	</clientOnly>
		<properties>
			<soundID>	0	</soundID>
			<soundEvent>	scene/frog	</soundEvent>
			<patrolPathNode>	</patrolPathNode>
		</properties>
	</entity_29>
	<entity_30>
		<type>	SoundEntity	</type>
		<transform>
			<row0>	1.000000 0.000000 0.000000	</row0>
			<row1>	0.000000 1.000000 0.000000	</row1>
			<row2>	0.000000 0.000000 1.000000	</row2>
			<row3>	3.394265 21.112331 -110.109924	</row3>
		</transform>
		<clientOnly>	true	</clientOnly>
		<properties>
			<soundID>	0	</soundID>
			<soundEvent>	scene/hawk	</soundEvent>
			<patrolPathNode>	</patrolPathNode>
		</properties>
	</entity_30>
	<entity_31>
		<type>	Flock	</type>
		<transform>
			<row0>	0.707105 0.000000 0.707105	</row0>
			<row1>	0.000000 0.999998 0.000000	</row1>
			<row2>	-0.707105 0.000000 0.707105	</row2>
			<row3>	18.522118 -4.965183 -23.118904	</row3>
		</transform>
		<clientOnly>	true	</clientOnly>
		<properties>
			<maxFlightTime>	200.000000	</maxFlightTime>
			<modelFile>	space/tong_yong/dong_wu/dong_wu/ty_yu_003.model	</modelFile>
			<amount>	8	</amount>
			<modelScale>	1.000000	</modelScale>
			<radius>	1.000000	</radius>
			<approachRadius>	5.000000	</approachRadius>
			<collisionFraction>	0.300000	</collisionFraction>
			<influenceRadius>	1.000000	</influenceRadius>
			<speed>	0.040000	</speed>
			<stopRadius>	1.000000	</stopRadius>
			<patrolPathNode>	</patrolPathNode>
		</properties>
	</entity_31>
	<entity_32>
		<type>	Flock	</type>
		<transform>
			<row0>	0.999998 0.000000 0.000000	</row0>
			<row1>	0.000000 0.999998 0.000000	</row1>
			<row2>	0.000000 0.000000 0.999998	</row2>
			<row3>	44.538914 1.369556 -24.305923	</row3>
		</transform>
		<clientOnly>	true	</clientOnly>
		<properties>
			<maxFlightTime>	200.000000	</maxFlightTime>
			<modelFile>	space/tong_yong/dong_wu/dong_wu/ty_qing_ting_001.model	</modelFile>
			<amount>	4	</amount>
			<modelScale>	1.000000	</modelScale>
			<radius>	3.000000	</radius>
			<approachRadius>	1.000000	</approachRadius>
			<collisionFraction>	10.000000	</collisionFraction>
			<influenceRadius>	1.000000	</influenceRadius>
			<speed>	0.010000	</speed>
			<stopRadius>	1.000000	</stopRadius>
			<patrolPathNode>	</patrolPathNode>
		</properties>
	</entity_32>
	<entity_33>
		<type>	Flock	</type>
		<transform>
			<row0>	0.999994 0.000000 0.000000	</row0>
			<row1>	0.000000 0.999995 0.000000	</row1>
			<row2>	0.000000 0.000000 0.999994	</row2>
			<row3>	70.032524 4.265912 -54.542763	</row3>
		</transform>
		<clientOnly>	true	</clientOnly>
		<properties>
			<maxFlightTime>	200.000000	</maxFlightTime>
			<modelFile>	space/tong_yong/dong_wu/dong_wu/ty_hu_die_005.model	</modelFile>
			<amount>	2	</amount>
			<modelScale>	1.000000	</modelScale>
			<radius>	4.000000	</radius>
			<approachRadius>	10.000000	</approachRadius>
			<collisionFraction>	10.000000	</collisionFraction>
			<influenceRadius>	1.000000	</influenceRadius>
			<speed>	0.030000	</speed>
			<stopRadius>	1.000000	</stopRadius>
			<patrolPathNode>	</patrolPathNode>
		</properties>
	</entity_33>
	<entity_34>
		<type>	Flock	</type>
		<transform>
			<row0>	0.999994 0.000000 0.000000	</row0>
			<row1>	0.000000 0.999995 0.000000	</row1>
			<row2>	0.000000 0.000000 0.999994	</row2>
			<row3>	69.695419 4.567430 -56.226746	</row3>
		</transform>
		<clientOnly>	true	</clientOnly>
		<properties>
			<maxFlightTime>	200.000000	</maxFlightTime>
			<modelFile>	space/tong_yong/dong_wu/dong_wu/ty_hu_die_001.model	</modelFile>
			<amount>	4	</amount>
			<modelScale>	1.000000	</modelScale>
			<radius>	4.000000	</radius>
			<approachRadius>	10.000000	</approachRadius>
			<collisionFraction>	10.000000	</collisionFraction>
			<influenceRadius>	1.000000	</influenceRadius>
			<speed>	0.030000	</speed>
			<stopRadius>	1.000000	</stopRadius>
			<patrolPathNode>	</patrolPathNode>
		</properties>
	</entity_34>
	<entity_35>
		<type>	SoundEntity	</type>
		<transform>
			<row0>	0.994255 0.061233 -0.087776	</row0>
			<row1>	-0.057565 0.997383 0.043725	</row1>
			<row2>	0.090223 -0.038422 0.995179	</row2>
			<row3>	73.202957 1.544679 -66.391937	</row3>
		</transform>
		<clientOnly>	true	</clientOnly>
		<properties>
			<soundID>	0	</soundID>
			<soundEvent>	scene/bird	</soundEvent>
			<patrolPathNode>	</patrolPathNode>
		</properties>
	</entity_35>
	<entity_36>
		<type>	Flock	</type>
		<transform>
			<row0>	0.707106 0.000000 0.707106	</row0>
			<row1>	0.000000 0.999999 0.000000	</row1>
			<row2>	-0.707106 0.000000 0.707106	</row2>
			<row3>	73.572151 -2.865585 66.392838	</row3>
		</transform>
		<clientOnly>	true	</clientOnly>
		<properties>
			<maxFlightTime>	200.000000	</maxFlightTime>
			<modelFile>	space/tong_yong/dong_wu/dong_wu/ty_yu_003.model	</modelFile>
			<amount>	16	</amount>
			<modelScale>	1.000000	</modelScale>
			<radius>	1.000000	</radius>
			<approachRadius>	5.000000	</approachRadius>
			<collisionFraction>	0.300000	</collisionFraction>
			<influenceRadius>	1.000000	</influenceRadius>
			<speed>	0.040000	</speed>
			<stopRadius>	1.000000	</stopRadius>
			<patrolPathNode>	</patrolPathNode>
		</properties>
	</entity_36>
	<entity_37>
		<type>	Flock	</type>
		<transform>
			<row0>	0.707104 0.000000 0.707104	</row0>
			<row1>	0.000000 0.999997 0.000000	</row1>
			<row2>	-0.707104 0.000000 0.707104	</row2>
			<row3>	4.730182 33.534355 0.031516	</row3>
		</transform>
		<clientOnly>	true	</clientOnly>
		<properties>
			<maxFlightTime>	200.000000	</maxFlightTime>
			<modelFile>	space/tong_yong/dong_wu/dong_wu/ty_niao_004.model	</modelFile>
			<amount>	12	</amount>
			<modelScale>	1.000000	</modelScale>
			<radius>	40.000000	</radius>
			<approachRadius>	5.000000	</approachRadius>
			<collisionFraction>	0.500000	</collisionFraction>
			<influenceRadius>	10.000000	</influenceRadius>
			<speed>	0.300000	</speed>
			<stopRadius>	1.000000	</stopRadius>
			<patrolPathNode>	</patrolPathNode>
		</properties>
	</entity_37>
	<entity_38>
		<type>	Flock	</type>
		<transform>
			<row0>	0.707106 0.000000 0.707106	</row0>
			<row1>	0.000000 0.999999 0.000000	</row1>
			<row2>	-0.707106 0.000000 0.707106	</row2>
			<row3>	50.600452 -2.641845 75.341835	</row3>
		</transform>
		<clientOnly>	true	</clientOnly>
		<properties>
			<maxFlightTime>	200.000000	</maxFlightTime>
			<modelFile>	space/tong_yong/dong_wu/dong_wu/ty_yu_003.model	</modelFile>
			<amount>	16	</amount>
			<modelScale>	1.000000	</modelScale>
			<radius>	1.000000	</radius>
			<approachRadius>	5.000000	</approachRadius>
			<collisionFraction>	0.300000	</collisionFraction>
			<influenceRadius>	1.000000	</influenceRadius>
			<speed>	0.040000	</speed>
			<stopRadius>	1.000000	</stopRadius>
			<patrolPathNode>	</patrolPathNode>
		</properties>
	</entity_38>
	<entity_39>
		<type>	Flock	</type>
		<transform>
			<row0>	0.707105 0.000000 0.707105	</row0>
			<row1>	0.000000 0.999998 0.000000	</row1>
			<row2>	-0.707105 0.000000 0.707105	</row2>
			<row3>	77.529099 -2.555221 80.100784	</row3>
		</transform>
		<clientOnly>	true	</clientOnly>
		<properties>
			<maxFlightTime>	200.000000	</maxFlightTime>
			<modelFile>	space/tong_yong/dong_wu/dong_wu/ty_yu_003.model	</modelFile>
			<amount>	16	</amount>
			<modelScale>	1.000000	</modelScale>
			<radius>	1.000000	</radius>
			<approachRadius>	5.000000	</approachRadius>
			<collisionFraction>	0.300000	</collisionFraction>
			<influenceRadius>	1.000000	</influenceRadius>
			<speed>	0.040000	</speed>
			<stopRadius>	1.000000	</stopRadius>
			<patrolPathNode>	</patrolPathNode>
		</properties>
	</entity_39>
	<entity_40>
		<type>	Flock	</type>
		<transform>
			<row0>	0.707105 0.000000 0.707105	</row0>
			<row1>	0.000000 0.999998 0.000000	</row1>
			<row2>	-0.707105 0.000000 0.707105	</row2>
			<row3>	27.975512 -4.810714 14.875035	</row3>
		</transform>
		<clientOnly>	true	</clientOnly>
		<properties>
			<maxFlightTime>	200.000000	</maxFlightTime>
			<modelFile>	space/tong_yong/dong_wu/dong_wu/ty_yu_003.model	</modelFile>
			<amount>	8	</amount>
			<modelScale>	1.000000	</modelScale>
			<radius>	1.000000	</radius>
			<approachRadius>	5.000000	</approachRadius>
			<collisionFraction>	0.100000	</collisionFraction>
			<influenceRadius>	1.000000	</influenceRadius>
			<speed>	0.040000	</speed>
			<stopRadius>	1.000000	</stopRadius>
			<patrolPathNode>	</patrolPathNode>
		</properties>
	</entity_40>
	<entity_41>
		<type>	Flock	</type>
		<transform>
			<row0>	0.999998 0.000000 0.000000	</row0>
			<row1>	0.000000 0.999998 0.000000	</row1>
			<row2>	0.000000 0.000000 0.999998	</row2>
			<row3>	70.940559 1.749357 58.130657	</row3>
		</transform>
		<clientOnly>	true	</clientOnly>
		<properties>
			<maxFlightTime>	200.000000	</maxFlightTime>
			<modelFile>	space/tong_yong/dong_wu/dong_wu/ty_qing_ting_001.model	</modelFile>
			<amount>	4	</amount>
			<modelScale>	1.000000	</modelScale>
			<radius>	3.000000	</radius>
			<approachRadius>	1.000000	</approachRadius>
			<collisionFraction>	10.000000	</collisionFraction>
			<influenceRadius>	1.000000	</influenceRadius>
			<speed>	0.010000	</speed>
			<stopRadius>	1.000000	</stopRadius>
			<patrolPathNode>	</patrolPathNode>
		</properties>
	</entity_41>
	<entity_42>
		<type>	Flock	</type>
		<transform>
			<row0>	0.999994 0.000000 0.000000	</row0>
			<row1>	0.000000 0.999995 0.000000	</row1>
			<row2>	0.000000 0.000000 0.999994	</row2>
			<row3>	60.109020 0.004313 74.043541	</row3>
		</transform>
		<clientOnly>	true	</clientOnly>
		<properties>
			<maxFlightTime>	200.000000	</maxFlightTime>
			<modelFile>	space/tong_yong/dong_wu/dong_wu/ty_hu_die_004.model	</modelFile>
			<amount>	2	</amount>
			<modelScale>	1.000000	</modelScale>
			<radius>	4.000000	</radius>
			<approachRadius>	10.000000	</approachRadius>
			<collisionFraction>	10.000000	</collisionFraction>
			<influenceRadius>	1.000000	</influenceRadius>
			<speed>	0.030000	</speed>
			<stopRadius>	1.000000	</stopRadius>
			<patrolPathNode>	</patrolPathNode>
		</properties>
	</entity_42>
	<entity_43>
		<type>	Flock	</type>
		<transform>
			<row0>	0.999994 0.000000 0.000000	</row0>
			<row1>	0.000000 0.999995 0.000000	</row1>
			<row2>	0.000000 0.000000 0.999994	</row2>
			<row3>	60.835220 0.450278 70.229729	</row3>
		</transform>
		<clientOnly>	true	</clientOnly>
		<properties>
			<maxFlightTime>	200.000000	</maxFlightTime>
			<modelFile>	space/tong_yong/dong_wu/dong_wu/ty_hu_die_002.model	</modelFile>
			<amount>	3	</amount>
			<modelScale>	1.000000	</modelScale>
			<radius>	4.000000	</radius>
			<approachRadius>	10.000000	</approachRadius>
			<collisionFraction>	10.000000	</collisionFraction>
			<influenceRadius>	1.000000	</influenceRadius>
			<speed>	0.030000	</speed>
			<stopRadius>	1.000000	</stopRadius>
			<patrolPathNode>	</patrolPathNode>
		</properties>
	</entity_43>
	<entity_44>
		<type>	SoundEntity	</type>
		<transform>
			<row0>	0.869666 -0.485603 0.088720	</row0>
			<row1>	0.485603 0.809273 -0.330554	</row1>
			<row2>	0.088720 0.330554 0.939608	</row2>
			<row3>	68.653534 0.709638 61.014225	</row3>
		</transform>
		<clientOnly>	true	</clientOnly>
		<properties>
			<soundID>	0	</soundID>
			<soundEvent>	scene/river	</soundEvent>
			<patrolPathNode>	</patrolPathNode>
		</properties>
	</entity_44>
	<entity_45>
		<type>	SoundEntity	</type>
		<transform>
			<row0>	0.849478 0.387521 -0.358069	</row0>
			<row1>	-0.445011 0.161626 -0.880818	</row1>
			<row2>	-0.283463 0.907581 0.309750	</row2>
			<row3>	76.491028 6.368441 97.634460	</row3>
		</transform>
		<clientOnly>	true	</clientOnly>
		<properties>
			<soundID>	0	</soundID>
			<soundEvent>	scene/waterfall	</soundEvent>
			<patrolPathNode>	</patrolPathNode>
		</properties>
	</entity_45>
	<entity_46>
		<type>	SoundEntity	</type>
		<transform>
			<row0>	0.999035 0.020612 -0.038779	</row0>
			<row1>	-0.025248 0.992067 -0.123143	</row1>
			<row2>	0.035933 0.124003 0.991631	</row2>
			<row3>	49.378010 6.446697 96.046791	</row3>
		</transform>
		<clientOnly>	true	</clientOnly>
		<properties>
			<soundID>	0	</soundID>
			<soundEvent>	scene/bird	</soundEvent>
			<patrolPathNode>	</patrolPathNode>
		</properties>
	</entity_46>
	<entity_47>
		<type>	SoundEntity	</type>
		<transform>
			<row0>	0.635483 -0.674536 0.375714	</row0>
			<row1>	0.226180 0.627887 0.744714	</row1>
			<row2>	-0.738243 -0.388274 0.551578	</row2>
			<row3>	34.906639 0.781723 77.195282	</row3>
		</transform>
		<clientOnly>	true	</clientOnly>
		<properties>
			<soundID>	0	</soundID>
			<soundEvent>	scene/river	</soundEvent>
			<patrolPathNode>	</patrolPathNode>
		</properties>
	</entity_47>
</root>
