<root>
	<entity_1>
		<stopLinkStation>	00000000.00000000.00000000.00000000	</stopLinkStation>
		<animation>	</animation>
		<animationEven>	</animationEven>
		<type>	SpawnPointCopyYeWai	</type>
		<transform>
			<row0>	-0.707079 0.000000 -0.707128	</row0>
			<row1>	0.000000 0.999995 0.000000	</row1>
			<row2>	0.707128 0.000000 -0.707079	</row2>
			<row3>	-137.610870 -5.134765 20.040194	</row3>
		</transform>
		<clientOnly>	false	</clientOnly>
		<properties>
			<entityName>	20154014	</entityName>
			<rediviousTime>	60.000000	</rediviousTime>
			<rediviousTotal>	1	</rediviousTotal>
			<randomWalkRange>	3.000000	</randomWalkRange>
			<patrolList>	</patrolList>
			<difficulty>	0	</difficulty>
			<monsterType>	1	</monsterType>
			<patrolPathNode>	</patrolPathNode>
			<actionDefaultName>	</actionDefaultName>
			<ownModelName>	</ownModelName>
		</properties>
	</entity_1>
	<entity_2>
		<stopLinkStation>	00000000.00000000.00000000.00000000	</stopLinkStation>
		<animation>	</animation>
		<animationEven>	</animationEven>
		<type>	SpawnPointCopyYeWai	</type>
		<transform>
			<row0>	-0.707079 0.000345 -0.707128	</row0>
			<row1>	0.000244 0.999995 0.000244	</row1>
			<row2>	0.707128 0.000000 -0.707079	</row2>
			<row3>	-138.954590 -5.103515 21.247995	</row3>
		</transform>
		<clientOnly>	false	</clientOnly>
		<properties>
			<entityName>	20154015	</entityName>
			<rediviousTime>	60.000000	</rediviousTime>
			<rediviousTotal>	1	</rediviousTotal>
			<randomWalkRange>	3.000000	</randomWalkRange>
			<patrolList>	</patrolList>
			<difficulty>	1	</difficulty>
			<monsterType>	1	</monsterType>
			<patrolPathNode>	</patrolPathNode>
			<actionDefaultName>	</actionDefaultName>
			<ownModelName>	</ownModelName>
		</properties>
	</entity_2>
	<entity_3>
		<stopLinkStation>	00000000.00000000.00000000.00000000	</stopLinkStation>
		<animation>	</animation>
		<animationEven>	</animationEven>
		<type>	SpawnPointCopyYeWai	</type>
		<transform>
			<row0>	-0.707079 0.000000 -0.707128	</row0>
			<row1>	0.000000 0.999995 0.000000	</row1>
			<row2>	0.707128 0.000000 -0.707079	</row2>
			<row3>	-140.180634 -5.082030 22.545305	</row3>
		</transform>
		<clientOnly>	false	</clientOnly>
		<properties>
			<entityName>	20154016	</entityName>
			<rediviousTime>	60.000000	</rediviousTime>
			<rediviousTotal>	1	</rediviousTotal>
			<randomWalkRange>	3.000000	</randomWalkRange>
			<patrolList>	</patrolList>
			<difficulty>	2	</difficulty>
			<monsterType>	1	</monsterType>
			<patrolPathNode>	</patrolPathNode>
			<actionDefaultName>	</actionDefaultName>
			<ownModelName>	</ownModelName>
		</properties>
	</entity_3>
	<entity_4>
		<stopLinkStation>	00000000.00000000.00000000.00000000	</stopLinkStation>
		<animation>	</animation>
		<animationEven>	</animationEven>
		<type>	SpawnPointCopyYeWai	</type>
		<transform>
			<row0>	0.866022 0.000000 -0.499998	</row0>
			<row1>	0.000000 0.999996 0.000000	</row1>
			<row2>	0.499998 0.000000 0.866022	</row2>
			<row3>	-83.650993 -10.669920 -63.373283	</row3>
		</transform>
		<clientOnly>	false	</clientOnly>
		<properties>
			<entityName>	20321047	</entityName>
			<rediviousTime>	36000.000000	</rediviousTime>
			<rediviousTotal>	1	</rediviousTotal>
			<randomWalkRange>	0.000000	</randomWalkRange>
			<patrolList>	</patrolList>
			<difficulty>	0	</difficulty>
			<monsterType>	0	</monsterType>
			<patrolPathNode>	</patrolPathNode>
			<actionDefaultName>	</actionDefaultName>
			<ownModelName>	</ownModelName>
		</properties>
	</entity_4>
	<entity_5>
		<stopLinkStation>	00000000.00000000.00000000.00000000	</stopLinkStation>
		<animation>	</animation>
		<animationEven>	</animationEven>
		<type>	SpawnPointCopyYeWai	</type>
		<transform>
			<row0>	0.965924 0.000000 -0.258817	</row0>
			<row1>	0.000000 0.999997 0.000000	</row1>
			<row2>	0.258817 0.000000 0.965924	</row2>
			<row3>	-79.932762 -10.669920 -63.452946	</row3>
		</transform>
		<clientOnly>	false	</clientOnly>
		<properties>
			<entityName>	20111057	</entityName>
			<rediviousTime>	36000.000000	</rediviousTime>
			<rediviousTotal>	1	</rediviousTotal>
			<randomWalkRange>	0.000000	</randomWalkRange>
			<patrolList>	</patrolList>
			<difficulty>	0	</difficulty>
			<monsterType>	0	</monsterType>
			<patrolPathNode>	</patrolPathNode>
			<actionDefaultName>	</actionDefaultName>
			<ownModelName>	</ownModelName>
		</properties>
	</entity_5>
	<entity_6>
		<stopLinkStation>	00000000.00000000.00000000.00000000	</stopLinkStation>
		<animation>	</animation>
		<animationEven>	</animationEven>
		<type>	SpawnPointCopyYeWai	</type>
		<transform>
			<row0>	0.965923 0.000000 -0.258818	</row0>
			<row1>	0.000000 0.999997 0.000000	</row1>
			<row2>	0.258818 0.000000 0.965923	</row2>
			<row3>	-76.470963 -10.669920 -64.698402	</row3>
		</transform>
		<clientOnly>	false	</clientOnly>
		<properties>
			<entityName>	20321047	</entityName>
			<rediviousTime>	36000.000000	</rediviousTime>
			<rediviousTotal>	1	</rediviousTotal>
			<randomWalkRange>	0.000000	</randomWalkRange>
			<patrolList>	</patrolList>
			<difficulty>	0	</difficulty>
			<monsterType>	0	</monsterType>
			<patrolPathNode>	</patrolPathNode>
			<actionDefaultName>	</actionDefaultName>
			<ownModelName>	</ownModelName>
		</properties>
	</entity_6>
	<entity_7>
		<stopLinkStation>	00000000.00000000.00000000.00000000	</stopLinkStation>
		<animation>	</animation>
		<animationEven>	</animationEven>
		<type>	SpawnPointCopyYeWai	</type>
		<transform>
			<row0>	0.999997 0.000000 0.000000	</row0>
			<row1>	0.000000 0.999996 0.000000	</row1>
			<row2>	0.000000 0.000000 0.999997	</row2>
			<row3>	-73.486259 -10.669920 -64.014297	</row3>
		</transform>
		<clientOnly>	false	</clientOnly>
		<properties>
			<entityName>	20321047	</entityName>
			<rediviousTime>	36000.000000	</rediviousTime>
			<rediviousTotal>	1	</rediviousTotal>
			<randomWalkRange>	0.000000	</randomWalkRange>
			<patrolList>	</patrolList>
			<difficulty>	0	</difficulty>
			<monsterType>	0	</monsterType>
			<patrolPathNode>	</patrolPathNode>
			<actionDefaultName>	</actionDefaultName>
			<ownModelName>	</ownModelName>
		</properties>
	</entity_7>
	<entity_8>
		<stopLinkStation>	00000000.00000000.00000000.00000000	</stopLinkStation>
		<animation>	</animation>
		<animationEven>	</animationEven>
		<type>	SpawnPointCopyYeWai	</type>
		<transform>
			<row0>	-0.999999 0.000000 0.000000	</row0>
			<row1>	0.000000 0.999999 0.000000	</row1>
			<row2>	0.000000 0.000000 -0.999999	</row2>
			<row3>	-79.877739 -10.669920 -65.790146	</row3>
		</transform>
		<clientOnly>	false	</clientOnly>
		<properties>
			<entityName>	20331034	</entityName>
			<rediviousTime>	36000.000000	</rediviousTime>
			<rediviousTotal>	1	</rediviousTotal>
			<randomWalkRange>	0.000000	</randomWalkRange>
			<patrolList>	</patrolList>
			<difficulty>	0	</difficulty>
			<monsterType>	0	</monsterType>
			<patrolPathNode>	</patrolPathNode>
			<actionDefaultName>	</actionDefaultName>
			<ownModelName>	</ownModelName>
		</properties>
	</entity_8>
	<entity_9>
		<stopLinkStation>	00000000.00000000.00000000.00000000	</stopLinkStation>
		<animation>	</animation>
		<animationEven>	</animationEven>
		<type>	SpawnPointCopyYeWai	</type>
		<transform>
			<row0>	0.258819 0.000000 -0.965925	</row0>
			<row1>	0.000000 0.999998 0.000000	</row1>
			<row2>	0.965925 0.000000 0.258819	</row2>
			<row3>	-83.222298 -10.669920 -68.680649	</row3>
		</transform>
		<clientOnly>	false	</clientOnly>
		<properties>
			<entityName>	20141044	</entityName>
			<rediviousTime>	36000.000000	</rediviousTime>
			<rediviousTotal>	1	</rediviousTotal>
			<randomWalkRange>	0.000000	</randomWalkRange>
			<patrolList>	</patrolList>
			<difficulty>	0	</difficulty>
			<monsterType>	0	</monsterType>
			<patrolPathNode>	</patrolPathNode>
			<actionDefaultName>	</actionDefaultName>
			<ownModelName>	</ownModelName>
		</properties>
	</entity_9>
	<entity_10>
		<stopLinkStation>	00000000.00000000.00000000.00000000	</stopLinkStation>
		<animation>	</animation>
		<animationEven>	</animationEven>
		<type>	SpawnPointCopyYeWai	</type>
		<transform>
			<row0>	0.999995 0.000000 0.000001	</row0>
			<row1>	0.000000 0.999996 0.000000	</row1>
			<row2>	-0.000001 0.000000 0.999995	</row2>
			<row3>	-71.172874 -10.669920 -65.819092	</row3>
		</transform>
		<clientOnly>	false	</clientOnly>
		<properties>
			<entityName>	20121021	</entityName>
			<rediviousTime>	36000.000000	</rediviousTime>
			<rediviousTotal>	1	</rediviousTotal>
			<randomWalkRange>	0.000000	</randomWalkRange>
			<patrolList>	</patrolList>
			<difficulty>	0	</difficulty>
			<monsterType>	0	</monsterType>
			<patrolPathNode>	</patrolPathNode>
			<actionDefaultName>	</actionDefaultName>
			<ownModelName>	</ownModelName>
		</properties>
	</entity_10>
	<entity_11>
		<stopLinkStation>	00000000.00000000.00000000.00000000	</stopLinkStation>
		<animation>	</animation>
		<animationEven>	</animationEven>
		<type>	SpawnPointCopyYeWai	</type>
		<transform>
			<row0>	0.258819 0.000000 -0.965925	</row0>
			<row1>	0.000000 0.999998 0.000000	</row1>
			<row2>	0.965925 0.000000 0.258819	</row2>
			<row3>	-77.501137 -10.669920 -69.555260	</row3>
		</transform>
		<clientOnly>	false	</clientOnly>
		<properties>
			<entityName>	20141044	</entityName>
			<rediviousTime>	36000.000000	</rediviousTime>
			<rediviousTotal>	1	</rediviousTotal>
			<randomWalkRange>	0.000000	</randomWalkRange>
			<patrolList>	</patrolList>
			<difficulty>	0	</difficulty>
			<monsterType>	0	</monsterType>
			<patrolPathNode>	</patrolPathNode>
			<actionDefaultName>	</actionDefaultName>
			<ownModelName>	</ownModelName>
		</properties>
	</entity_11>
	<entity_12>
		<stopLinkStation>	00000000.00000000.00000000.00000000	</stopLinkStation>
		<animation>	</animation>
		<animationEven>	</animationEven>
		<type>	SpawnPointCopyYeWai	</type>
		<transform>
			<row0>	0.707106 0.000000 0.707106	</row0>
			<row1>	0.000000 0.999998 0.000000	</row1>
			<row2>	-0.707106 0.000000 0.707106	</row2>
			<row3>	-1.600151 -14.759764 -17.273598	</row3>
		</transform>
		<clientOnly>	false	</clientOnly>
		<properties>
			<entityName>	20321047	</entityName>
			<rediviousTime>	36000.000000	</rediviousTime>
			<rediviousTotal>	1	</rediviousTotal>
			<randomWalkRange>	0.000000	</randomWalkRange>
			<patrolList>	</patrolList>
			<difficulty>	0	</difficulty>
			<monsterType>	0	</monsterType>
			<patrolPathNode>	</patrolPathNode>
			<actionDefaultName>	</actionDefaultName>
			<ownModelName>	</ownModelName>
		</properties>
	</entity_12>
	<entity_13>
		<stopLinkStation>	00000000.00000000.00000000.00000000	</stopLinkStation>
		<animation>	</animation>
		<animationEven>	</animationEven>
		<type>	SpawnPointCopyYeWai	</type>
		<transform>
			<row0>	0.707106 0.000000 0.707106	</row0>
			<row1>	0.000000 0.999998 0.000000	</row1>
			<row2>	-0.707106 0.000000 0.707106	</row2>
			<row3>	-2.764778 -14.792967 -20.919456	</row3>
		</transform>
		<clientOnly>	false	</clientOnly>
		<properties>
			<entityName>	20121021	</entityName>
			<rediviousTime>	36000.000000	</rediviousTime>
			<rediviousTotal>	1	</rediviousTotal>
			<randomWalkRange>	0.000000	</randomWalkRange>
			<patrolList>	</patrolList>
			<difficulty>	0	</difficulty>
			<monsterType>	0	</monsterType>
			<patrolPathNode>	</patrolPathNode>
			<actionDefaultName>	</actionDefaultName>
			<ownModelName>	</ownModelName>
		</properties>
	</entity_13>
	<entity_14>
		<stopLinkStation>	00000000.00000000.00000000.00000000	</stopLinkStation>
		<animation>	</animation>
		<animationEven>	</animationEven>
		<type>	SpawnPointCopyYeWai	</type>
		<transform>
			<row0>	-0.965925 0.000000 0.258819	</row0>
			<row1>	0.000000 0.999999 0.000000	</row1>
			<row2>	-0.258819 0.000000 -0.965925	</row2>
			<row3>	-52.706539 -11.667967 64.130608	</row3>
		</transform>
		<clientOnly>	false	</clientOnly>
		<properties>
			<entityName>	20331033	</entityName>
			<rediviousTime>	36000.000000	</rediviousTime>
			<rediviousTotal>	1	</rediviousTotal>
			<randomWalkRange>	0.000000	</randomWalkRange>
			<patrolList>	</patrolList>
			<difficulty>	0	</difficulty>
			<monsterType>	0	</monsterType>
			<patrolPathNode>	</patrolPathNode>
			<actionDefaultName>	</actionDefaultName>
			<ownModelName>	</ownModelName>
		</properties>
	</entity_14>
	<entity_15>
		<stopLinkStation>	00000000.00000000.00000000.00000000	</stopLinkStation>
		<animation>	</animation>
		<animationEven>	</animationEven>
		<type>	SpawnPointCopyYeWai	</type>
		<transform>
			<row0>	-0.258819 0.000000 -0.965924	</row0>
			<row1>	0.000000 0.999997 0.000000	</row1>
			<row2>	0.965924 0.000000 -0.258819	</row2>
			<row3>	-54.435390 -11.689451 57.445877	</row3>
		</transform>
		<clientOnly>	false	</clientOnly>
		<properties>
			<entityName>	20321047	</entityName>
			<rediviousTime>	36000.000000	</rediviousTime>
			<rediviousTotal>	1	</rediviousTotal>
			<randomWalkRange>	0.000000	</randomWalkRange>
			<patrolList>	</patrolList>
			<difficulty>	0	</difficulty>
			<monsterType>	0	</monsterType>
			<patrolPathNode>	</patrolPathNode>
			<actionDefaultName>	</actionDefaultName>
			<ownModelName>	</ownModelName>
		</properties>
	</entity_15>
	<entity_16>
		<stopLinkStation>	00000000.00000000.00000000.00000000	</stopLinkStation>
		<animation>	</animation>
		<animationEven>	</animationEven>
		<type>	SpawnPointCopyYeWai	</type>
		<transform>
			<row0>	-0.707105 0.000000 -0.707105	</row0>
			<row1>	0.000000 0.999997 0.000000	</row1>
			<row2>	0.707105 0.000000 -0.707105	</row2>
			<row3>	-51.332321 -11.644529 66.904961	</row3>
		</transform>
		<clientOnly>	false	</clientOnly>
		<properties>
			<entityName>	20321047	</entityName>
			<rediviousTime>	36000.000000	</rediviousTime>
			<rediviousTotal>	1	</rediviousTotal>
			<randomWalkRange>	0.000000	</randomWalkRange>
			<patrolList>	</patrolList>
			<difficulty>	0	</difficulty>
			<monsterType>	0	</monsterType>
			<patrolPathNode>	</patrolPathNode>
			<actionDefaultName>	</actionDefaultName>
			<ownModelName>	</ownModelName>
		</properties>
	</entity_16>
	<entity_17>
		<stopLinkStation>	00000000.00000000.00000000.00000000	</stopLinkStation>
		<animation>	</animation>
		<animationEven>	</animationEven>
		<type>	SpawnPointCopyYeWai	</type>
		<transform>
			<row0>	-0.258819 0.000000 -0.965924	</row0>
			<row1>	0.000000 0.999997 0.000000	</row1>
			<row2>	0.965924 0.000000 -0.258819	</row2>
			<row3>	-53.405872 -11.660154 60.253719	</row3>
		</transform>
		<clientOnly>	false	</clientOnly>
		<properties>
			<entityName>	20121021	</entityName>
			<rediviousTime>	36000.000000	</rediviousTime>
			<rediviousTotal>	1	</rediviousTotal>
			<randomWalkRange>	0.000000	</randomWalkRange>
			<patrolList>	</patrolList>
			<difficulty>	0	</difficulty>
			<monsterType>	0	</monsterType>
			<patrolPathNode>	</patrolPathNode>
			<actionDefaultName>	</actionDefaultName>
			<ownModelName>	</ownModelName>
		</properties>
	</entity_17>
	<entity_18>
		<stopLinkStation>	00000000.00000000.00000000.00000000	</stopLinkStation>
		<animation>	</animation>
		<animationEven>	</animationEven>
		<type>	SpawnPointCopyYeWai	</type>
		<transform>
			<row0>	-0.499999 0.000000 -0.866024	</row0>
			<row1>	0.000000 0.999997 0.000000	</row1>
			<row2>	0.866024 0.000000 -0.499999	</row2>
			<row3>	-51.068405 -11.650389 63.308605	</row3>
		</transform>
		<clientOnly>	false	</clientOnly>
		<properties>
			<entityName>	20111056	</entityName>
			<rediviousTime>	36000.000000	</rediviousTime>
			<rediviousTotal>	1	</rediviousTotal>
			<randomWalkRange>	0.000000	</randomWalkRange>
			<patrolList>	</patrolList>
			<difficulty>	0	</difficulty>
			<monsterType>	0	</monsterType>
			<patrolPathNode>	</patrolPathNode>
			<actionDefaultName>	</actionDefaultName>
			<ownModelName>	</ownModelName>
		</properties>
	</entity_18>
	<entity_19>
		<stopLinkStation>	00000000.00000000.00000000.00000000	</stopLinkStation>
		<animation>	</animation>
		<animationEven>	</animationEven>
		<type>	SpawnPointCopyYeWai	</type>
		<transform>
			<row0>	-0.499998 0.000000 -0.866023	</row0>
			<row1>	0.000000 0.999997 0.000000	</row1>
			<row2>	0.866023 0.000000 -0.499998	</row2>
			<row3>	-58.186253 -11.718748 64.572632	</row3>
		</transform>
		<clientOnly>	false	</clientOnly>
		<properties>
			<entityName>	20131048	</entityName>
			<rediviousTime>	36000.000000	</rediviousTime>
			<rediviousTotal>	1	</rediviousTotal>
			<randomWalkRange>	0.000000	</randomWalkRange>
			<patrolList>	</patrolList>
			<difficulty>	0	</difficulty>
			<monsterType>	0	</monsterType>
			<patrolPathNode>	</patrolPathNode>
			<actionDefaultName>	</actionDefaultName>
			<ownModelName>	</ownModelName>
		</properties>
	</entity_19>
	<entity_20>
		<stopLinkStation>	00000000.00000000.00000000.00000000	</stopLinkStation>
		<animation>	</animation>
		<animationEven>	</animationEven>
		<type>	SpawnPointCopyYeWai	</type>
		<transform>
			<row0>	0.000000 0.000000 -0.999999	</row0>
			<row1>	0.000000 0.999998 0.000000	</row1>
			<row2>	0.999999 0.000000 0.000000	</row2>
			<row3>	-56.442310 -11.662107 67.948685	</row3>
		</transform>
		<clientOnly>	false	</clientOnly>
		<properties>
			<entityName>	20141044	</entityName>
			<rediviousTime>	36000.000000	</rediviousTime>
			<rediviousTotal>	1	</rediviousTotal>
			<randomWalkRange>	0.000000	</randomWalkRange>
			<patrolList>	</patrolList>
			<difficulty>	0	</difficulty>
			<monsterType>	0	</monsterType>
			<patrolPathNode>	</patrolPathNode>
			<actionDefaultName>	</actionDefaultName>
			<ownModelName>	</ownModelName>
		</properties>
	</entity_20>
	<entity_21>
		<stopLinkStation>	00000000.00000000.00000000.00000000	</stopLinkStation>
		<animation>	</animation>
		<animationEven>	</animationEven>
		<type>	SpawnPointCopyYeWai	</type>
		<transform>
			<row0>	0.000000 0.000000 -0.999999	</row0>
			<row1>	0.000000 0.999998 0.000000	</row1>
			<row2>	0.999999 0.000000 0.000000	</row2>
			<row3>	-58.595345 -11.685545 61.008698	</row3>
		</transform>
		<clientOnly>	false	</clientOnly>
		<properties>
			<entityName>	20141044	</entityName>
			<rediviousTime>	36000.000000	</rediviousTime>
			<rediviousTotal>	1	</rediviousTotal>
			<randomWalkRange>	0.000000	</randomWalkRange>
			<patrolList>	</patrolList>
			<difficulty>	0	</difficulty>
			<monsterType>	0	</monsterType>
			<patrolPathNode>	</patrolPathNode>
			<actionDefaultName>	</actionDefaultName>
			<ownModelName>	</ownModelName>
		</properties>
	</entity_21>
	<entity_22>
		<stopLinkStation>	00000000.00000000.00000000.00000000	</stopLinkStation>
		<animation>	</animation>
		<animationEven>	</animationEven>
		<type>	SpawnPointCopyYeWai	</type>
		<transform>
			<row0>	0.499999 0.000000 0.866024	</row0>
			<row1>	0.000000 0.999996 0.000000	</row1>
			<row2>	-0.866024 0.000000 0.499999	</row2>
			<row3>	1.599441 -14.884764 -10.938393	</row3>
		</transform>
		<clientOnly>	false	</clientOnly>
		<properties>
			<entityName>	20111057	</entityName>
			<rediviousTime>	36000.000000	</rediviousTime>
			<rediviousTotal>	1	</rediviousTotal>
			<randomWalkRange>	0.000000	</randomWalkRange>
			<patrolList>	</patrolList>
			<difficulty>	0	</difficulty>
			<monsterType>	0	</monsterType>
			<patrolPathNode>	</patrolPathNode>
			<actionDefaultName>	</actionDefaultName>
			<ownModelName>	</ownModelName>
		</properties>
	</entity_22>
	<entity_23>
		<stopLinkStation>	00000000.00000000.00000000.00000000	</stopLinkStation>
		<animation>	</animation>
		<animationEven>	</animationEven>
		<type>	SpawnPointCopyYeWai	</type>
		<transform>
			<row0>	0.707106 0.000000 0.707106	</row0>
			<row1>	0.000000 0.999998 0.000000	</row1>
			<row2>	-0.707106 0.000000 0.707106	</row2>
			<row3>	6.868240 -15.015623 -5.391838	</row3>
		</transform>
		<clientOnly>	false	</clientOnly>
		<properties>
			<entityName>	20121021	</entityName>
			<rediviousTime>	36000.000000	</rediviousTime>
			<rediviousTotal>	1	</rediviousTotal>
			<randomWalkRange>	0.000000	</randomWalkRange>
			<patrolList>	</patrolList>
			<difficulty>	0	</difficulty>
			<monsterType>	0	</monsterType>
			<patrolPathNode>	</patrolPathNode>
			<actionDefaultName>	</actionDefaultName>
			<ownModelName>	</ownModelName>
		</properties>
	</entity_23>
	<entity_24>
		<stopLinkStation>	00000000.00000000.00000000.00000000	</stopLinkStation>
		<animation>	</animation>
		<animationEven>	</animationEven>
		<type>	SpawnPointCopyYeWai	</type>
		<transform>
			<row0>	0.707106 0.000000 0.707106	</row0>
			<row1>	0.000000 0.999998 0.000000	</row1>
			<row2>	-0.707106 0.000000 0.707106	</row2>
			<row3>	4.743118 -15.021482 -8.770287	</row3>
		</transform>
		<clientOnly>	false	</clientOnly>
		<properties>
			<entityName>	20121021	</entityName>
			<rediviousTime>	36000.000000	</rediviousTime>
			<rediviousTotal>	1	</rediviousTotal>
			<randomWalkRange>	0.000000	</randomWalkRange>
			<patrolList>	</patrolList>
			<difficulty>	0	</difficulty>
			<monsterType>	0	</monsterType>
			<patrolPathNode>	</patrolPathNode>
			<actionDefaultName>	</actionDefaultName>
			<ownModelName>	</ownModelName>
		</properties>
	</entity_24>
	<entity_25>
		<stopLinkStation>	00000000.00000000.00000000.00000000	</stopLinkStation>
		<animation>	</animation>
		<animationEven>	</animationEven>
		<type>	SpawnPointCopyYeWai	</type>
		<transform>
			<row0>	0.707106 0.000000 0.707106	</row0>
			<row1>	0.000000 0.999998 0.000000	</row1>
			<row2>	-0.707106 0.000000 0.707106	</row2>
			<row3>	1.606735 -14.812498 -15.256035	</row3>
		</transform>
		<clientOnly>	false	</clientOnly>
		<properties>
			<entityName>	20121021	</entityName>
			<rediviousTime>	36000.000000	</rediviousTime>
			<rediviousTotal>	1	</rediviousTotal>
			<randomWalkRange>	0.000000	</randomWalkRange>
			<patrolList>	</patrolList>
			<difficulty>	0	</difficulty>
			<monsterType>	0	</monsterType>
			<patrolPathNode>	</patrolPathNode>
			<actionDefaultName>	</actionDefaultName>
			<ownModelName>	</ownModelName>
		</properties>
	</entity_25>
	<entity_26>
		<stopLinkStation>	00000000.00000000.00000000.00000000	</stopLinkStation>
		<animation>	</animation>
		<animationEven>	</animationEven>
		<type>	SpawnPointCopyYeWai	</type>
		<transform>
			<row0>	0.707106 0.000000 0.707106	</row0>
			<row1>	0.000000 0.999997 0.000000	</row1>
			<row2>	-0.707106 0.000000 0.707106	</row2>
			<row3>	9.270965 -14.835936 -11.048149	</row3>
		</transform>
		<clientOnly>	false	</clientOnly>
		<properties>
			<entityName>	20131048	</entityName>
			<rediviousTime>	36000.000000	</rediviousTime>
			<rediviousTotal>	1	</rediviousTotal>
			<randomWalkRange>	0.000000	</randomWalkRange>
			<patrolList>	</patrolList>
			<difficulty>	0	</difficulty>
			<monsterType>	0	</monsterType>
			<patrolPathNode>	</patrolPathNode>
			<actionDefaultName>	</actionDefaultName>
			<ownModelName>	</ownModelName>
		</properties>
	</entity_26>
	<entity_27>
		<stopLinkStation>	00000000.00000000.00000000.00000000	</stopLinkStation>
		<animation>	</animation>
		<animationEven>	</animationEven>
		<type>	SpawnPointCopyYeWai	</type>
		<transform>
			<row0>	0.707106 0.000000 0.707106	</row0>
			<row1>	0.000000 0.999998 0.000000	</row1>
			<row2>	-0.707106 0.000000 0.707106	</row2>
			<row3>	4.963485 -14.757811 -20.082634	</row3>
		</transform>
		<clientOnly>	false	</clientOnly>
		<properties>
			<entityName>	20131048	</entityName>
			<rediviousTime>	36000.000000	</rediviousTime>
			<rediviousTotal>	1	</rediviousTotal>
			<randomWalkRange>	0.000000	</randomWalkRange>
			<patrolList>	</patrolList>
			<difficulty>	0	</difficulty>
			<monsterType>	0	</monsterType>
			<patrolPathNode>	</patrolPathNode>
			<actionDefaultName>	</actionDefaultName>
			<ownModelName>	</ownModelName>
		</properties>
	</entity_27>
	<entity_28>
		<stopLinkStation>	00000000.00000000.00000000.00000000	</stopLinkStation>
		<animation>	</animation>
		<animationEven>	</animationEven>
		<type>	SpawnPointCopyYeWai	</type>
		<transform>
			<row0>	0.999997 0.000000 0.000000	</row0>
			<row1>	0.000000 0.999997 0.000000	</row1>
			<row2>	0.000000 0.000000 0.999997	</row2>
			<row3>	85.772682 -10.619139 -39.256252	</row3>
		</transform>
		<clientOnly>	false	</clientOnly>
		<properties>
			<entityName>	20111057	</entityName>
			<rediviousTime>	36000.000000	</rediviousTime>
			<rediviousTotal>	1	</rediviousTotal>
			<randomWalkRange>	0.000000	</randomWalkRange>
			<patrolList>	</patrolList>
			<difficulty>	0	</difficulty>
			<monsterType>	0	</monsterType>
			<patrolPathNode>	</patrolPathNode>
			<actionDefaultName>	</actionDefaultName>
			<ownModelName>	</ownModelName>
		</properties>
	</entity_28>
	<entity_29>
		<stopLinkStation>	00000000.00000000.00000000.00000000	</stopLinkStation>
		<animation>	</animation>
		<animationEven>	</animationEven>
		<type>	SpawnPointCopyYeWai	</type>
		<transform>
			<row0>	0.999997 0.000000 0.000000	</row0>
			<row1>	0.000000 0.999997 0.000000	</row1>
			<row2>	0.000000 0.000000 0.999997	</row2>
			<row3>	80.497528 -10.705076 -41.008011	</row3>
		</transform>
		<clientOnly>	false	</clientOnly>
		<properties>
			<entityName>	20121021	</entityName>
			<rediviousTime>	36000.000000	</rediviousTime>
			<rediviousTotal>	1	</rediviousTotal>
			<randomWalkRange>	0.000000	</randomWalkRange>
			<patrolList>	</patrolList>
			<difficulty>	0	</difficulty>
			<monsterType>	0	</monsterType>
			<patrolPathNode>	</patrolPathNode>
			<actionDefaultName>	</actionDefaultName>
			<ownModelName>	</ownModelName>
		</properties>
	</entity_29>
	<entity_30>
		<stopLinkStation>	00000000.00000000.00000000.00000000	</stopLinkStation>
		<animation>	</animation>
		<animationEven>	</animationEven>
		<type>	SpawnPointCopyYeWai	</type>
		<transform>
			<row0>	0.999997 0.000000 0.000000	</row0>
			<row1>	0.000000 0.999997 0.000000	</row1>
			<row2>	0.000000 0.000000 0.999997	</row2>
			<row3>	90.758362 -10.599607 -40.147472	</row3>
		</transform>
		<clientOnly>	false	</clientOnly>
		<properties>
			<entityName>	20121021	</entityName>
			<rediviousTime>	36000.000000	</rediviousTime>
			<rediviousTotal>	1	</rediviousTotal>
			<randomWalkRange>	0.000000	</randomWalkRange>
			<patrolList>	</patrolList>
			<difficulty>	0	</difficulty>
			<monsterType>	0	</monsterType>
			<patrolPathNode>	</patrolPathNode>
			<actionDefaultName>	</actionDefaultName>
			<ownModelName>	</ownModelName>
		</properties>
	</entity_30>
	<entity_31>
		<stopLinkStation>	00000000.00000000.00000000.00000000	</stopLinkStation>
		<animation>	</animation>
		<animationEven>	</animationEven>
		<type>	SpawnPointCopyYeWai	</type>
		<transform>
			<row0>	0.999997 0.000000 0.000000	</row0>
			<row1>	0.000000 0.999997 0.000000	</row1>
			<row2>	0.000000 0.000000 0.999997	</row2>
			<row3>	87.668411 -10.597654 -41.040157	</row3>
		</transform>
		<clientOnly>	false	</clientOnly>
		<properties>
			<entityName>	20121021	</entityName>
			<rediviousTime>	36000.000000	</rediviousTime>
			<rediviousTotal>	1	</rediviousTotal>
			<randomWalkRange>	0.000000	</randomWalkRange>
			<patrolList>	</patrolList>
			<difficulty>	0	</difficulty>
			<monsterType>	0	</monsterType>
			<patrolPathNode>	</patrolPathNode>
			<actionDefaultName>	</actionDefaultName>
			<ownModelName>	</ownModelName>
		</properties>
	</entity_31>
	<entity_32>
		<stopLinkStation>	00000000.00000000.00000000.00000000	</stopLinkStation>
		<animation>	</animation>
		<animationEven>	</animationEven>
		<type>	SpawnPointCopyYeWai	</type>
		<transform>
			<row0>	-0.965925 0.000000 0.258819	</row0>
			<row1>	0.000000 0.999999 0.000000	</row1>
			<row2>	-0.258819 0.000000 -0.965925	</row2>
			<row3>	86.636963 -10.587889 -41.497921	</row3>
		</transform>
		<clientOnly>	false	</clientOnly>
		<properties>
			<entityName>	20331031	</entityName>
			<rediviousTime>	36000.000000	</rediviousTime>
			<rediviousTotal>	1	</rediviousTotal>
			<randomWalkRange>	0.000000	</randomWalkRange>
			<patrolList>	</patrolList>
			<difficulty>	0	</difficulty>
			<monsterType>	0	</monsterType>
			<patrolPathNode>	</patrolPathNode>
			<actionDefaultName>	</actionDefaultName>
			<ownModelName>	</ownModelName>
		</properties>
	</entity_32>
	<entity_33>
		<stopLinkStation>	00000000.00000000.00000000.00000000	</stopLinkStation>
		<animation>	</animation>
		<animationEven>	</animationEven>
		<type>	SpawnPointCopyYeWai	</type>
		<transform>
			<row0>	0.999997 0.000000 0.000000	</row0>
			<row1>	0.000000 0.999997 0.000000	</row1>
			<row2>	0.000000 0.000000 0.999997	</row2>
			<row3>	77.476967 -10.884764 -42.709660	</row3>
		</transform>
		<clientOnly>	false	</clientOnly>
		<properties>
			<entityName>	20121021	</entityName>
			<rediviousTime>	36000.000000	</rediviousTime>
			<rediviousTotal>	1	</rediviousTotal>
			<randomWalkRange>	0.000000	</randomWalkRange>
			<patrolList>	</patrolList>
			<difficulty>	0	</difficulty>
			<monsterType>	0	</monsterType>
			<patrolPathNode>	</patrolPathNode>
			<actionDefaultName>	</actionDefaultName>
			<ownModelName>	</ownModelName>
		</properties>
	</entity_33>
	<entity_34>
		<stopLinkStation>	00000000.00000000.00000000.00000000	</stopLinkStation>
		<animation>	</animation>
		<animationEven>	</animationEven>
		<type>	SpawnPointCopyYeWai	</type>
		<transform>
			<row0>	0.999997 0.000000 0.000000	</row0>
			<row1>	0.000000 0.999997 0.000000	</row1>
			<row2>	0.000000 0.000000 0.999997	</row2>
			<row3>	83.243233 -10.599607 -42.828873	</row3>
		</transform>
		<clientOnly>	false	</clientOnly>
		<properties>
			<entityName>	20121021	</entityName>
			<rediviousTime>	36000.000000	</rediviousTime>
			<rediviousTotal>	1	</rediviousTotal>
			<randomWalkRange>	0.000000	</randomWalkRange>
			<patrolList>	</patrolList>
			<difficulty>	0	</difficulty>
			<monsterType>	0	</monsterType>
			<patrolPathNode>	</patrolPathNode>
			<actionDefaultName>	</actionDefaultName>
			<ownModelName>	</ownModelName>
		</properties>
	</entity_34>
	<entity_35>
		<stopLinkStation>	00000000.00000000.00000000.00000000	</stopLinkStation>
		<animation>	</animation>
		<animationEven>	</animationEven>
		<type>	SpawnPointCopyYeWai	</type>
		<transform>
			<row0>	0.965924 0.000000 0.258818	</row0>
			<row1>	0.000000 0.999997 0.000000	</row1>
			<row2>	-0.258818 0.000000 0.965924	</row2>
			<row3>	90.454750 -10.599607 -44.739693	</row3>
		</transform>
		<clientOnly>	false	</clientOnly>
		<properties>
			<entityName>	20131048	</entityName>
			<rediviousTime>	36000.000000	</rediviousTime>
			<rediviousTotal>	1	</rediviousTotal>
			<randomWalkRange>	0.000000	</randomWalkRange>
			<patrolList>	</patrolList>
			<difficulty>	0	</difficulty>
			<monsterType>	0	</monsterType>
			<patrolPathNode>	</patrolPathNode>
			<actionDefaultName>	</actionDefaultName>
			<ownModelName>	</ownModelName>
		</properties>
	</entity_35>
	<entity_36>
		<stopLinkStation>	00000000.00000000.00000000.00000000	</stopLinkStation>
		<animation>	</animation>
		<animationEven>	</animationEven>
		<type>	SpawnPointCopyYeWai	</type>
		<transform>
			<row0>	0.965924 0.000000 -0.258819	</row0>
			<row1>	0.000000 0.999998 0.000000	</row1>
			<row2>	0.258819 0.000000 0.965924	</row2>
			<row3>	81.688416 -10.605467 -46.792904	</row3>
		</transform>
		<clientOnly>	false	</clientOnly>
		<properties>
			<entityName>	20131048	</entityName>
			<rediviousTime>	36000.000000	</rediviousTime>
			<rediviousTotal>	1	</rediviousTotal>
			<randomWalkRange>	0.000000	</randomWalkRange>
			<patrolList>	</patrolList>
			<difficulty>	0	</difficulty>
			<monsterType>	0	</monsterType>
			<patrolPathNode>	</patrolPathNode>
			<actionDefaultName>	</actionDefaultName>
			<ownModelName>	</ownModelName>
		</properties>
	</entity_36>
	<entity_37>
		<stopLinkStation>	00000000.00000000.00000000.00000000	</stopLinkStation>
		<animation>	</animation>
		<animationEven>	</animationEven>
		<type>	SpawnPointCopyYeWai	</type>
		<transform>
			<row0>	-0.258818 0.000000 -0.965924	</row0>
			<row1>	0.000000 0.999997 0.000000	</row1>
			<row2>	0.965924 0.000000 -0.258818	</row2>
			<row3>	18.413225 -14.023436 40.494293	</row3>
		</transform>
		<clientOnly>	false	</clientOnly>
		<properties>
			<entityName>	20141044	</entityName>
			<rediviousTime>	36000.000000	</rediviousTime>
			<rediviousTotal>	1	</rediviousTotal>
			<randomWalkRange>	0.000000	</randomWalkRange>
			<patrolList>	</patrolList>
			<difficulty>	0	</difficulty>
			<monsterType>	0	</monsterType>
			<patrolPathNode>	</patrolPathNode>
			<actionDefaultName>	</actionDefaultName>
			<ownModelName>	</ownModelName>
		</properties>
	</entity_37>
	<entity_38>
		<stopLinkStation>	00000000.00000000.00000000.00000000	</stopLinkStation>
		<animation>	</animation>
		<animationEven>	</animationEven>
		<type>	SpawnPointCopyYeWai	</type>
		<transform>
			<row0>	-0.707105 0.000000 -0.707105	</row0>
			<row1>	0.000000 0.999998 0.000000	</row1>
			<row2>	0.707105 0.000000 -0.707105	</row2>
			<row3>	20.783888 -14.351561 46.510975	</row3>
		</transform>
		<clientOnly>	false	</clientOnly>
		<properties>
			<entityName>	20141044	</entityName>
			<rediviousTime>	36000.000000	</rediviousTime>
			<rediviousTotal>	1	</rediviousTotal>
			<randomWalkRange>	0.000000	</randomWalkRange>
			<patrolList>	</patrolList>
			<difficulty>	0	</difficulty>
			<monsterType>	0	</monsterType>
			<patrolPathNode>	</patrolPathNode>
			<actionDefaultName>	</actionDefaultName>
			<ownModelName>	</ownModelName>
		</properties>
	</entity_38>
	<entity_39>
		<stopLinkStation>	00000000.00000000.00000000.00000000	</stopLinkStation>
		<animation>	</animation>
		<animationEven>	</animationEven>
		<type>	SpawnPointCopyYeWai	</type>
		<transform>
			<row0>	-0.499998 0.000000 -0.866023	</row0>
			<row1>	0.000000 0.999996 0.000000	</row1>
			<row2>	0.866023 0.000000 -0.499998	</row2>
			<row3>	21.016613 -14.097654 36.145290	</row3>
		</transform>
		<clientOnly>	false	</clientOnly>
		<properties>
			<entityName>	20121021	</entityName>
			<rediviousTime>	36000.000000	</rediviousTime>
			<rediviousTotal>	1	</rediviousTotal>
			<randomWalkRange>	0.000000	</randomWalkRange>
			<patrolList>	</patrolList>
			<difficulty>	0	</difficulty>
			<monsterType>	0	</monsterType>
			<patrolPathNode>	</patrolPathNode>
			<actionDefaultName>	</actionDefaultName>
			<ownModelName>	</ownModelName>
		</properties>
	</entity_39>
	<entity_40>
		<stopLinkStation>	00000000.00000000.00000000.00000000	</stopLinkStation>
		<animation>	</animation>
		<animationEven>	</animationEven>
		<type>	SpawnPointCopyYeWai	</type>
		<transform>
			<row0>	-0.499998 0.000000 -0.866023	</row0>
			<row1>	0.000000 0.999996 0.000000	</row1>
			<row2>	0.866023 0.000000 -0.499998	</row2>
			<row3>	23.091999 -14.416014 38.806232	</row3>
		</transform>
		<clientOnly>	false	</clientOnly>
		<properties>
			<entityName>	20121021	</entityName>
			<rediviousTime>	36000.000000	</rediviousTime>
			<rediviousTotal>	1	</rediviousTotal>
			<randomWalkRange>	0.000000	</randomWalkRange>
			<patrolList>	</patrolList>
			<difficulty>	0	</difficulty>
			<monsterType>	0	</monsterType>
			<patrolPathNode>	</patrolPathNode>
			<actionDefaultName>	</actionDefaultName>
			<ownModelName>	</ownModelName>
		</properties>
	</entity_40>
	<entity_41>
		<stopLinkStation>	00000000.00000000.00000000.00000000	</stopLinkStation>
		<animation>	</animation>
		<animationEven>	</animationEven>
		<type>	SpawnPointCopyYeWai	</type>
		<transform>
			<row0>	-0.499998 0.000000 -0.866023	</row0>
			<row1>	0.000000 0.999996 0.000000	</row1>
			<row2>	0.866023 0.000000 -0.499998	</row2>
			<row3>	24.748724 -14.607420 43.781975	</row3>
		</transform>
		<clientOnly>	false	</clientOnly>
		<properties>
			<entityName>	20121021	</entityName>
			<rediviousTime>	36000.000000	</rediviousTime>
			<rediviousTotal>	1	</rediviousTotal>
			<randomWalkRange>	0.000000	</randomWalkRange>
			<patrolList>	</patrolList>
			<difficulty>	0	</difficulty>
			<monsterType>	0	</monsterType>
			<patrolPathNode>	</patrolPathNode>
			<actionDefaultName>	</actionDefaultName>
			<ownModelName>	</ownModelName>
		</properties>
	</entity_41>
	<entity_42>
		<stopLinkStation>	00000000.00000000.00000000.00000000	</stopLinkStation>
		<animation>	</animation>
		<animationEven>	</animationEven>
		<type>	SpawnPointCopyYeWai	</type>
		<transform>
			<row0>	-0.499998 0.000000 -0.866023	</row0>
			<row1>	0.000000 0.999996 0.000000	</row1>
			<row2>	0.866023 0.000000 -0.499998	</row2>
			<row3>	25.711033 -14.660154 47.451752	</row3>
		</transform>
		<clientOnly>	false	</clientOnly>
		<properties>
			<entityName>	20121021	</entityName>
			<rediviousTime>	36000.000000	</rediviousTime>
			<rediviousTotal>	1	</rediviousTotal>
			<randomWalkRange>	0.000000	</randomWalkRange>
			<patrolList>	</patrolList>
			<difficulty>	0	</difficulty>
			<monsterType>	0	</monsterType>
			<patrolPathNode>	</patrolPathNode>
			<actionDefaultName>	</actionDefaultName>
			<ownModelName>	</ownModelName>
		</properties>
	</entity_42>
	<entity_43>
		<stopLinkStation>	00000000.00000000.00000000.00000000	</stopLinkStation>
		<animation>	</animation>
		<animationEven>	</animationEven>
		<type>	SpawnPointCopyYeWai	</type>
		<transform>
			<row0>	-0.499998 0.000000 -0.866023	</row0>
			<row1>	0.000000 0.999996 0.000000	</row1>
			<row2>	0.866023 0.000000 -0.499998	</row2>
			<row3>	25.209648 -14.630857 41.250080	</row3>
		</transform>
		<clientOnly>	false	</clientOnly>
		<properties>
			<entityName>	20111056	</entityName>
			<rediviousTime>	36000.000000	</rediviousTime>
			<rediviousTotal>	1	</rediviousTotal>
			<randomWalkRange>	0.000000	</randomWalkRange>
			<patrolList>	</patrolList>
			<difficulty>	0	</difficulty>
			<monsterType>	0	</monsterType>
			<patrolPathNode>	</patrolPathNode>
			<actionDefaultName>	</actionDefaultName>
			<ownModelName>	</ownModelName>
		</properties>
	</entity_43>
	<entity_44>
		<stopLinkStation>	00000000.00000000.00000000.00000000	</stopLinkStation>
		<animation>	</animation>
		<animationEven>	</animationEven>
		<type>	NPCSpawnPoint	</type>
		<transform>
			<row0>	0.964116 -0.029192 -0.263852	</row0>
			<row1>	0.021589 0.999261 -0.031669	</row1>
			<row2>	0.264582 0.024837 0.964037	</row2>
			<row3>	126.134781 2.230468 -101.822403	</row3>
		</transform>
		<clientOnly>	false	</clientOnly>
		<properties>
			<entityName>	10111320	</entityName>
			<rediviousTime>	60.000000	</rediviousTime>
			<rediviousTotal>	1	</rediviousTotal>
			<randomWalkRange>	3.000000	</randomWalkRange>
			<patrolList>	</patrolList>
			<lineNumber>	0	</lineNumber>
			<patrolPathNode>	</patrolPathNode>
			<actionDefaultName>	</actionDefaultName>
			<ownModelName>	</ownModelName>
		</properties>
	</entity_44>
	<entity_45>
		<stopLinkStation>	00000000.00000000.00000000.00000000	</stopLinkStation>
		<animation>	</animation>
		<animationEven>	</animationEven>
		<type>	SpawnPointCopyYeWai	</type>
		<transform>
			<row0>	-0.999999 0.000000 0.000000	</row0>
			<row1>	0.000000 0.999999 0.000000	</row1>
			<row2>	0.000000 0.000000 -0.999999	</row2>
			<row3>	189.830200 1.894531 -18.184837	</row3>
		</transform>
		<clientOnly>	false	</clientOnly>
		<properties>
			<entityName>	20121021	</entityName>
			<rediviousTime>	36000.000000	</rediviousTime>
			<rediviousTotal>	1	</rediviousTotal>
			<randomWalkRange>	0.000000	</randomWalkRange>
			<patrolList>	</patrolList>
			<difficulty>	0	</difficulty>
			<monsterType>	0	</monsterType>
			<patrolPathNode>	</patrolPathNode>
			<actionDefaultName>	</actionDefaultName>
			<ownModelName>	</ownModelName>
		</properties>
	</entity_45>
	<entity_46>
		<stopLinkStation>	00000000.00000000.00000000.00000000	</stopLinkStation>
		<animation>	</animation>
		<animationEven>	</animationEven>
		<type>	SpawnPointCopyYeWai	</type>
		<transform>
			<row0>	-0.999999 0.000000 0.000000	</row0>
			<row1>	0.000000 0.999999 0.000000	</row1>
			<row2>	0.000000 0.000000 -0.999999	</row2>
			<row3>	193.070984 1.951172 -17.469803	</row3>
		</transform>
		<clientOnly>	false	</clientOnly>
		<properties>
			<entityName>	20121021	</entityName>
			<rediviousTime>	36000.000000	</rediviousTime>
			<rediviousTotal>	1	</rediviousTotal>
			<randomWalkRange>	0.000000	</randomWalkRange>
			<patrolList>	</patrolList>
			<difficulty>	0	</difficulty>
			<monsterType>	0	</monsterType>
			<patrolPathNode>	</patrolPathNode>
			<actionDefaultName>	</actionDefaultName>
			<ownModelName>	</ownModelName>
