<root>
	<entity_1>
		<stopLinkStation>	00000000.00000000.00000000.00000000	</stopLinkStation>
		<animation>	</animation>
		<animationEven>	</animationEven>
		<type>	MonsterSpawnPoint	</type>
		<transform>
			<row0>	-0.707106 0.000000 0.707106	</row0>
			<row1>	0.000000 0.999999 0.000000	</row1>
			<row2>	-0.707106 0.000000 -0.707106	</row2>
			<row3>	-111.219727 0.105717 15.362556	</row3>
		</transform>
		<clientOnly>	false	</clientOnly>
		<properties>
			<entityName>	20612149	</entityName>
			<rediviousTime>	-1.000000	</rediviousTime>
			<rediviousTotal>	1	</rediviousTotal>
			<randomWalkRange>	0.000000	</randomWalkRange>
			<patrolList>	</patrolList>
			<lineNumber>	0	</lineNumber>
			<patrolPathNode>	</patrolPathNode>
			<actionDefaultName>	</actionDefaultName>
			<ownModelName>	</ownModelName>
		</properties>
	</entity_1>
	<entity_2>
		<stopLinkStation>	00000000.00000000.00000000.00000000	</stopLinkStation>
		<animation>	</animation>
		<animationEven>	</animationEven>
		<type>	MonsterSpawnPoint	</type>
		<transform>
			<row0>	-0.499998 0.000000 0.866024	</row0>
			<row1>	0.000000 0.999999 0.000000	</row1>
			<row2>	-0.866024 0.000000 -0.499998	</row2>
			<row3>	-112.144585 0.105717 17.071783	</row3>
		</transform>
		<clientOnly>	false	</clientOnly>
		<properties>
			<entityName>	20612149	</entityName>
			<rediviousTime>	-1.000000	</rediviousTime>
			<rediviousTotal>	1	</rediviousTotal>
			<randomWalkRange>	0.000000	</randomWalkRange>
			<patrolList>	</patrolList>
			<lineNumber>	0	</lineNumber>
			<patrolPathNode>	</patrolPathNode>
			<actionDefaultName>	</actionDefaultName>
			<ownModelName>	</ownModelName>
		</properties>
	</entity_2>
	<entity_3>
		<stopLinkStation>	00000000.00000000.00000000.00000000	</stopLinkStation>
		<animation>	</animation>
		<animationEven>	</animationEven>
		<type>	MonsterSpawnPoint	</type>
		<transform>
			<row0>	0.000001 0.000000 0.999997	</row0>
			<row1>	0.000000 0.999999 0.000000	</row1>
			<row2>	-0.999997 0.000000 0.000001	</row2>
			<row3>	-108.419250 0.105715 11.241800	</row3>
		</transform>
		<clientOnly>	false	</clientOnly>
		<properties>
			<entityName>	20612150	</entityName>
			<rediviousTime>	-1.000000	</rediviousTime>
			<rediviousTotal>	1	</rediviousTotal>
			<randomWalkRange>	0.000000	</randomWalkRange>
			<patrolList>	</patrolList>
			<lineNumber>	0	</lineNumber>
			<patrolPathNode>	</patrolPathNode>
			<actionDefaultName>	</actionDefaultName>
			<ownModelName>	</ownModelName>
		</properties>
	</entity_3>
	<entity_4>
		<stopLinkStation>	00000000.00000000.00000000.00000000	</stopLinkStation>
		<animation>	</animation>
		<animationEven>	</animationEven>
		<type>	MonsterSpawnPoint	</type>
		<transform>
			<row0>	0.000001 0.000000 0.999997	</row0>
			<row1>	0.000000 0.999999 0.000000	</row1>
			<row2>	-0.999997 0.000000 0.000001	</row2>
			<row3>	-108.140045 0.105715 8.787340	</row3>
		</transform>
		<clientOnly>	false	</clientOnly>
		<properties>
			<entityName>	20612150	</entityName>
			<rediviousTime>	-1.000000	</rediviousTime>
			<rediviousTotal>	1	</rediviousTotal>
			<randomWalkRange>	0.000000	</randomWalkRange>
			<patrolList>	</patrolList>
			<lineNumber>	0	</lineNumber>
			<patrolPathNode>	</patrolPathNode>
			<actionDefaultName>	</actionDefaultName>
			<ownModelName>	</ownModelName>
		</properties>
	</entity_4>
	<entity_5>
		<stopLinkStation>	00000000.00000000.00000000.00000000	</stopLinkStation>
		<animation>	</animation>
		<animationEven>	</animationEven>
		<type>	MonsterSpawnPoint	</type>
		<transform>
			<row0>	0.707106 0.000000 0.707104	</row0>
			<row1>	0.000000 0.999999 0.000000	</row1>
			<row2>	-0.707104 0.000000 0.707106	</row2>
			<row3>	-111.689087 0.105717 2.624854	</row3>
		</transform>
		<clientOnly>	false	</clientOnly>
		<properties>
			<entityName>	20612149	</entityName>
			<rediviousTime>	-1.000000	</rediviousTime>
			<rediviousTotal>	1	</rediviousTotal>
			<randomWalkRange>	0.000000	</randomWalkRange>
			<patrolList>	</patrolList>
			<lineNumber>	0	</lineNumber>
			<patrolPathNode>	</patrolPathNode>
			<actionDefaultName>	</actionDefaultName>
			<ownModelName>	</ownModelName>
		</properties>
	</entity_5>
	<entity_6>
		<stopLinkStation>	00000000.00000000.00000000.00000000	</stopLinkStation>
		<animation>	</animation>
		<animationEven>	</animationEven>
		<type>	MonsterSpawnPoint	</type>
		<transform>
			<row0>	0.000001 0.000000 0.999996	</row0>
			<row1>	0.000000 0.999999 0.000000	</row1>
			<row2>	-0.999996 0.000000 0.000001	</row2>
			<row3>	-116.655457 0.105715 9.860369	</row3>
		</transform>
		<clientOnly>	false	</clientOnly>
		<properties>
			<entityName>	20612148	</entityName>
			<rediviousTime>	-1.000000	</rediviousTime>
			<rediviousTotal>	1	</rediviousTotal>
			<randomWalkRange>	0.000000	</randomWalkRange>
			<patrolList>	</patrolList>
			<lineNumber>	0	</lineNumber>
			<patrolPathNode>	</patrolPathNode>
			<actionDefaultName>	</actionDefaultName>
			<ownModelName>	</ownModelName>
		</properties>
	</entity_6>
	<entity_7>
		<stopLinkStation>	00000000.00000000.00000000.00000000	</stopLinkStation>
		<animation>	</animation>
		<animationEven>	</animationEven>
		<type>	MonsterSpawnPoint	</type>
		<transform>
			<row0>	0.000001 0.000000 0.999996	</row0>
			<row1>	0.000000 0.999999 0.000000	</row1>
			<row2>	-0.999996 0.000000 0.000001	</row2>
			<row3>	-116.486343 0.105709 8.371115	</row3>
		</transform>
		<clientOnly>	false	</clientOnly>
		<properties>
			<entityName>	20612148	</entityName>
			<rediviousTime>	-1.000000	</rediviousTime>
			<rediviousTotal>	1	</rediviousTotal>
			<randomWalkRange>	0.000000	</randomWalkRange>
			<patrolList>	</patrolList>
			<lineNumber>	0	</lineNumber>
			<patrolPathNode>	</patrolPathNode>
			<actionDefaultName>	</actionDefaultName>
			<ownModelName>	</ownModelName>
		</properties>
	</entity_7>
	<entity_8>
		<stopLinkStation>	00000000.00000000.00000000.00000000	</stopLinkStation>
		<animation>	</animation>
		<animationEven>	</animationEven>
		<type>	MonsterSpawnPoint	</type>
		<transform>
			<row0>	0.707105 0.000000 0.707104	</row0>
			<row1>	0.000000 0.999999 0.000000	</row1>
			<row2>	-0.707104 0.000000 0.707105	</row2>
			<row3>	-113.455856 0.105717 1.721628	</row3>
		</transform>
		<clientOnly>	false	</clientOnly>
		<properties>
			<entityName>	20612149	</entityName>
			<rediviousTime>	-1.000000	</rediviousTime>
			<rediviousTotal>	1	</rediviousTotal>
			<randomWalkRange>	0.000000	</randomWalkRange>
			<patrolList>	</patrolList>
			<lineNumber>	0	</lineNumber>
			<patrolPathNode>	</patrolPathNode>
			<actionDefaultName>	</actionDefaultName>
			<ownModelName>	</ownModelName>
		</properties>
	</entity_8>
	<entity_9>
		<stopLinkStation>	00000000.00000000.00000000.00000000	</stopLinkStation>
		<animation>	</animation>
		<animationEven>	</animationEven>
		<type>	MonsterSpawnPoint	</type>
		<transform>
			<row0>	-0.499997 0.000000 0.866023	</row0>
			<row1>	0.000000 0.999999 0.000000	</row1>
			<row2>	-0.866023 0.000000 -0.499997	</row2>
			<row3>	-108.848602 0.105717 17.748034	</row3>
		</transform>
		<clientOnly>	false	</clientOnly>
		<properties>
			<entityName>	20612150	</entityName>
			<rediviousTime>	-1.000000	</rediviousTime>
			<rediviousTotal>	1	</rediviousTotal>
			<randomWalkRange>	0.000000	</randomWalkRange>
			<patrolList>	</patrolList>
			<lineNumber>	0	</lineNumber>
			<patrolPathNode>	</patrolPathNode>
			<actionDefaultName>	</actionDefaultName>
			<ownModelName>	</ownModelName>
		</properties>
	</entity_9>
	<entity_10>
		<stopLinkStation>	00000000.00000000.00000000.00000000	</stopLinkStation>
		<animation>	</animation>
		<animationEven>	</animationEven>
		<type>	MonsterSpawnPoint	</type>
		<transform>
			<row0>	-0.258818 0.001421 -0.965920	</row0>
			<row1>	0.000116 0.999996 0.001439	</row1>
			<row2>	0.965922 0.000261 -0.258818	</row2>
			<row3>	-139.121140 -1.475156 45.724243	</row3>
		</transform>
		<clientOnly>	false	</clientOnly>
		<properties>
			<entityName>	20612150	</entityName>
			<rediviousTime>	-1.000000	</rediviousTime>
			<rediviousTotal>	1	</rediviousTotal>
			<randomWalkRange>	0.000000	</randomWalkRange>
			<patrolList>	</patrolList>
			<lineNumber>	0	</lineNumber>
			<patrolPathNode>	</patrolPathNode>
			<actionDefaultName>	</actionDefaultName>
			<ownModelName>	</ownModelName>
		</properties>
	</entity_10>
	<entity_11>
		<stopLinkStation>	00000000.00000000.00000000.00000000	</stopLinkStation>
		<animation>	</animation>
		<animationEven>	</animationEven>
		<type>	MonsterSpawnPoint	</type>
		<transform>
			<row0>	0.866020 -0.001459 -0.499999	</row0>
			<row1>	0.001508 0.999996 -0.000307	</row1>
			<row2>	0.499999 -0.000488 0.866021	</row2>
			<row3>	-138.465652 -1.475463 44.291988	</row3>
		</transform>
		<clientOnly>	false	</clientOnly>
		<properties>
			<entityName>	20612150	</entityName>
			<rediviousTime>	-1.000000	</rediviousTime>
			<rediviousTotal>	1	</rediviousTotal>
			<randomWalkRange>	0.000000	</randomWalkRange>
			<patrolList>	</patrolList>
			<lineNumber>	0	</lineNumber>
			<patrolPathNode>	</patrolPathNode>
			<actionDefaultName>	</actionDefaultName>
			<ownModelName>	</ownModelName>
		</properties>
	</entity_11>
	<entity_12>
		<stopLinkStation>	00000000.00000000.00000000.00000000	</stopLinkStation>
		<animation>	</animation>
		<animationEven>	</animationEven>
		<type>	MonsterSpawnPoint	</type>
		<transform>
			<row0>	-0.000002 -0.000342 -0.999995	</row0>
			<row1>	0.000000 0.999997 -0.000342	</row1>
			<row2>	0.999995 0.000001 -0.000002	</row2>
			<row3>	-127.930641 -1.480000 50.990665	</row3>
		</transform>
		<clientOnly>	false	</clientOnly>
		<properties>
			<entityName>	20612151	</entityName>
			<rediviousTime>	-1.000000	</rediviousTime>
			<rediviousTotal>	1	</rediviousTotal>
			<randomWalkRange>	0.000000	</randomWalkRange>
			<patrolList>	</patrolList>
			<lineNumber>	0	</lineNumber>
			<patrolPathNode>	</patrolPathNode>
			<actionDefaultName>	</actionDefaultName>
			<ownModelName>	</ownModelName>
		</properties>
	</entity_12>
	<entity_13>
		<stopLinkStation>	00000000.00000000.00000000.00000000	</stopLinkStation>
		<animation>	</animation>
		<animationEven>	</animationEven>
		<type>	MonsterSpawnPoint	</type>
		<transform>
			<row0>	-0.000002 -0.000519 -0.999994	</row0>
			<row1>	0.000222 0.999996 -0.000520	</row1>
			<row2>	0.999995 -0.000220 -0.000002	</row2>
			<row3>	-129.339432 -1.478122 53.759102	</row3>
		</transform>
		<clientOnly>	false	</clientOnly>
		<properties>
			<entityName>	20612149	</entityName>
			<rediviousTime>	-1.000000	</rediviousTime>
			<rediviousTotal>	1	</rediviousTotal>
			<randomWalkRange>	0.000000	</randomWalkRange>
			<patrolList>	</patrolList>
			<lineNumber>	0	</lineNumber>
			<patrolPathNode>	</patrolPathNode>
			<actionDefaultName>	</actionDefaultName>
			<ownModelName>	</ownModelName>
		</properties>
	</entity_13>
	<entity_14>
		<stopLinkStation>	00000000.00000000.00000000.00000000	</stopLinkStation>
		<animation>	</animation>
		<animationEven>	</animationEven>
		<type>	MonsterSpawnPoint	</type>
		<transform>
			<row0>	-0.000002 0.006379 -0.999974	</row0>
			<row1>	0.000000 0.999976 0.006379	</row1>
			<row2>	0.999995 0.000002 -0.000002	</row2>
			<row3>	-129.176224 -1.479962 47.993500	</row3>
		</transform>
		<clientOnly>	false	</clientOnly>
		<properties>
			<entityName>	20612149	</entityName>
			<rediviousTime>	-1.000000	</rediviousTime>
			<rediviousTotal>	1	</rediviousTotal>
			<randomWalkRange>	0.000000	</randomWalkRange>
			<patrolList>	</patrolList>
			<lineNumber>	0	</lineNumber>
			<patrolPathNode>	</patrolPathNode>
			<actionDefaultName>	</actionDefaultName>
			<ownModelName>	</ownModelName>
		</properties>
	</entity_14>
	<entity_15>
		<stopLinkStation>	00000000.00000000.00000000.00000000	</stopLinkStation>
		<animation>	</animation>
		<animationEven>	</animationEven>
		<type>	MonsterSpawnPoint	</type>
		<transform>
			<row0>	-0.866021 -0.001817 -0.499991	</row0>
			<row1>	0.000296 0.999988 -0.004148	</row1>
			<row2>	0.499994 -0.003739 -0.866014	</row2>
			<row3>	-136.847458 -1.457967 57.735600	</row3>
		</transform>
		<clientOnly>	false	</clientOnly>
		<properties>
			<entityName>	20612152	</entityName>
			<rediviousTime>	-1.000000	</rediviousTime>
			<rediviousTotal>	1	</rediviousTotal>
			<randomWalkRange>	0.000000	</randomWalkRange>
			<patrolList>	</patrolList>
			<lineNumber>	0	</lineNumber>
			<patrolPathNode>	</patrolPathNode>
			<actionDefaultName>	</actionDefaultName>
			<ownModelName>	</ownModelName>
		</properties>
	</entity_15>
	<entity_16>
		<stopLinkStation>	00000000.00000000.00000000.00000000	</stopLinkStation>
		<animation>	</animation>
		<animationEven>	</animationEven>
		<type>	MonsterSpawnPoint	</type>
		<transform>
			<row0>	-0.258820 -0.003929 -0.965911	</row0>
			<row1>	0.000296 0.999988 -0.004148	</row1>
			<row2>	0.965920 -0.001358 -0.258818	</row2>
			<row3>	-138.047974 -1.462917 56.458393	</row3>
		</transform>
		<clientOnly>	false	</clientOnly>
		<properties>
			<entityName>	20612152	</entityName>
			<rediviousTime>	-1.000000	</rediviousTime>
			<rediviousTotal>	1	</rediviousTotal>
			<randomWalkRange>	0.000000	</randomWalkRange>
			<patrolList>	</patrolList>
			<lineNumber>	0	</lineNumber>
			<patrolPathNode>	</patrolPathNode>
			<actionDefaultName>	</actionDefaultName>
			<ownModelName>	</ownModelName>
		</properties>
	</entity_16>
	<entity_17>
		<stopLinkStation>	00000000.00000000.00000000.00000000	</stopLinkStation>
		<animation>	</animation>
		<animationEven>	</animationEven>
		<type>	MonsterSpawnPoint	</type>
		<transform>
			<row0>	0.707107 0.002735 0.707094	</row0>
			<row1>	0.000293 0.999988 -0.004161	</row1>
			<row2>	-0.707100 0.003149 0.707100	</row2>
			<row3>	-136.915054 -1.461264 56.936958	</row3>
		</transform>
		<clientOnly>	false	</clientOnly>
		<properties>
			<entityName>	20612150	</entityName>
			<rediviousTime>	-1.000000	</rediviousTime>
			<rediviousTotal>	1	</rediviousTotal>
			<randomWalkRange>	0.000000	</randomWalkRange>
			<patrolList>	</patrolList>
			<lineNumber>	0	</lineNumber>
			<patrolPathNode>	</patrolPathNode>
			<actionDefaultName>	</actionDefaultName>
			<ownModelName>	</ownModelName>
		</properties>
	</entity_17>
	<entity_18>
		<stopLinkStation>	00000000.00000000.00000000.00000000	</stopLinkStation>
		<animation>	</animation>
		<animationEven>	</animationEven>
		<type>	MonsterSpawnPoint	</type>
		<transform>
			<row0>	0.499998 -0.001122 -0.866019	</row0>
			<row1>	0.001810 0.999995 -0.000251	</row1>
			<row2>	0.866019 -0.001441 0.499999	</row2>
			<row3>	-137.522781 -1.476853 45.534386	</row3>
		</transform>
		<clientOnly>	false	</clientOnly>
		<properties>
			<entityName>	20612149	</entityName>
			<rediviousTime>	-1.000000	</rediviousTime>
			<rediviousTotal>	1	</rediviousTotal>
			<randomWalkRange>	0.000000	</randomWalkRange>
			<patrolList>	</patrolList>
			<lineNumber>	0	</lineNumber>
			<patrolPathNode>	</patrolPathNode>
			<actionDefaultName>	</actionDefaultName>
			<ownModelName>	</ownModelName>
		</properties>
	</entity_18>
	<entity_19>
		<stopLinkStation>	00000000.00000000.00000000.00000000	</stopLinkStation>
		<animation>	</animation>
		<animationEven>	</animationEven>
		<type>	MonsterSpawnPoint	</type>
		<transform>
			<row0>	0.000002 -0.000608 -0.999994	</row0>
			<row1>	0.000569 0.999996 -0.000609	</row1>
			<row2>	0.999994 -0.000568 0.000002	</row2>
			<row3>	-135.415771 -1.478032 50.106651	</row3>
		</transform>
		<clientOnly>	false	</clientOnly>
		<properties>
			<entityName>	20651338	</entityName>
			<rediviousTime>	-1.000000	</rediviousTime>
			<rediviousTotal>	1	</rediviousTotal>
			<randomWalkRange>	0.000000	</randomWalkRange>
			<patrolList>	</patrolList>
			<lineNumber>	0	</lineNumber>
			<patrolPathNode>	</patrolPathNode>
			<actionDefaultName>	</actionDefaultName>
			<ownModelName>	</ownModelName>
		</properties>
	</entity_19>
	<entity_20>
		<stopLinkStation>	00000000.00000000.00000000.00000000	</stopLinkStation>
		<animation>	</animation>
		<animationEven>	</animationEven>
		<type>	MonsterSpawnPoint	</type>
		<transform>
			<row0>	-0.707141 -0.004169 0.707050	</row0>
			<row1>	0.014594 0.999678 0.020492	</row1>
			<row2>	-0.706912 0.024811 -0.706856	</row2>
			<row3>	-101.859573 -3.438066 99.267036	</row3>
		</transform>
		<clientOnly>	false	</clientOnly>
		<properties>
			<entityName>	20651339	</entityName>
			<rediviousTime>	-1.000000	</rediviousTime>
			<rediviousTotal>	1	</rediviousTotal>
			<randomWalkRange>	0.000000	</randomWalkRange>
			<patrolList>	</patrolList>
			<lineNumber>	0	</lineNumber>
			<patrolPathNode>	</patrolPathNode>
			<actionDefaultName>	</actionDefaultName>
			<ownModelName>	</ownModelName>
		</properties>
	</entity_20>
	<entity_21>
		<stopLinkStation>	00000000.00000000.00000000.00000000	</stopLinkStation>
		<animation>	</animation>
		<animationEven>	</animationEven>
		<type>	MonsterSpawnPoint	</type>
		<transform>
			<row0>	-0.706945 0.005087 0.707239	</row0>
			<row1>	0.027684 0.999401 0.020486	</row1>
			<row2>	-0.706717 0.034063 -0.706666	</row2>
			<row3>	-104.309547 -3.346507 96.742760	</row3>
		</transform>
		<clientOnly>	false	</clientOnly>
		<properties>
			<entityName>	20612155	</entityName>
			<rediviousTime>	-1.000000	</rediviousTime>
			<rediviousTotal>	1	</rediviousTotal>
			<randomWalkRange>	0.000000	</randomWalkRange>
			<patrolList>	</patrolList>
			<lineNumber>	0	</lineNumber>
			<patrolPathNode>	</patrolPathNode>
			<actionDefaultName>	</actionDefaultName>
			<ownModelName>	</ownModelName>
		</properties>
	</entity_21>
	<entity_22>
		<stopLinkStation>	00000000.00000000.00000000.00000000	</stopLinkStation>
		<animation>	</animation>
		<animationEven>	</animationEven>
		<type>	MonsterSpawnPoint	</type>
		<transform>
			<row0>	-0.706945 0.005087 0.707239	</row0>
			<row1>	0.027684 0.999401 0.020486	</row1>
			<row2>	-0.706717 0.034063 -0.706666	</row2>
			<row3>	-104.615891 -3.358637 97.748230	</row3>
		</transform>
		<clientOnly>	false	</clientOnly>
		<properties>
			<entityName>	20612148	</entityName>
			<rediviousTime>	-1.000000	</rediviousTime>
			<rediviousTotal>	1	</rediviousTotal>
			<randomWalkRange>	0.000000	</randomWalkRange>
			<patrolList>	</patrolList>
			<lineNumber>	0	</lineNumber>
			<patrolPathNode>	</patrolPathNode>
			<actionDefaultName>	</actionDefaultName>
			<ownModelName>	</ownModelName>
		</properties>
	</entity_22>
	<entity_23>
		<stopLinkStation>	00000000.00000000.00000000.00000000	</stopLinkStation>
		<animation>	</animation>
		<animationEven>	</animationEven>
		<type>	MonsterSpawnPoint	</type>
		<transform>
			<row0>	-0.706881 0.007608 0.707280	</row0>
			<row1>	0.023164 0.999649 0.012401	</row1>
			<row2>	-0.706943 0.025151 -0.706813	</row2>
			<row3>	-103.343536 -3.361434 96.536644	</row3>
		</transform>
		<clientOnly>	false	</clientOnly>
		<properties>
			<entityName>	20612148	</entityName>
			<rediviousTime>	-1.000000	</rediviousTime>
			<rediviousTotal>	1	</rediviousTotal>
			<randomWalkRange>	0.000000	</randomWalkRange>
			<patrolList>	</patrolList>
			<lineNumber>	0	</lineNumber>
			<patrolPathNode>	</patrolPathNode>
			<actionDefaultName>	</actionDefaultName>
			<ownModelName>	</ownModelName>
		</properties>
	</entity_23>
	<entity_24>
		<stopLinkStation>	00000000.00000000.00000000.00000000	</stopLinkStation>
		<animation>	</animation>
		<animationEven>	</animationEven>
		<type>	MonsterSpawnPoint	</type>
		<transform>
			<row0>	0.000000 0.000000 -1.000000	</row0>
			<row1>	0.000000 1.000000 0.000000	</row1>
			<row2>	1.000000 0.000000 0.000000	</row2>
			<row3>	-146.351959 0.000000 10.114999	</row3>
		</transform>
		<clientOnly>	false	</clientOnly>
		<properties>
			<entityName>	20651337	</entityName>
			<rediviousTime>	-1.000000	</rediviousTime>
			<rediviousTotal>	1	</rediviousTotal>
			<randomWalkRange>	0.000000	</randomWalkRange>
			<patrolList>	</patrolList>
			<lineNumber>	0	</lineNumber>
			<patrolPathNode>	</patrolPathNode>
			<actionDefaultName>	</actionDefaultName>
			<ownModelName>	</ownModelName>
		</properties>
	</entity_24>
	<entity_25>
		<stopLinkStation>	00000000.00000000.00000000.00000000	</stopLinkStation>
		<animation>	</animation>
		<animationEven>	</animationEven>
		<type>	MonsterSpawnPoint	</type>
		<transform>
			<row0>	0.000000 0.000000 -0.999999	</row0>
			<row1>	0.000000 1.000000 0.000000	</row1>
			<row2>	0.999999 0.000000 0.000000	</row2>
			<row3>	-133.720856 0.000000 12.101922	</row3>
		</transform>
		<clientOnly>	false	</clientOnly>
		<properties>
			<entityName>	20722178	</entityName>
			<rediviousTime>	-1.000000	</rediviousTime>
			<rediviousTotal>	1	</rediviousTotal>
			<randomWalkRange>	0.000000	</randomWalkRange>
			<patrolList>	</patrolList>
			<lineNumber>	0	</lineNumber>
			<patrolPathNode>	</patrolPathNode>
			<actionDefaultName>	</actionDefaultName>
			<ownModelName>	</ownModelName>
		</properties>
	</entity_25>
	<entity_26>
		<stopLinkStation>	00000000.00000000.00000000.00000000	</stopLinkStation>
		<animation>	</animation>
		<animationEven>	</animationEven>
		<type>	MonsterSpawnPoint	</type>
		<transform>
			<row0>	0.000000 0.000000 -1.000000	</row0>
			<row1>	0.000000 1.000000 0.000000	</row1>
			<row2>	1.000000 0.000000 0.000000	</row2>
			<row3>	-134.245392 0.000000 6.727086	</row3>
		</transform>
		<clientOnly>	false	</clientOnly>
		<properties>
			<entityName>	20722179	</entityName>
			<rediviousTime>	-1.000000	</rediviousTime>
			<rediviousTotal>	1	</rediviousTotal>
			<randomWalkRange>	0.000000	</randomWalkRange>
			<patrolList>	</patrolList>
			<lineNumber>	0	</lineNumber>
			<patrolPathNode>	</patrolPathNode>
			<actionDefaultName>	</actionDefaultName>
			<ownModelName>	</ownModelName>
		</properties>
	</entity_26>
	<entity_27>
		<stopLinkStation>	00000000.00000000.00000000.00000000	</stopLinkStation>
		<animation>	</animation>
		<animationEven>	</animationEven>
		<type>	MonsterSpawnPoint	</type>
		<transform>
			<row0>	-0.965905 -0.000369 0.258855	</row0>
			<row1>	0.004639 0.999806 0.018741	</row1>
			<row2>	-0.258815 0.019305 -0.965725	</row2>
			<row3>	-104.858925 -3.539015 107.465332	</row3>
		</transform>
		<clientOnly>	false	</clientOnly>
		<properties>
			<entityName>	20612150	</entityName>
			<rediviousTime>	-1.000000	</rediviousTime>
			<rediviousTotal>	1	</rediviousTotal>
			<randomWalkRange>	0.000000	</randomWalkRange>
			<patrolList>	</patrolList>
			<lineNumber>	0	</lineNumber>
			<patrolPathNode>	</patrolPathNode>
			<actionDefaultName>	</actionDefaultName>
			<ownModelName>	</ownModelName>
		</properties>
	</entity_27>
	<entity_28>
		<stopLinkStation>	00000000.00000000.00000000.00000000	</stopLinkStation>
		<animation>	</animation>
		<animationEven>	</animationEven>
		<type>	MonsterSpawnPoint	</type>
		<transform>
			<row0>	-0.999979 0.004496 0.000085	</row0>
			<row1>	0.004496 0.999804 0.018884	</row1>
			<row2>	-0.000001 0.018887 -0.999813	</row2>
			<row3>	-106.072708 -3.517333 106.609261	</row3>
		</transform>
		<clientOnly>	false	</clientOnly>
		<properties>
			<entityName>	20612152	</entityName>
			<rediviousTime>	-1.000000	</rediviousTime>
			<rediviousTotal>	1	</rediviousTotal>
			<randomWalkRange>	0.000000	</randomWalkRange>
			<patrolList>	</patrolList>
			<lineNumber>	0	</lineNumber>
			<patrolPathNode>	</patrolPathNode>
			<actionDefaultName>	</actionDefaultName>
			<ownModelName>	</ownModelName>
		</properties>
	</entity_28>
	<entity_29>
		<stopLinkStation>	00000000.00000000.00000000.00000000	</stopLinkStation>
		<animation>	</animation>
		<animationEven>	</animationEven>
		<type>	MonsterSpawnPoint	</type>
		<transform>
			<row0>	-0.965868 0.005018 0.258944	</row0>
			<row1>	0.009038 0.999849 0.014343	</row1>
			<row2>	-0.258837 0.016197 -0.965777	</row2>
			<row3>	-104.309509 -3.526263 106.329666	</row3>
		</transform>
		<clientOnly>	false	</clientOnly>
		<properties>
			<entityName>	20612152	</entityName>
			<rediviousTime>	-1.000000	</rediviousTime>
			<rediviousTotal>	1	</rediviousTotal>
			<randomWalkRange>	0.000000	</randomWalkRange>
			<patrolList>	</patrolList>
			<lineNumber>	0	</lineNumber>
			<patrolPathNode>	</patrolPathNode>
			<actionDefaultName>	</actionDefaultName>
			<ownModelName>	</ownModelName>
		</properties>
	</entity_29>
	<entity_30>
		<stopLinkStation>	00000000.00000000.00000000.00000000	</stopLinkStation>
		<animation>	</animation>
		<animationEven>	</animationEven>
		<type>	MonsterSpawnPoint	</type>
		<transform>
			<row0>	-0.865932 0.004029 0.500126	</row0>
			<row1>	0.011160 0.999868 0.011269	</row1>
			<row2>	-0.500020 0.015341 -0.865869	</row2>
			<row3>	-95.514610 -3.531904 99.202408	</row3>
		</transform>
		<clientOnly>	false	</clientOnly>
		<properties>
			<entityName>	20612148	</entityName>
			<rediviousTime>	-1.000000	</rediviousTime>
			<rediviousTotal>	1	</rediviousTotal>
			<randomWalkRange>	0.000000	</randomWalkRange>
			<patrolList>	</patrolList>
			<lineNumber>	0	</lineNumber>
			<patrolPathNode>	</patrolPathNode>
			<actionDefaultName>	</actionDefaultName>
			<ownModelName>	</ownModelName>
		</properties>
	</entity_30>
	<entity_31>
		<stopLinkStation>	00000000.00000000.00000000.00000000	</stopLinkStation>
		<animation>	</animation>
		<animationEven>	</animationEven>
		<type>	MonsterSpawnPoint	</type>
		<transform>
			<row0>	0.965871 -0.013694 0.258618	</row0>
			<row1>	0.011160 0.999868 0.011270	</row1>
			<row2>	-0.258740 -0.007997 0.965905	</row2>
			<row3>	-95.890564 -3.509976 97.629250	</row3>
		</transform>
		<clientOnly>	false	</clientOnly>
		<properties>
			<entityName>	20612148	</entityName>
			<rediviousTime>	-1.000000	</rediviousTime>
			<rediviousTotal>	1	</rediviousTotal>
			<randomWalkRange>	0.000000	</randomWalkRange>
			<patrolList>	</patrolList>
			<lineNumber>	0	</lineNumber>
			<patrolPathNode>	</patrolPathNode>
			<actionDefaultName>	</actionDefaultName>
			<ownModelName>	</ownModelName>
		</properties>
	</entity_31>
	<entity_32>
		<stopLinkStation>	00000000.00000000.00000000.00000000	</stopLinkStation>
		<animation>	</animation>
		<animationEven>	</animationEven>
		<type>	MonsterSpawnPoint	</type>
		<transform>
			<row0>	-0.258738 -0.007836 0.965904	</row0>
			<row1>	0.011348 0.999865 0.011153	</row1>
			<row2>	-0.965871 0.013849 -0.258616	</row2>
			<row3>	-93.402191 -3.560337 99.632210	</row3>
		</transform>
		<clientOnly>	false	</clientOnly>
		<properties>
			<entityName>	20612150	</entityName>
			<rediviousTime>	-1.000000	</rediviousTime>
			<rediviousTotal>	1	</rediviousTotal>
			<randomWalkRange>	0.000000	</randomWalkRange>
			<patrolList>	</patrolList>
			<lineNumber>	0	</lineNumber>
			<patrolPathNode>	</patrolPathNode>
			<actionDefaultName>	</actionDefaultName>
			<ownModelName>	</ownModelName>
		</properties>
	</entity_32>
	<entity_33>
		<stopLinkStation>	00000000.00000000.00000000.00000000	</stopLinkStation>
		<animation>	</animation>
		<animationEven>	</animationEven>
		<type>	MonsterSpawnPoint	</type>
		<transform>
			<row0>	0.258879 -0.012215 0.965821	</row0>
			<row1>	0.013371 0.999861 0.009063	</row1>
			<row2>	-0.965807 0.010571 0.259011	</row2>
			<row3>	-93.473999 -3.535218 97.219749	</row3>
		</transform>
		<clientOnly>	false	</clientOnly>
		<properties>
			<entityName>	20612150	</entityName>
			<rediviousTime>	-1.000000	</rediviousTime>
			<rediviousTotal>	1	</rediviousTotal>
			<randomWalkRange>	0.000000	</randomWalkRange>
			<patrolList>	</patrolList>
			<lineNumber>	0	</lineNumber>
			<patrolPathNode>	</patrolPathNode>
			<actionDefaultName>	</actionDefaultName>
			<ownModelName>	</ownModelName>
		</properties>
	</entity_33>
	<entity_34>
		<stopLinkStation>	00000000.00000000.00000000.00000000	</stopLinkStation>
		<animation>	</animation>
		<animationEven>	</animationEven>
		<type>	MonsterSpawnPoint	</type>
		<transform>
			<row0>	0.699944 0.104491 0.706493	</row0>
			<row1>	-0.086795 0.994339 -0.061069	</row1>
			<row2>	-0.708885 -0.018573 0.705061	</row2>
			<row3>	-6.981392 -4.871850 143.643036	</row3>
		</transform>
		<clientOnly>	false	</clientOnly>
		<properties>
			<entityName>	20612148	</entityName>
			<rediviousTime>	-1.000000	</rediviousTime>
			<rediviousTotal>	1	</rediviousTotal>
			<randomWalkRange>	0.000000	</randomWalkRange>
			<patrolList>	</patrolList>
			<lineNumber>	0	</lineNumber>
			<patrolPathNode>	</patrolPathNode>
			<actionDefaultName>	</actionDefaultName>
			<ownModelName>	</ownModelName>
		</properties>
	</entity_34>
	<entity_35>
		<stopLinkStation>	00000000.00000000.00000000.00000000	</stopLinkStation>
		<animation>	</animation>
		<animationEven>	</animationEven>
		<type>	MonsterSpawnPoint	</type>
		<transform>
			<row0>	-0.262481 0.032580 0.964374	</row0>
			<row1>	-0.077810 0.995448 -0.054805	</row1>
			<row2>	-0.961782 -0.089423 -0.258754	</row2>
			<row3>	-34.074432 -5.454206 151.459320	</row3>
		</transform>
		<clientOnly>	false	</clientOnly>
		<properties>
			<entityName>	20612155	</entityName>
			<rediviousTime>	-1.000000	</rediviousTime>
			<rediviousTotal>	1	</rediviousTotal>
			<randomWalkRange>	0.000000	</randomWalkRange>
			<patrolList>	</patrolList>
			<lineNumber>	0	</lineNumber>
			<patrolPathNode>	</patrolPathNode>
			<actionDefaultName>	</actionDefaultName>
			<ownModelName>	</ownModelName>
		</properties>
	</entity_35>
	<entity_36>
		<stopLinkStation>	00000000.00000000.00000000.00000000	</stopLinkStation>
		<animation>	</animation>
		<animationEven>	</animationEven>
		<type>	MonsterSpawnPoint	</type>
		<transform>
			<row0>	-0.501336 -0.005096 0.865222	</row0>
			<row1>	-0.081364 0.995816 -0.041276	</row1>
			<row2>	-0.861403 -0.091091 -0.499659	</row2>
			<row3>	-33.370331 -5.246210 154.260468	</row3>
		</transform>
		<clientOnly>	false	</clientOnly>
		<properties>
			<entityName>	20612148	</entityName>
			<rediviousTime>	-1.000000	</rediviousTime>
			<rediviousTotal>	1	</rediviousTotal>
			<randomWalkRange>	0.000000	</randomWalkRange>
			<patrolList>	</patrolList>
			<lineNumber>	0	</lineNumber>
			<patrolPathNode>	</patrolPathNode>
			<actionDefaultName>	</actionDefaultName>
			<ownModelName>	</ownModelName>
		</properties>
	</entity_36>
	<entity_37>
		<stopLinkStation>	00000000.00000000.00000000.00000000	</stopLinkStation>
		<animation>	</animation>
		<animationEven>	</animationEven>
		<type>	MonsterSpawnPoint	</type>
		<transform>
			<row0>	-0.502764 0.013403 0.864303	</row0>
			<row1>	-0.072736 0.995665 -0.057746	</row1>
			<row2>	-0.861342 -0.091899 -0.499616	</row2>
			<row3>	-32.605408 -5.256452 152.986664	</row3>
		</transform>
		<clientOnly>	false	</clientOnly>
		<properties>
			<entityName>	20612148	</entityName>
			<rediviousTime>	-1.000000	</rediviousTime>
			<rediviousTotal>	1	</rediviousTotal>
			<randomWalkRange>	0.000000	</randomWalkRange>
			<patrolList>	</patrolList>
			<lineNumber>	0	</lineNumber>
			<patrolPathNode>	</patrolPathNode>
			<actionDefaultName>	</actionDefaultName>
			<ownModelName>	</ownModelName>
		</properties>
	</entity_37>
	<entity_38>
		<stopLinkStation>	00000000.00000000.00000000.00000000	</stopLinkStation>
		<animation>	</animation>
		<animationEven>	</animationEven>
		<type>	MonsterSpawnPoint	</type>
		<transform>
			<row0>	-0.005555 0.069052 0.997583	</row0>
			<row1>	-0.061251 0.995702 -0.069261	</row1>
			<row2>	-0.998093 -0.061486 -0.001303	</row2>
			<row3>	-31.462097 -5.394711 149.340912	</row3>
		</transform>
		<clientOnly>	false	</clientOnly>
		<properties>
			<entityName>	20612150	</entityName>
			<rediviousTime>	-1.000000	</rediviousTime>
			<rediviousTotal>	1	</rediviousTotal>
			<randomWalkRange>	0.000000	</randomWalkRange>
			<patrolList>	</patrolList>
			<lineNumber>	0	</lineNumber>
			<patrolPathNode>	</patrolPathNode>
			<actionDefaultName>	</actionDefaultName>
			<ownModelName>	</ownModelName>
		</properties>
	</entity_38>
	<entity_39>
		<stopLinkStation>	00000000.00000000.00000000.00000000	</stopLinkStation>
		<animation>	</animation>
		<animationEven>	</animationEven>
		<type>	MonsterSpawnPoint	</type>
		<transform>
			<row0>	-0.261668 0.023185 0.964865	</row0>
			<row1>	-0.071753 0.996463 -0.043402	</row1>
			<row2>	-0.962472 -0.080589 -0.259082	</row2>
			<row3>	-25.987968 -4.789987 153.164795	</row3>
		</transform>
		<clientOnly>	false	</clientOnly>
		<properties>
			<entityName>	20651340	</entityName>
			<rediviousTime>	-1.000000	</rediviousTime>
			<rediviousTotal>	1	</rediviousTotal>
			<randomWalkRange>	0.000000	</randomWalkRange>
			<patrolList>	</patrolList>
			<lineNumber>	0	</lineNumber>
			<patrolPathNode>	</patrolPathNode>
			<actionDefaultName>	</actionDefaultName>
			<ownModelName>	</ownModelName>
		</properties>
	</entity_39>
	<entity_40>
		<stopLinkStation>	00000000.00000000.00000000.00000000	</stopLinkStation>
		<animation>	</animation>
		<animationEven>	</animationEven>
		<type>	MonsterSpawnPoint	</type>
		<transform>
			<row0>	-0.502744 0.012909 0.864323	</row0>
			<row1>	-0.074399 0.995519 -0.058141	</row1>
			<row2>	-0.861212 -0.093534 -0.499537	</row2>
			<row3>	-19.911858 -4.753170 146.748383	</row3>
		</transform>
		<clientOnly>	false	</clientOnly>
		<properties>
			<entityName>	20612148	</entityName>
			<rediviousTime>	-1.000000	</rediviousTime>
			<rediviousTotal>	1	</rediviousTotal>
			<randomWalkRange>	0.000000	</randomWalkRange>
			<patrolList>	</patrolList>
			<lineNumber>	0	</lineNumber>
			<patrolPathNode>	</patrolPathNode>
			<actionDefaultName>	</actionDefaultName>
			<ownModelName>	</ownModelName>
		</properties>
	</entity_40>
	<entity_41>
		<stopLinkStation>	00000000.00000000.00000000.00000000	</stopLinkStation>
		<animation>	</animation>
		<animationEven>	</animationEven>
		<type>	MonsterSpawnPoint	</type>
		<transform>
			<row0>	-0.004783 0.057946 0.998294	</row0>
			<row1>	-0.074399 0.995518 -0.058140	</row1>
			<row2>	-0.997203 -0.074549 -0.000451	</row2>
			<row3>	-18.164009 -4.672532 145.892609	</row3>
		</transform>
		<clientOnly>	false	</clientOnly>
		<properties>
			<entityName>	20612150	</entityName>
			<rediviousTime>	-1.000000	</rediviousTime>
			<rediviousTotal>	1	</rediviousTotal>
			<randomWalkRange>	0.000000	</randomWalkRange>
			<patrolList>	</patrolList>
			<lineNumber>	0	</lineNumber>
			<patrolPathNode>	</patrolPathNode>
			<actionDefaultName>	</actionDefaultName>
			<ownModelName>	</ownModelName>
		</properties>
	</entity_41>
	<entity_42>
		<stopLinkStation>	00000000.00000000.00000000.00000000	</stopLinkStation>
		<animation>	</animation>
		<animationEven>	</animationEven>
		<type>	MonsterSpawnPoint	</type>
		<transform>
			<row0>	-0.002942 0.032168 0.999464	</row0>
			<row1>	-0.054695 0.997967 -0.032279	</row1>
			<row2>	-0.998485 -0.054761 -0.001177	</row2>
			<row3>	-18.535378 -4.200867 156.040161	</row3>
		</transform>
		<clientOnly>	false	</clientOnly>
		<properties>
			<entityName>	20612150	</entityName>
			<rediviousTime>	-1.000000	</rediviousTime>
			<rediviousTotal>	1	</rediviousTotal>
			<randomWalkRange>	0.000000	</randomWalkRange>
			<patrolList>	</patrolList>
			<lineNumber>	0	</lineNumber>
			<patrolPathNode>	</patrolPathNode>
			<actionDefaultName>	</actionDefaultName>
			<ownModelName>	</ownModelName>
		</properties>
	</entity_42>
	<entity_43>
		<stopLinkStation>	00000000.00000000.00000000.00000000	</stopLinkStation>
		<animation>	</animation>
		<animationEven>	</animationEven>
		<type>	MonsterSpawnPoint	</type>
		<transform>
			<row0>	-0.965221 -0.044555 0.257558	</row0>
			<row1>	-0.054683 0.997968 -0.032280	</row1>
			<row2>	-0.255600 -0.045241 -0.965709	</row2>
			<row3>	-18.946854 -4.183023 157.289337	</row3>
		</transform>
		<clientOnly>	false	</clientOnly>
		<properties>
			<entityName>	20612152	</entityName>
			<rediviousTime>	-1.000000	</rediviousTime>
			<rediviousTotal>	1	</rediviousTotal>
			<randomWalkRange>	0.000000	</randomWalkRange>
			<patrolList>	</patrolList>
			<lineNumber>	0	</lineNumber>
			<patrolPathNode>	</patrolPathNode>
			<actionDefaultName>	</actionDefaultName>
			<ownModelName>	</ownModelName>
		</properties>
	</entity_43>
	<entity_44>
		<stopLinkStation>	00000000.00000000.00000000.00000000	</stopLinkStation>
		<animation>	</animation>
		<animationEven>	</animationEven>
		<type>	MonsterSpawnPoint	</type>
		<transform>
			<row0>	-0.964551 -0.055737 0.257891	</row0>
			<row1>	-0.063502 0.997729 -0.021863	</row1>
			<row2>	-0.256090 -0.037464 -0.965913	</row2>
			<row3>	-29.326813 -4.584002 165.126038	</row3>
		</transform>
		<clientOnly>	false	</clientOnly>
		<properties>
			<entityName>	20612152	</entityName>
			<rediviousTime>	-1.000000	</rediviousTime>
			<rediviousTotal>	1	</rediviousTotal>
			<randomWalkRange>	0.000000	</randomWalkRange>
			<patrolList>	</patrolList>
			<lineNumber>	0	</lineNumber>
			<patrolPathNode>	</patrolPathNode>
			<actionDefaultName>	</actionDefaultName>
			<ownModelName>	</ownModelName>
		</properties>
	</entity_44>
	<entity_45>
		<stopLinkStation>	00000000.00000000.00000000.00000000	</stopLinkStation>
		<animation>	</animation>
		<animationEven>	</animationEven>
		<type>	MonsterSpawnPoint	</type>
		<transform>
			<row0>	-0.260993 0.012448 0.965247	</row0>
			<row1>	-0.062599 0.997580 -0.029789	</row1>
			<row2>	-0.963296 -0.068198 -0.259586	</row2>
			<row3>	-27.850899 -4.526294 163.502258	</row3>
		</transform>
		<clientOnly>	false	</clientOnly>
		<properties>
			<entityName>	20612152	</entityName>
			<rediviousTime>	-1.000000	</rediviousTime>
			<rediviousTotal>	1	</rediviousTotal>
			<randomWalkRange>	0.000000	</randomWalkRange>
			<patrolList>	</patrolList>
			<lineNumber>	0	</lineNumber>
			<patrolPathNode>	</patrolPathNode>
			<actionDefaultName>	</actionDefaultName>
			<ownModelName>	</ownModelName>
		</properties>
	</entity_45>
	<entity_46>
		<stopLinkStation>	00000000.00000000.00000000.00000000	</stopLinkStation>
		<animation>	</animation>
		<animationEven>	</animationEven>
		<type>	MonsterSpawnPoint	</type>
		<transform>
			<row0>	-0.707205 -0.031161 0.706302	</row0>
			<row1>	-0.064956 0.997653 -0.021022	</row1>
			<row2>	-0.703998 -0.060746 -0.707580	</row2>
			<row3>	-27.028648 -4.411846 166.213440	</row3>
		</transform>
		<clientOnly>	false	</clientOnly>
		<properties>
			<entityName>	20612150	</entityName>
			<rediviousTime>	-1.000000	</rediviousTime>
			<rediviousTotal>	1	</rediviousTotal>
			<randomWalkRange>	0.000000	</randomWalkRange>
			<patrolList>	</patrolList>
			<lineNumber>	0	</lineNumber>
			<patrolPathNode>	</patrolPathNode>
			<actionDefaultName>	</actionDefaultName>
			<ownModelName>	</ownModelName>
		</properties>
	</entity_46>
	<entity_47>
		<stopLinkStation>	00000000.00000000.00000000.00000000	</stopLinkStation>
		<animation>	</animation>
		<animationEven>	</animationEven>
		<type>	MonsterSpawnPoint	</type>
		<transform>
			<row0>	-0.864299 -0.069015 0.498194	</row0>
			<row1>	-0.070387 0.997376 0.016061	</row1>
			<row2>	-0.498003 -0.021184 -0.866900	</row2>
			<row3>	46.463627 -1.505159 152.770538	</row3>
		</transform>
		<clientOnly>	false	</clientOnly>
		<properties>
			<entityName>	20612151	</entityName>
			<rediviousTime>	-1.000000	</rediviousTime>
			<rediviousTotal>	1	</rediviousTotal>
			<randomWalkRange>	0.000000	</randomWalkRange>
			<patrolList>	</patrolList>
			<lineNumber>	0	</lineNumber>
			<patrolPathNode>	</patrolPathNode>
			<actionDefaultName>	</actionDefaultName>
			<ownModelName>	</ownModelName>
		</properties>
	</entity_47>
	<entity_48>
		<stopLinkStation>	00000000.00000000.00000000.00000000	</stopLinkStation>
		<animation>	</animation>
		<animationEven>	</animationEven>
		<type>	MonsterSpawnPoint	</type>
		<transform>
			<row0>	0.960835 0.093298 0.260892	</row0>
			<row1>	-0.095523 0.995404 -0.004156	</row1>
			<row2>	-0.260083 -0.020927 0.965345	</row2>
			<row3>	45.734840 -1.577165 142.869904	</row3>
		</transform>
		<clientOnly>	false	</clientOnly>
		<properties>
			<entityName>	20612151	</entityName>
			<rediviousTime>	-1.000000	</rediviousTime>
			<rediviousTotal>	1	</rediviousTotal>
			<randomWalkRange>	0.000000	</randomWalkRange>
			<patrolList>	</patrolList>
			<lineNumber>	0	</lineNumber>
			<patrolPathNode>	</patrolPathNode>
			<actionDefaultName>	</actionDefaultName>
