<root>
	<entity_1>
		<type>	SpawnPointCopyHundun	</type>
		<transform>
			<row0>	0.499996 0.000000 0.866020	</row0>
			<row1>	0.000000 0.999996 0.000000	</row1>
			<row2>	-0.866020 0.000000 0.499996	</row2>
			<row3>	-13.272438 6.550780 51.606125	</row3>
		</transform>
		<clientOnly>	false	</clientOnly>
		<properties>
			<entityName>	20111009|20121007|20131004|20141004	</entityName>
			<rediviousTime>	60.000000	</rediviousTime>
			<rediviousTotal>	1	</rediviousTotal>
			<randomWalkRange>	6.000000	</randomWalkRange>
			<patrolList>	</patrolList>
			<monsterType>	0	</monsterType>
			<patrolPathNode>	</patrolPathNode>
		</properties>
	</entity_1>
	<entity_2>
		<type>	SpawnPointCopyHundun	</type>
		<transform>
			<row0>	-0.499996 0.000000 0.866019	</row0>
			<row1>	0.000000 0.999996 0.000000	</row1>
			<row2>	-0.866019 0.000000 -0.499996	</row2>
			<row3>	-7.960945 4.769530 58.527668	</row3>
		</transform>
		<clientOnly>	false	</clientOnly>
		<properties>
			<entityName>	20111009|20121007|20131004|20141004	</entityName>
			<rediviousTime>	60.000000	</rediviousTime>
			<rediviousTotal>	1	</rediviousTotal>
			<randomWalkRange>	6.000000	</randomWalkRange>
			<patrolList>	</patrolList>
			<monsterType>	0	</monsterType>
			<patrolPathNode>	</patrolPathNode>
		</properties>
	</entity_2>
	<entity_3>
		<type>	SpawnPointCopyHundun	</type>
		<transform>
			<row0>	0.258817 0.000000 0.965918	</row0>
			<row1>	0.000000 0.999996 0.000000	</row1>
			<row2>	-0.965918 0.000000 0.258817	</row2>
			<row3>	-8.520447 5.494140 54.039375	</row3>
		</transform>
		<clientOnly>	false	</clientOnly>
		<properties>
			<entityName>	20111009|20121007|20131004|20141004	</entityName>
			<rediviousTime>	60.000000	</rediviousTime>
			<rediviousTotal>	1	</rediviousTotal>
			<randomWalkRange>	6.000000	</randomWalkRange>
			<patrolList>	</patrolList>
			<monsterType>	0	</monsterType>
			<patrolPathNode>	</patrolPathNode>
		</properties>
	</entity_3>
	<entity_4>
		<type>	SpawnPointCopyHundun	</type>
		<transform>
			<row0>	-0.499996 0.000000 0.866018	</row0>
			<row1>	0.000000 0.999996 0.000000	</row1>
			<row2>	-0.866018 0.000000 -0.499996	</row2>
			<row3>	-12.313408 5.494140 58.118656	</row3>
		</transform>
		<clientOnly>	false	</clientOnly>
		<properties>
			<entityName>	20111009|20121007|20131004|20141004	</entityName>
			<rediviousTime>	60.000000	</rediviousTime>
			<rediviousTotal>	1	</rediviousTotal>
			<randomWalkRange>	6.000000	</randomWalkRange>
			<patrolList>	</patrolList>
			<monsterType>	0	</monsterType>
			<patrolPathNode>	</patrolPathNode>
		</properties>
	</entity_4>
	<entity_5>
		<type>	SpawnPointCopyHundun	</type>
		<transform>
			<row0>	0.965919 0.000000 0.258818	</row0>
			<row1>	0.000000 0.999995 0.000000	</row1>
			<row2>	-0.258818 0.000000 0.965919	</row2>
			<row3>	-16.191963 5.941405 57.128529	</row3>
		</transform>
		<clientOnly>	false	</clientOnly>
		<properties>
			<entityName>	20111009|20121007|20131004|20141004	</entityName>
			<rediviousTime>	60.000000	</rediviousTime>
			<rediviousTotal>	1	</rediviousTotal>
			<randomWalkRange>	6.000000	</randomWalkRange>
			<patrolList>	</patrolList>
			<monsterType>	0	</monsterType>
			<patrolPathNode>	</patrolPathNode>
		</properties>
	</entity_5>
	<entity_6>
		<type>	SpawnPointCopyHundun	</type>
		<transform>
			<row0>	0.499992 0.000000 0.866014	</row0>
			<row1>	0.000000 0.999995 0.000000	</row1>
			<row2>	-0.866014 0.000000 0.499992	</row2>
			<row3>	-14.604752 5.537108 61.150146	</row3>
		</transform>
		<clientOnly>	false	</clientOnly>
		<properties>
			<entityName>	20111009|20121007|20131004|20141004	</entityName>
			<rediviousTime>	60.000000	</rediviousTime>
			<rediviousTotal>	1	</rediviousTotal>
			<randomWalkRange>	5.000000	</randomWalkRange>
			<patrolList>	</patrolList>
			<monsterType>	0	</monsterType>
			<patrolPathNode>	</patrolPathNode>
		</properties>
	</entity_6>
	<entity_7>
		<type>	SpawnPointCopyHundun	</type>
		<transform>
			<row0>	0.000000 0.000000 0.999999	</row0>
			<row1>	0.000000 0.999999 0.000000	</row1>
			<row2>	-0.999999 0.000000 0.000000	</row2>
			<row3>	87.413536 -1.708984 44.577663	</row3>
		</transform>
		<clientOnly>	false	</clientOnly>
		<properties>
			<entityName>	20114001|20124001|20134001|20144001	</entityName>
			<rediviousTime>	60.000000	</rediviousTime>
			<rediviousTotal>	1	</rediviousTotal>
			<randomWalkRange>	5.000000	</randomWalkRange>
			<patrolList>	</patrolList>
			<monsterType>	1	</monsterType>
			<patrolPathNode>	</patrolPathNode>
		</properties>
	</entity_7>
	<entity_8>
		<type>	SpawnPointCopyHundun	</type>
		<transform>
			<row0>	-0.258819 0.000000 0.965917	</row0>
			<row1>	0.000000 0.999995 0.000000	</row1>
			<row2>	-0.965917 0.000000 -0.258819	</row2>
			<row3>	89.753372 -1.390625 41.819496	</row3>
		</transform>
		<clientOnly>	false	</clientOnly>
		<properties>
			<entityName>	20131004	</entityName>
			<rediviousTime>	60.000000	</rediviousTime>
			<rediviousTotal>	1	</rediviousTotal>
			<randomWalkRange>	5.000000	</randomWalkRange>
			<patrolList>	</patrolList>
			<monsterType>	0	</monsterType>
			<patrolPathNode>	</patrolPathNode>
		</properties>
	</entity_8>
	<entity_9>
		<type>	SpawnPointCopyHundun	</type>
		<transform>
			<row0>	-0.499998 0.000000 0.866017	</row0>
			<row1>	0.000000 0.999995 0.000000	</row1>
			<row2>	-0.866017 0.000000 -0.499998	</row2>
			<row3>	84.475388 -1.724609 43.105972	</row3>
		</transform>
		<clientOnly>	false	</clientOnly>
		<properties>
			<entityName>	20141004	</entityName>
			<rediviousTime>	60.000000	</rediviousTime>
			<rediviousTotal>	1	</rediviousTotal>
			<randomWalkRange>	5.000000	</randomWalkRange>
			<patrolList>	</patrolList>
			<monsterType>	0	</monsterType>
			<patrolPathNode>	</patrolPathNode>
		</properties>
	</entity_9>
	<entity_10>
		<type>	SpawnPointCopyHundun	</type>
		<transform>
			<row0>	-0.866019 0.000000 0.499994	</row0>
			<row1>	0.000000 0.999996 0.000000	</row1>
			<row2>	-0.499994 0.000000 -0.866019	</row2>
			<row3>	84.637474 -1.789062 45.490097	</row3>
		</transform>
		<clientOnly>	false	</clientOnly>
		<properties>
			<entityName>	20131004	</entityName>
			<rediviousTime>	60.000000	</rediviousTime>
			<rediviousTotal>	1	</rediviousTotal>
			<randomWalkRange>	5.000000	</randomWalkRange>
			<patrolList>	</patrolList>
			<monsterType>	0	</monsterType>
			<patrolPathNode>	</patrolPathNode>
		</properties>
	</entity_10>
	<entity_11>
		<type>	SpawnPointCopyHundun	</type>
		<transform>
			<row0>	-0.258819 0.000000 0.965918	</row0>
			<row1>	0.000000 0.999996 0.000000	</row1>
			<row2>	-0.965918 0.000000 -0.258819	</row2>
			<row3>	86.672707 -1.939453 47.381504	</row3>
		</transform>
		<clientOnly>	false	</clientOnly>
		<properties>
			<entityName>	20141004	</entityName>
			<rediviousTime>	60.000000	</rediviousTime>
			<rediviousTotal>	1	</rediviousTotal>
			<randomWalkRange>	5.000000	</randomWalkRange>
			<patrolList>	</patrolList>
			<monsterType>	0	</monsterType>
			<patrolPathNode>	</patrolPathNode>
		</properties>
	</entity_11>
	<entity_12>
		<type>	SpawnPointCopyHundun	</type>
		<transform>
			<row0>	-0.499998 0.000000 0.866018	</row0>
			<row1>	0.000000 0.999996 0.000000	</row1>
			<row2>	-0.866018 0.000000 -0.499998	</row2>
			<row3>	89.949997 -1.916015 46.619465	</row3>
		</transform>
		<clientOnly>	false	</clientOnly>
		<properties>
			<entityName>	20131004	</entityName>
			<rediviousTime>	60.000000	</rediviousTime>
			<rediviousTotal>	1	</rediviousTotal>
			<randomWalkRange>	5.000000	</randomWalkRange>
			<patrolList>	</patrolList>
			<monsterType>	0	</monsterType>
			<patrolPathNode>	</patrolPathNode>
		</properties>
	</entity_12>
	<entity_13>
		<type>	SpawnPointCopyHundun	</type>
		<transform>
			<row0>	0.866019 0.000000 0.499997	</row0>
			<row1>	0.000000 0.999996 0.000000	</row1>
			<row2>	-0.499997 0.000000 0.866019	</row2>
			<row3>	6.570266 14.169920 97.012451	</row3>
		</transform>
		<clientOnly>	false	</clientOnly>
		<properties>
			<entityName>	20111009|20121007|20131004|20141004	</entityName>
			<rediviousTime>	60.000000	</rediviousTime>
			<rediviousTotal>	1	</rediviousTotal>
			<randomWalkRange>	6.000000	</randomWalkRange>
			<patrolList>	</patrolList>
			<monsterType>	0	</monsterType>
			<patrolPathNode>	</patrolPathNode>
		</properties>
	</entity_13>
	<entity_14>
		<type>	SpawnPointCopyHundun	</type>
		<transform>
			<row0>	-0.965918 0.000000 -0.258817	</row0>
			<row1>	0.000000 0.999996 0.000000	</row1>
			<row2>	0.258817 0.000000 -0.965918	</row2>
			<row3>	13.476784 6.765624 27.772781	</row3>
		</transform>
		<clientOnly>	false	</clientOnly>
		<properties>
			<entityName>	20111009|20121007|20131004|20141004	</entityName>
			<rediviousTime>	60.000000	</rediviousTime>
			<rediviousTotal>	1	</rediviousTotal>
			<randomWalkRange>	6.000000	</randomWalkRange>
			<patrolList>	</patrolList>
			<monsterType>	0	</monsterType>
			<patrolPathNode>	</patrolPathNode>
		</properties>
	</entity_14>
	<entity_15>
		<type>	SpawnPointCopyHundun	</type>
		<transform>
			<row0>	-0.866018 0.000000 0.499996	</row0>
			<row1>	0.000000 0.999996 0.000000	</row1>
			<row2>	-0.499996 0.000000 -0.866018	</row2>
			<row3>	5.897121 7.916015 25.841080	</row3>
		</transform>
		<clientOnly>	false	</clientOnly>
		<properties>
			<entityName>	20111009|20121007|20131004|20141004	</entityName>
			<rediviousTime>	60.000000	</rediviousTime>
			<rediviousTotal>	1	</rediviousTotal>
			<randomWalkRange>	6.000000	</randomWalkRange>
			<patrolList>	</patrolList>
			<monsterType>	0	</monsterType>
			<patrolPathNode>	</patrolPathNode>
		</properties>
	</entity_15>
	<entity_16>
		<type>	SpawnPointCopyHundun	</type>
		<transform>
			<row0>	-0.707101 0.000000 0.707101	</row0>
			<row1>	0.000000 0.999996 0.000000	</row1>
			<row2>	-0.707101 0.000000 -0.707101	</row2>
			<row3>	10.260165 7.249999 25.225344	</row3>
		</transform>
		<clientOnly>	false	</clientOnly>
		<properties>
			<entityName>	20111009|20121007|20131004|20141004	</entityName>
			<rediviousTime>	60.000000	</rediviousTime>
			<rediviousTotal>	1	</rediviousTotal>
			<randomWalkRange>	6.000000	</randomWalkRange>
			<patrolList>	</patrolList>
			<monsterType>	0	</monsterType>
			<patrolPathNode>	</patrolPathNode>
		</properties>
	</entity_16>
	<entity_17>
		<type>	SpawnPointCopyHundun	</type>
		<transform>
			<row0>	-0.000001 0.000000 0.999993	</row0>
			<row1>	0.000000 0.999995 0.000000	</row1>
			<row2>	-0.999993 0.000000 -0.000001	</row2>
			<row3>	14.691891 6.003905 22.842607	</row3>
		</transform>
		<clientOnly>	false	</clientOnly>
		<properties>
			<entityName>	20111009|20121007|20131004|20141004	</entityName>
			<rediviousTime>	60.000000	</rediviousTime>
			<rediviousTotal>	1	</rediviousTotal>
			<randomWalkRange>	6.000000	</randomWalkRange>
			<patrolList>	</patrolList>
			<monsterType>	0	</monsterType>
			<patrolPathNode>	</patrolPathNode>
		</properties>
	</entity_17>
	<entity_18>
		<type>	SpawnPointCopyHundun	</type>
		<transform>
			<row0>	-0.965917 0.000000 -0.258817	</row0>
			<row1>	0.000000 0.999995 0.000000	</row1>
			<row2>	0.258817 0.000000 -0.965917	</row2>
			<row3>	9.293016 7.812499 31.236092	</row3>
		</transform>
		<clientOnly>	false	</clientOnly>
		<properties>
			<entityName>	20111009|20121007|20131004|20141004	</entityName>
			<rediviousTime>	60.000000	</rediviousTime>
			<rediviousTotal>	1	</rediviousTotal>
			<randomWalkRange>	6.000000	</randomWalkRange>
			<patrolList>	</patrolList>
			<monsterType>	0	</monsterType>
			<patrolPathNode>	</patrolPathNode>
		</properties>
	</entity_18>
	<entity_19>
		<type>	SpawnPointCopyHundun	</type>
		<transform>
			<row0>	0.965913 0.000000 0.258817	</row0>
			<row1>	0.000000 0.999995 0.000000	</row1>
			<row2>	-0.258817 0.000000 0.965913	</row2>
			<row3>	44.654758 -1.417969 42.177303	</row3>
		</transform>
		<clientOnly>	false	</clientOnly>
		<properties>
			<entityName>	20111009|20121007|20131004|20141004	</entityName>
			<rediviousTime>	60.000000	</rediviousTime>
			<rediviousTotal>	1	</rediviousTotal>
			<randomWalkRange>	5.000000	</randomWalkRange>
			<patrolList>	</patrolList>
			<monsterType>	0	</monsterType>
			<patrolPathNode>	</patrolPathNode>
		</properties>
	</entity_19>
	<entity_20>
		<type>	SpawnPointCopyHundun	</type>
		<transform>
			<row0>	-0.000001 0.000000 0.999987	</row0>
			<row1>	0.000000 0.999996 0.000000	</row1>
			<row2>	-0.999987 0.000000 -0.000001	</row2>
			<row3>	44.917744 -1.203125 37.164726	</row3>
		</transform>
		<clientOnly>	false	</clientOnly>
		<properties>
			<entityName>	20111009|20121007|20131004|20141004	</entityName>
			<rediviousTime>	60.000000	</rediviousTime>
			<rediviousTotal>	1	</rediviousTotal>
			<randomWalkRange>	5.000000	</randomWalkRange>
			<patrolList>	</patrolList>
			<monsterType>	0	</monsterType>
			<patrolPathNode>	</patrolPathNode>
		</properties>
	</entity_20>
	<entity_21>
		<type>	SpawnPointCopyHundun	</type>
		<transform>
			<row0>	0.965914 0.000000 -0.258814	</row0>
			<row1>	0.000000 0.999995 0.000000	</row1>
			<row2>	0.258814 0.000000 0.965914	</row2>
			<row3>	48.377460 -1.406250 37.409771	</row3>
		</transform>
		<clientOnly>	false	</clientOnly>
		<properties>
			<entityName>	20111009|20121007|20131004|20141004	</entityName>
			<rediviousTime>	60.000000	</rediviousTime>
			<rediviousTotal>	1	</rediviousTotal>
			<randomWalkRange>	5.000000	</randomWalkRange>
			<patrolList>	</patrolList>
			<monsterType>	0	</monsterType>
			<patrolPathNode>	</patrolPathNode>
		</properties>
	</entity_21>
	<entity_22>
		<type>	SpawnPointCopyHundun	</type>
		<transform>
			<row0>	-0.000001 0.000000 0.999986	</row0>
			<row1>	0.000000 0.999995 0.000000	</row1>
			<row2>	-0.999986 0.000000 -0.000001	</row2>
			<row3>	49.297340 -1.439453 43.439983	</row3>
		</transform>
		<clientOnly>	false	</clientOnly>
		<properties>
			<entityName>	20111009|20121007|20131004|20141004	</entityName>
			<rediviousTime>	60.000000	</rediviousTime>
			<rediviousTotal>	1	</rediviousTotal>
			<randomWalkRange>	5.000000	</randomWalkRange>
			<patrolList>	</patrolList>
			<monsterType>	0	</monsterType>
			<patrolPathNode>	</patrolPathNode>
		</properties>
	</entity_22>
	<entity_23>
		<type>	SpawnPointCopyHundun	</type>
		<transform>
			<row0>	0.707096 0.000000 0.707099	</row0>
			<row1>	0.000000 0.999995 0.000000	</row1>
			<row2>	-0.707099 0.000000 0.707096	</row2>
			<row3>	41.495739 -1.283203 39.798283	</row3>
		</transform>
		<clientOnly>	false	</clientOnly>
		<properties>
			<entityName>	20111009|20121007|20131004|20141004	</entityName>
			<rediviousTime>	60.000000	</rediviousTime>
			<rediviousTotal>	1	</rediviousTotal>
			<randomWalkRange>	5.000000	</randomWalkRange>
			<patrolList>	</patrolList>
			<monsterType>	0	</monsterType>
			<patrolPathNode>	</patrolPathNode>
		</properties>
	</entity_23>
	<entity_24>
		<type>	SpawnPointCopyHundun	</type>
		<transform>
			<row0>	0.258814 0.000000 0.965914	</row0>
			<row1>	0.000000 0.999995 0.000000	</row1>
			<row2>	-0.965914 0.000000 0.258814	</row2>
			<row3>	42.935402 -1.183594 45.465832	</row3>
		</transform>
		<clientOnly>	false	</clientOnly>
		<properties>
			<entityName>	20111009|20121007|20131004|20141004	</entityName>
			<rediviousTime>	60.000000	</rediviousTime>
			<rediviousTotal>	1	</rediviousTotal>
			<randomWalkRange>	5.000000	</randomWalkRange>
			<patrolList>	</patrolList>
			<monsterType>	0	</monsterType>
			<patrolPathNode>	</patrolPathNode>
		</properties>
	</entity_24>
	<entity_25>
		<type>	SpawnPointCopyHundun	</type>
		<transform>
			<row0>	-0.258817 0.000000 0.965912	</row0>
			<row1>	0.000000 0.999995 0.000000	</row1>
			<row2>	-0.965912 0.000000 -0.258817	</row2>
			<row3>	5.816216 7.974608 29.630850	</row3>
		</transform>
		<clientOnly>	false	</clientOnly>
		<properties>
			<entityName>	20111009|20121007|20131004|20141004	</entityName>
			<rediviousTime>	60.000000	</rediviousTime>
			<rediviousTotal>	1	</rediviousTotal>
			<randomWalkRange>	5.000000	</randomWalkRange>
			<patrolList>	</patrolList>
			<monsterType>	0	</monsterType>
			<patrolPathNode>	</patrolPathNode>
		</properties>
	</entity_25>
	<entity_26>
		<type>	SpawnPointCopyHundun	</type>
		<transform>
			<row0>	0.258814 0.000000 0.965913	</row0>
			<row1>	0.000000 0.999995 0.000000	</row1>
			<row2>	-0.965913 0.000000 0.258814	</row2>
			<row3>	5.004066 13.580076 93.524590	</row3>
		</transform>
		<clientOnly>	false	</clientOnly>
		<properties>
			<entityName>	20111009|20121007|20131004|20141004	</entityName>
			<rediviousTime>	60.000000	</rediviousTime>
			<rediviousTotal>	1	</rediviousTotal>
			<randomWalkRange>	5.000000	</randomWalkRange>
			<patrolList>	</patrolList>
			<monsterType>	0	</monsterType>
			<patrolPathNode>	</patrolPathNode>
		</properties>
	</entity_26>
	<entity_27>
		<type>	SpawnPointCopyHundun	</type>
		<transform>
			<row0>	-0.866020 0.000000 -0.499998	</row0>
			<row1>	0.000000 0.999996 0.000000	</row1>
			<row2>	0.499998 0.000000 -0.866020	</row2>
			<row3>	9.148169 13.974607 90.167969	</row3>
		</transform>
		<clientOnly>	false	</clientOnly>
		<properties>
			<entityName>	20111009|20121007|20131004|20141004	</entityName>
			<rediviousTime>	60.000000	</rediviousTime>
			<rediviousTotal>	1	</rediviousTotal>
			<randomWalkRange>	6.000000	</randomWalkRange>
			<patrolList>	</patrolList>
			<monsterType>	0	</monsterType>
			<patrolPathNode>	</patrolPathNode>
		</properties>
	</entity_27>
	<entity_28>
		<type>	SpawnPointCopyHundun	</type>
		<transform>
			<row0>	0.999993 0.000000 0.000001	</row0>
			<row1>	0.000000 0.999996 0.000000	</row1>
			<row2>	-0.000001 0.000000 0.999993	</row2>
			<row3>	3.468071 12.888670 89.739082	</row3>
		</transform>
		<clientOnly>	false	</clientOnly>
		<properties>
			<entityName>	20111009|20121007|20131004|20141004	</entityName>
			<rediviousTime>	60.000000	</rediviousTime>
			<rediviousTotal>	1	</rediviousTotal>
			<randomWalkRange>	6.000000	</randomWalkRange>
			<patrolList>	</patrolList>
			<monsterType>	0	</monsterType>
			<patrolPathNode>	</patrolPathNode>
		</properties>
	</entity_28>
	<entity_29>
		<type>	SpawnPointCopyHundun	</type>
		<transform>
			<row0>	0.866020 0.000000 -0.499996	</row0>
			<row1>	0.000000 0.999995 0.000000	</row1>
			<row2>	0.499996 0.000000 0.866020	</row2>
			<row3>	9.744789 14.164061 95.049530	</row3>
		</transform>
		<clientOnly>	false	</clientOnly>
		<properties>
			<entityName>	20111009|20121007|20131004|20141004	</entityName>
			<rediviousTime>	60.000000	</rediviousTime>
			<rediviousTotal>	1	</rediviousTotal>
			<randomWalkRange>	6.000000	</randomWalkRange>
			<patrolList>	</patrolList>
			<monsterType>	0	</monsterType>
			<patrolPathNode>	</patrolPathNode>
		</properties>
	</entity_29>
	<entity_30>
		<type>	SpawnPointCopyHundun	</type>
		<transform>
			<row0>	0.000001 0.000000 -0.999994	</row0>
			<row1>	0.000000 0.999996 0.000000	</row1>
			<row2>	0.999994 0.000000 0.000001	</row2>
			<row3>	1.052573 12.957029 93.294395	</row3>
		</transform>
		<clientOnly>	false	</clientOnly>
		<properties>
			<entityName>	20111009|20121007|20131004|20141004	</entityName>
			<rediviousTime>	60.000000	</rediviousTime>
			<rediviousTotal>	1	</rediviousTotal>
			<randomWalkRange>	6.000000	</randomWalkRange>
			<patrolList>	</patrolList>
			<monsterType>	0	</monsterType>
			<patrolPathNode>	</patrolPathNode>
		</properties>
	</entity_30>
	<entity_31>
		<type>	SpawnPointCopyHundun	</type>
		<transform>
			<row0>	-0.999991 0.000000 -0.000002	</row0>
			<row1>	0.000000 0.999995 0.000000	</row1>
			<row2>	0.000002 0.000000 -0.999991	</row2>
			<row3>	87.210915 -1.539062 41.861069	</row3>
		</transform>
		<clientOnly>	false	</clientOnly>
		<properties>
			<entityName>	20141004	</entityName>
			<rediviousTime>	60.000000	</rediviousTime>
			<rediviousTotal>	1	</rediviousTotal>
			<randomWalkRange>	5.000000	</randomWalkRange>
			<patrolList>	</patrolList>
			<monsterType>	0	</monsterType>
			<patrolPathNode>	</patrolPathNode>
		</properties>
	</entity_31>
</root>
