<root>
	<entity_1>
		<stopLinkStation>	00000000.00000000.00000000.00000000	</stopLinkStation>
		<animation>	</animation>
		<animationEven>	</animationEven>
		<type>	Flock	</type>
		<transform>
			<row0>	0.999994 0.000000 0.000000	</row0>
			<row1>	0.000000 0.999995 0.000000	</row1>
			<row2>	0.000000 0.000000 0.999994	</row2>
			<row3>	-13.717354 10.157649 40.109871	</row3>
		</transform>
		<clientOnly>	true	</clientOnly>
		<properties>
			<maxFlightTime>	200.000000	</maxFlightTime>
			<modelFile>	space/tong_yong/dong_wu/dong_wu/ty_hu_die_004.model	</modelFile>
			<amount>	2	</amount>
			<modelScale>	1.000000	</modelScale>
			<radius>	2.000000	</radius>
			<approachRadius>	10.000000	</approachRadius>
			<heightClipMin>	-10000000.000000	</heightClipMin>
			<heightClipMax>	10000000.000000	</heightClipMax>
			<yawEnable>	1	</yawEnable>
			<pitchEnable>	1	</pitchEnable>
			<rollEnable>	1	</rollEnable>
			<collisionFraction>	10.000000	</collisionFraction>
			<influenceRadius>	1.000000	</influenceRadius>
			<speed>	0.030000	</speed>
			<stopRadius>	1.000000	</stopRadius>
			<waterHeight>	0.000000	</waterHeight>
			<hardPoint>	</hardPoint>
			<effectID>	</effectID>
			<triggerLoopTime>	12.000000	</triggerLoopTime>
			<actionID>	</actionID>
			<patrolPathNode>	</patrolPathNode>
			<actionDefaultName>	</actionDefaultName>
			<ownModelName>	</ownModelName>
		</properties>
	</entity_1>
	<entity_2>
		<stopLinkStation>	00000000.00000000.00000000.00000000	</stopLinkStation>
		<animation>	</animation>
		<animationEven>	</animationEven>
		<type>	Flock	</type>
		<transform>
			<row0>	0.866020 0.000000 -0.499997	</row0>
			<row1>	0.000000 0.999995 0.000000	</row1>
			<row2>	0.499997 0.000000 0.866020	</row2>
			<row3>	-17.140205 6.474607 53.713703	</row3>
		</transform>
		<clientOnly>	true	</clientOnly>
		<properties>
			<maxFlightTime>	200.000000	</maxFlightTime>
			<modelFile>	space/tong_yong/dong_wu/dong_wu/ty_hu_die_001.model	</modelFile>
			<amount>	1	</amount>
			<modelScale>	1.000000	</modelScale>
			<radius>	2.000000	</radius>
			<approachRadius>	10.000000	</approachRadius>
			<heightClipMin>	-10000000.000000	</heightClipMin>
			<heightClipMax>	10000000.000000	</heightClipMax>
			<yawEnable>	1	</yawEnable>
			<pitchEnable>	1	</pitchEnable>
			<rollEnable>	1	</rollEnable>
			<collisionFraction>	10.000000	</collisionFraction>
			<influenceRadius>	1.000000	</influenceRadius>
			<speed>	0.030000	</speed>
			<stopRadius>	1.000000	</stopRadius>
			<waterHeight>	0.000000	</waterHeight>
			<hardPoint>	</hardPoint>
			<effectID>	</effectID>
			<triggerLoopTime>	12.000000	</triggerLoopTime>
			<actionID>	</actionID>
			<patrolPathNode>	</patrolPathNode>
			<actionDefaultName>	</actionDefaultName>
			<ownModelName>	</ownModelName>
		</properties>
	</entity_2>
	<entity_3>
		<stopLinkStation>	00000000.00000000.00000000.00000000	</stopLinkStation>
		<animation>	</animation>
		<animationEven>	</animationEven>
		<type>	SpawnPointPotential	</type>
		<transform>
			<row0>	-0.866018 0.000000 -0.499996	</row0>
			<row1>	0.000000 0.999993 0.000000	</row1>
			<row2>	0.499996 0.000000 -0.866018	</row2>
			<row3>	-9.089256 8.968739 76.129700	</row3>
		</transform>
		<clientOnly>	false	</clientOnly>
		<properties>
			<entityName>	20155004	</entityName>
			<rediviousTime>	999999.000000	</rediviousTime>
			<rediviousTotal>	1	</rediviousTotal>
			<randomWalkRange>	0.000000	</randomWalkRange>
			<patrolList>	</patrolList>
			<lineNumber>	0	</lineNumber>
			<patrolPathNode>	</patrolPathNode>
			<actionDefaultName>	</actionDefaultName>
			<ownModelName>	</ownModelName>
		</properties>
	</entity_3>
	<entity_4>
		<stopLinkStation>	00000000.00000000.00000000.00000000	</stopLinkStation>
		<animation>	</animation>
		<animationEven>	</animationEven>
		<type>	SpawnPointPotential	</type>
		<transform>
			<row0>	-0.866020 0.000000 -0.499999	</row0>
			<row1>	0.000000 0.999997 0.000000	</row1>
			<row2>	0.499999 0.000000 -0.866020	</row2>
			<row3>	-12.371231 7.505858 77.389725	</row3>
		</transform>
		<clientOnly>	false	</clientOnly>
		<properties>
			<entityName>	20135004	</entityName>
			<rediviousTime>	999999.000000	</rediviousTime>
			<rediviousTotal>	1	</rediviousTotal>
			<randomWalkRange>	0.000000	</randomWalkRange>
			<patrolList>	</patrolList>
			<lineNumber>	0	</lineNumber>
			<patrolPathNode>	</patrolPathNode>
			<actionDefaultName>	</actionDefaultName>
			<ownModelName>	</ownModelName>
		</properties>
	</entity_4>
	<entity_5>
		<stopLinkStation>	00000000.00000000.00000000.00000000	</stopLinkStation>
		<animation>	</animation>
		<animationEven>	</animationEven>
		<type>	SpawnPointPotential	</type>
		<transform>
			<row0>	-0.866020 0.000000 -0.499999	</row0>
			<row1>	0.000000 0.999997 0.000000	</row1>
			<row2>	0.499999 0.000000 -0.866020	</row2>
			<row3>	-8.581238 7.750000 79.352051	</row3>
		</transform>
		<clientOnly>	false	</clientOnly>
		<properties>
			<entityName>	20135004	</entityName>
			<rediviousTime>	999999.000000	</rediviousTime>
			<rediviousTotal>	1	</rediviousTotal>
			<randomWalkRange>	0.000000	</randomWalkRange>
			<patrolList>	</patrolList>
			<lineNumber>	0	</lineNumber>
			<patrolPathNode>	</patrolPathNode>
			<actionDefaultName>	</actionDefaultName>
			<ownModelName>	</ownModelName>
		</properties>
	</entity_5>
	<entity_6>
		<stopLinkStation>	00000000.00000000.00000000.00000000	</stopLinkStation>
		<animation>	</animation>
		<animationEven>	</animationEven>
		<type>	SpawnPointPotential	</type>
		<transform>
			<row0>	0.004933 0.019637 -0.999787	</row0>
			<row1>	-0.490639 0.871236 0.014693	</row1>
			<row2>	0.871342 0.490465 0.013933	</row2>
			<row3>	-0.105469 7.398894 54.408875	</row3>
		</transform>
		<clientOnly>	false	</clientOnly>
		<properties>
			<entityName>	20125004	</entityName>
			<rediviousTime>	999999.000000	</rediviousTime>
			<rediviousTotal>	1	</rediviousTotal>
			<randomWalkRange>	0.000000	</randomWalkRange>
			<patrolList>	</patrolList>
			<lineNumber>	0	</lineNumber>
			<patrolPathNode>	</patrolPathNode>
			<actionDefaultName>	</actionDefaultName>
			<ownModelName>	</ownModelName>
		</properties>
	</entity_6>
	<entity_7>
		<stopLinkStation>	00000000.00000000.00000000.00000000	</stopLinkStation>
		<animation>	</animation>
		<animationEven>	</animationEven>
		<type>	SpawnPointPotential	</type>
		<transform>
			<row0>	0.004848 0.019788 -0.999784	</row0>
			<row1>	-0.490057 0.871560 0.014876	</row1>
			<row2>	0.871670 0.489882 0.013923	</row2>
			<row3>	0.461060 7.719496 54.296452	</row3>
		</transform>
		<clientOnly>	false	</clientOnly>
		<properties>
			<entityName>	20125004	</entityName>
			<rediviousTime>	999999.000000	</rediviousTime>
			<rediviousTotal>	1	</rediviousTotal>
			<randomWalkRange>	0.000000	</randomWalkRange>
			<patrolList>	</patrolList>
			<lineNumber>	0	</lineNumber>
			<patrolPathNode>	</patrolPathNode>
			<actionDefaultName>	</actionDefaultName>
			<ownModelName>	</ownModelName>
		</properties>
	</entity_7>
	<entity_8>
		<stopLinkStation>	00000000.00000000.00000000.00000000	</stopLinkStation>
		<animation>	</animation>
		<animationEven>	</animationEven>
		<type>	SpawnPointPotential	</type>
		<transform>
			<row0>	-0.866019 0.000000 -0.499997	</row0>
			<row1>	0.000000 0.999996 0.000000	</row1>
			<row2>	0.499997 0.000000 -0.866019	</row2>
			<row3>	-12.916298 6.345702 71.941269	</row3>
		</transform>
		<clientOnly>	false	</clientOnly>
		<properties>
			<entityName>	20115004	</entityName>
			<rediviousTime>	999999.000000	</rediviousTime>
			<rediviousTotal>	1	</rediviousTotal>
			<randomWalkRange>	0.000000	</randomWalkRange>
			<patrolList>	</patrolList>
			<lineNumber>	0	</lineNumber>
			<patrolPathNode>	</patrolPathNode>
			<actionDefaultName>	</actionDefaultName>
			<ownModelName>	</ownModelName>
		</properties>
	</entity_8>
	<entity_9>
		<stopLinkStation>	00000000.00000000.00000000.00000000	</stopLinkStation>
		<animation>	</animation>
		<animationEven>	</animationEven>
		<type>	SpawnPointPotential	</type>
		<transform>
			<row0>	-0.866017 0.000000 -0.499997	</row0>
			<row1>	0.000000 0.999995 0.000000	</row1>
			<row2>	0.499997 0.000000 -0.866017	</row2>
			<row3>	-9.716774 6.249999 73.321335	</row3>
		</transform>
		<clientOnly>	false	</clientOnly>
		<properties>
			<entityName>	20115004	</entityName>
			<rediviousTime>	999999.000000	</rediviousTime>
			<rediviousTotal>	1	</rediviousTotal>
			<randomWalkRange>	0.000000	</randomWalkRange>
			<patrolList>	</patrolList>
			<lineNumber>	0	</lineNumber>
			<patrolPathNode>	</patrolPathNode>
			<actionDefaultName>	</actionDefaultName>
			<ownModelName>	</ownModelName>
		</properties>
	</entity_9>
	<entity_10>
		<stopLinkStation>	00000000.00000000.00000000.00000000	</stopLinkStation>
		<animation>	</animation>
		<animationEven>	</animationEven>
		<type>	SpawnPointPotential	</type>
		<transform>
			<row0>	-0.866018 0.000000 -0.499997	</row0>
			<row1>	0.000000 0.999995 0.000000	</row1>
			<row2>	0.499997 0.000000 -0.866018	</row2>
			<row3>	-6.850784 6.066405 74.570076	</row3>
		</transform>
		<clientOnly>	false	</clientOnly>
		<properties>
			<entityName>	20115004	</entityName>
			<rediviousTime>	999999.000000	</rediviousTime>
			<rediviousTotal>	1	</rediviousTotal>
			<randomWalkRange>	0.000000	</randomWalkRange>
			<patrolList>	</patrolList>
			<lineNumber>	0	</lineNumber>
			<patrolPathNode>	</patrolPathNode>
			<actionDefaultName>	</actionDefaultName>
			<ownModelName>	</ownModelName>
		</properties>
	</entity_10>
	<entity_11>
		<stopLinkStation>	00000000.00000000.00000000.00000000	</stopLinkStation>
		<animation>	</animation>
		<animationEven>	</animationEven>
		<type>	SpawnPointPotential	</type>
		<transform>
			<row0>	-0.866019 0.000000 -0.499997	</row0>
			<row1>	0.000000 0.999996 0.000000	</row1>
			<row2>	0.499997 0.000000 -0.866019	</row2>
			<row3>	-4.481041 5.941405 75.971954	</row3>
		</transform>
		<clientOnly>	false	</clientOnly>
		<properties>
			<entityName>	20115004	</entityName>
			<rediviousTime>	999999.000000	</rediviousTime>
			<rediviousTotal>	1	</rediviousTotal>
			<randomWalkRange>	0.000000	</randomWalkRange>
			<patrolList>	</patrolList>
			<lineNumber>	0	</lineNumber>
			<patrolPathNode>	</patrolPathNode>
			<actionDefaultName>	</actionDefaultName>
			<ownModelName>	</ownModelName>
		</properties>
	</entity_11>
	<entity_12>
		<stopLinkStation>	00000000.00000000.00000000.00000000	</stopLinkStation>
		<animation>	</animation>
		<animationEven>	</animationEven>
		<type>	Flock	</type>
		<transform>
			<row0>	0.999994 0.000000 0.000000	</row0>
			<row1>	0.000000 0.999995 0.000000	</row1>
			<row2>	0.000000 0.000000 0.999994	</row2>
			<row3>	36.339012 1.239452 39.967957	</row3>
		</transform>
		<clientOnly>	true	</clientOnly>
		<properties>
			<maxFlightTime>	200.000000	</maxFlightTime>
			<modelFile>	space/tong_yong/dong_wu/dong_wu/ty_hu_die_004.model	</modelFile>
			<amount>	2	</amount>
			<modelScale>	1.000000	</modelScale>
			<radius>	2.000000	</radius>
			<approachRadius>	10.000000	</approachRadius>
			<heightClipMin>	-10000000.000000	</heightClipMin>
			<heightClipMax>	10000000.000000	</heightClipMax>
			<yawEnable>	1	</yawEnable>
			<pitchEnable>	1	</pitchEnable>
			<rollEnable>	1	</rollEnable>
			<collisionFraction>	10.000000	</collisionFraction>
			<influenceRadius>	1.000000	</influenceRadius>
			<speed>	0.030000	</speed>
			<stopRadius>	1.000000	</stopRadius>
			<waterHeight>	0.000000	</waterHeight>
			<hardPoint>	</hardPoint>
			<effectID>	</effectID>
			<triggerLoopTime>	12.000000	</triggerLoopTime>
			<actionID>	</actionID>
			<patrolPathNode>	</patrolPathNode>
			<actionDefaultName>	</actionDefaultName>
			<ownModelName>	</ownModelName>
		</properties>
	</entity_12>
	<entity_13>
		<stopLinkStation>	00000000.00000000.00000000.00000000	</stopLinkStation>
		<animation>	</animation>
		<animationEven>	</animationEven>
		<type>	Flock	</type>
		<transform>
			<row0>	0.999994 0.000000 0.000000	</row0>
			<row1>	0.000000 0.999995 0.000000	</row1>
			<row2>	0.000000 0.000000 0.999994	</row2>
			<row3>	33.689709 0.662044 42.012924	</row3>
		</transform>
		<clientOnly>	true	</clientOnly>
		<properties>
			<maxFlightTime>	200.000000	</maxFlightTime>
			<modelFile>	space/tong_yong/dong_wu/dong_wu/ty_hu_die_003.model	</modelFile>
			<amount>	3	</amount>
			<modelScale>	1.000000	</modelScale>
			<radius>	2.000000	</radius>
			<approachRadius>	10.000000	</approachRadius>
			<heightClipMin>	-10000000.000000	</heightClipMin>
			<heightClipMax>	10000000.000000	</heightClipMax>
			<yawEnable>	1	</yawEnable>
			<pitchEnable>	1	</pitchEnable>
			<rollEnable>	1	</rollEnable>
			<collisionFraction>	10.000000	</collisionFraction>
			<influenceRadius>	1.000000	</influenceRadius>
			<speed>	0.030000	</speed>
			<stopRadius>	1.000000	</stopRadius>
			<waterHeight>	0.000000	</waterHeight>
			<hardPoint>	</hardPoint>
			<effectID>	</effectID>
			<triggerLoopTime>	12.000000	</triggerLoopTime>
			<actionID>	</actionID>
			<patrolPathNode>	</patrolPathNode>
			<actionDefaultName>	</actionDefaultName>
			<ownModelName>	</ownModelName>
		</properties>
	</entity_13>
	<entity_14>
		<stopLinkStation>	00000000.00000000.00000000.00000000	</stopLinkStation>
		<animation>	</animation>
		<animationEven>	</animationEven>
		<type>	Flock	</type>
		<transform>
			<row0>	0.999994 0.000000 0.000000	</row0>
			<row1>	0.000000 0.999995 0.000000	</row1>
			<row2>	0.000000 0.000000 0.999994	</row2>
			<row3>	11.538210 4.854496 63.362011	</row3>
		</transform>
		<clientOnly>	true	</clientOnly>
		<properties>
			<maxFlightTime>	200.000000	</maxFlightTime>
			<modelFile>	space/tong_yong/dong_wu/dong_wu/ty_hu_die_002.model	</modelFile>
			<amount>	3	</amount>
			<modelScale>	1.000000	</modelScale>
			<radius>	2.000000	</radius>
			<approachRadius>	10.000000	</approachRadius>
			<heightClipMin>	-10000000.000000	</heightClipMin>
			<heightClipMax>	10000000.000000	</heightClipMax>
			<yawEnable>	1	</yawEnable>
			<pitchEnable>	1	</pitchEnable>
			<rollEnable>	1	</rollEnable>
			<collisionFraction>	10.000000	</collisionFraction>
			<influenceRadius>	1.000000	</influenceRadius>
			<speed>	0.030000	</speed>
			<stopRadius>	1.000000	</stopRadius>
			<waterHeight>	0.000000	</waterHeight>
			<hardPoint>	</hardPoint>
			<effectID>	</effectID>
			<triggerLoopTime>	12.000000	</triggerLoopTime>
			<actionID>	</actionID>
			<patrolPathNode>	</patrolPathNode>
			<actionDefaultName>	</actionDefaultName>
			<ownModelName>	</ownModelName>
		</properties>
	</entity_14>
	<entity_15>
		<stopLinkStation>	00000000.00000000.00000000.00000000	</stopLinkStation>
		<animation>	</animation>
		<animationEven>	</animationEven>
		<type>	Flock	</type>
		<transform>
			<row0>	0.999994 0.000000 0.000000	</row0>
			<row1>	0.000000 0.999995 0.000000	</row1>
			<row2>	0.000000 0.000000 0.999994	</row2>
			<row3>	8.683500 5.194088 66.881447	</row3>
		</transform>
		<clientOnly>	true	</clientOnly>
		<properties>
			<maxFlightTime>	200.000000	</maxFlightTime>
			<modelFile>	space/tong_yong/dong_wu/dong_wu/ty_hu_die_005.model	</modelFile>
			<amount>	3	</amount>
			<modelScale>	1.000000	</modelScale>
			<radius>	2.000000	</radius>
			<approachRadius>	10.000000	</approachRadius>
			<heightClipMin>	-10000000.000000	</heightClipMin>
			<heightClipMax>	10000000.000000	</heightClipMax>
			<yawEnable>	1	</yawEnable>
			<pitchEnable>	1	</pitchEnable>
			<rollEnable>	1	</rollEnable>
			<collisionFraction>	10.000000	</collisionFraction>
			<influenceRadius>	1.000000	</influenceRadius>
			<speed>	0.030000	</speed>
			<stopRadius>	1.000000	</stopRadius>
			<waterHeight>	0.000000	</waterHeight>
			<hardPoint>	</hardPoint>
			<effectID>	</effectID>
			<triggerLoopTime>	12.000000	</triggerLoopTime>
			<actionID>	</actionID>
			<patrolPathNode>	</patrolPathNode>
			<actionDefaultName>	</actionDefaultName>
			<ownModelName>	</ownModelName>
		</properties>
	</entity_15>
	<entity_16>
		<stopLinkStation>	00000000.00000000.00000000.00000000	</stopLinkStation>
		<animation>	</animation>
		<animationEven>	</animationEven>
		<type>	Flock	</type>
		<transform>
			<row0>	0.999997 0.000000 0.000000	</row0>
			<row1>	0.000000 0.999997 0.000000	</row1>
			<row2>	0.000000 0.000000 0.999997	</row2>
			<row3>	39.469662 17.436161 84.496223	</row3>
		</transform>
		<clientOnly>	true	</clientOnly>
		<properties>
			<maxFlightTime>	200.000000	</maxFlightTime>
			<modelFile>	space/tong_yong/dong_wu/dong_wu/ty_qing_ting_001.model	</modelFile>
			<amount>	4	</amount>
			<modelScale>	4.500000	</modelScale>
			<radius>	6.000000	</radius>
			<approachRadius>	1.000000	</approachRadius>
			<heightClipMin>	-10000000.000000	</heightClipMin>
			<heightClipMax>	10000000.000000	</heightClipMax>
			<yawEnable>	1	</yawEnable>
			<pitchEnable>	1	</pitchEnable>
			<rollEnable>	1	</rollEnable>
			<collisionFraction>	10.000000	</collisionFraction>
			<influenceRadius>	1.000000	</influenceRadius>
			<speed>	0.010000	</speed>
			<stopRadius>	1.000000	</stopRadius>
			<waterHeight>	0.000000	</waterHeight>
			<hardPoint>	</hardPoint>
			<effectID>	</effectID>
			<triggerLoopTime>	12.000000	</triggerLoopTime>
			<actionID>	</actionID>
			<patrolPathNode>	</patrolPathNode>
			<actionDefaultName>	</actionDefaultName>
			<ownModelName>	</ownModelName>
		</properties>
	</entity_16>
	<entity_17>
		<stopLinkStation>	00000000.00000000.00000000.00000000	</stopLinkStation>
		<animation>	</animation>
		<animationEven>	</animationEven>
		<type>	Flock	</type>
		<transform>
			<row0>	0.999999 0.000000 0.000000	</row0>
			<row1>	0.000000 0.999999 0.000000	</row1>
			<row2>	0.000000 0.000000 0.999999	</row2>
			<row3>	5.343038 1.849609 60.612438	</row3>
		</transform>
		<clientOnly>	true	</clientOnly>
		<properties>
			<maxFlightTime>	200.000000	</maxFlightTime>
			<modelFile>	creature/maque/ty_niao_002.model	</modelFile>
			<amount>	4	</amount>
			<modelScale>	1.000000	</modelScale>
			<radius>	13.000000	</radius>
			<approachRadius>	10.000000	</approachRadius>
			<heightClipMin>	-10000000.000000	</heightClipMin>
			<heightClipMax>	10000000.000000	</heightClipMax>
			<yawEnable>	1	</yawEnable>
			<pitchEnable>	1	</pitchEnable>
			<rollEnable>	1	</rollEnable>
			<collisionFraction>	10.000000	</collisionFraction>
			<influenceRadius>	2.000000	</influenceRadius>
			<speed>	0.250000	</speed>
			<stopRadius>	1.000000	</stopRadius>
			<waterHeight>	0.000000	</waterHeight>
			<hardPoint>	</hardPoint>
			<effectID>	</effectID>
			<triggerLoopTime>	12.000000	</triggerLoopTime>
			<actionID>	</actionID>
			<patrolPathNode>	</patrolPathNode>
			<actionDefaultName>	</actionDefaultName>
			<ownModelName>	</ownModelName>
		</properties>
	</entity_17>
	<entity_18>
		<stopLinkStation>	00000000.00000000.00000000.00000000	</stopLinkStation>
		<animation>	</animation>
		<animationEven>	</animationEven>
		<type>	Flock	</type>
		<transform>
			<row0>	0.999999 0.000000 0.000000	</row0>
			<row1>	0.000000 0.999999 0.000000	</row1>
			<row2>	0.000000 0.000000 0.999999	</row2>
			<row3>	75.764801 -2.626953 37.880764	</row3>
		</transform>
		<clientOnly>	true	</clientOnly>
		<properties>
			<maxFlightTime>	200.000000	</maxFlightTime>
			<modelFile>	creature/maque/ty_niao_002.model	</modelFile>
			<amount>	3	</amount>
			<modelScale>	1.000000	</modelScale>
			<radius>	15.000000	</radius>
			<approachRadius>	10.000000	</approachRadius>
			<heightClipMin>	-10000000.000000	</heightClipMin>
			<heightClipMax>	10000000.000000	</heightClipMax>
			<yawEnable>	1	</yawEnable>
			<pitchEnable>	1	</pitchEnable>
			<rollEnable>	1	</rollEnable>
			<collisionFraction>	10.000000	</collisionFraction>
			<influenceRadius>	2.000000	</influenceRadius>
			<speed>	0.250000	</speed>
			<stopRadius>	1.000000	</stopRadius>
			<waterHeight>	0.000000	</waterHeight>
			<hardPoint>	</hardPoint>
			<effectID>	</effectID>
			<triggerLoopTime>	12.000000	</triggerLoopTime>
			<actionID>	</actionID>
			<patrolPathNode>	</patrolPathNode>
			<actionDefaultName>	</actionDefaultName>
			<ownModelName>	</ownModelName>
		</properties>
	</entity_18>
	<entity_19>
		<stopLinkStation>	00000000.00000000.00000000.00000000	</stopLinkStation>
		<animation>	</animation>
		<animationEven>	</animationEven>
		<type>	SpawnPointPotential	</type>
		<transform>
			<row0>	0.500000 0.000000 -0.866021	</row0>
			<row1>	0.000000 0.999997 0.000000	</row1>
			<row2>	0.866021 0.000000 0.500000	</row2>
			<row3>	96.818756 0.876953 35.537514	</row3>
		</transform>
		<clientOnly>	false	</clientOnly>
		<properties>
			<entityName>	20125004	</entityName>
			<rediviousTime>	999999.000000	</rediviousTime>
			<rediviousTotal>	1	</rediviousTotal>
			<randomWalkRange>	0.000000	</randomWalkRange>
			<patrolList>	</patrolList>
			<lineNumber>	0	</lineNumber>
			<patrolPathNode>	</patrolPathNode>
			<actionDefaultName>	</actionDefaultName>
			<ownModelName>	</ownModelName>
		</properties>
	</entity_19>
	<entity_20>
		<stopLinkStation>	00000000.00000000.00000000.00000000	</stopLinkStation>
		<animation>	</animation>
		<animationEven>	</animationEven>
		<type>	SpawnPointPotential	</type>
		<transform>
			<row0>	0.000001 0.000000 -0.999996	</row0>
			<row1>	0.000000 0.999997 0.000000	</row1>
			<row2>	0.999996 0.000000 0.000001	</row2>
			<row3>	31.633995 -1.085937 45.119675	</row3>
		</transform>
		<clientOnly>	false	</clientOnly>
		<properties>
			<entityName>	20115004	</entityName>
			<rediviousTime>	999999.000000	</rediviousTime>
			<rediviousTotal>	1	</rediviousTotal>
			<randomWalkRange>	0.000000	</randomWalkRange>
			<patrolList>	</patrolList>
			<lineNumber>	0	</lineNumber>
			<patrolPathNode>	</patrolPathNode>
			<actionDefaultName>	</actionDefaultName>
			<ownModelName>	</ownModelName>
		</properties>
	</entity_20>
	<entity_21>
		<stopLinkStation>	00000000.00000000.00000000.00000000	</stopLinkStation>
		<animation>	</animation>
		<animationEven>	</animationEven>
		<type>	SpawnPointPotential	</type>
		<transform>
			<row0>	-0.258816 0.000000 -0.965921	</row0>
			<row1>	0.000000 0.999998 0.000000	</row1>
			<row2>	0.965921 0.000000 -0.258816	</row2>
			<row3>	24.740234 14.119543 56.633022	</row3>
		</transform>
		<clientOnly>	false	</clientOnly>
		<properties>
			<entityName>	20125004	</entityName>
			<rediviousTime>	999999.000000	</rediviousTime>
			<rediviousTotal>	1	</rediviousTotal>
			<randomWalkRange>	0.000000	</randomWalkRange>
			<patrolList>	</patrolList>
			<lineNumber>	0	</lineNumber>
			<patrolPathNode>	</patrolPathNode>
			<actionDefaultName>	</actionDefaultName>
			<ownModelName>	</ownModelName>
		</properties>
	</entity_21>
	<entity_22>
		<stopLinkStation>	00000000.00000000.00000000.00000000	</stopLinkStation>
		<animation>	</animation>
		<animationEven>	</animationEven>
		<type>	SpawnPointPotential	</type>
		<transform>
			<row0>	0.258819 0.000000 -0.965919	</row0>
			<row1>	0.000000 0.999997 0.000000	</row1>
			<row2>	0.965919 0.000000 0.258819	</row2>
			<row3>	28.663464 -0.099609 38.510128	</row3>
		</transform>
		<clientOnly>	false	</clientOnly>
		<properties>
			<entityName>	20125004	</entityName>
			<rediviousTime>	999999.000000	</rediviousTime>
			<rediviousTotal>	1	</rediviousTotal>
			<randomWalkRange>	0.000000	</randomWalkRange>
			<patrolList>	</patrolList>
			<lineNumber>	0	</lineNumber>
			<patrolPathNode>	</patrolPathNode>
			<actionDefaultName>	</actionDefaultName>
			<ownModelName>	</ownModelName>
		</properties>
	</entity_22>
	<entity_23>
		<stopLinkStation>	00000000.00000000.00000000.00000000	</stopLinkStation>
		<animation>	</animation>
		<animationEven>	</animationEven>
		<type>	SpawnPointPotential	</type>
		<transform>
			<row0>	-0.258818 0.000000 -0.965921	</row0>
			<row1>	0.000000 0.999995 0.000000	</row1>
			<row2>	0.965921 0.000000 -0.258818	</row2>
			<row3>	27.934126 -1.550781 51.100910	</row3>
		</transform>
		<clientOnly>	false	</clientOnly>
		<properties>
			<entityName>	20155004	</entityName>
			<rediviousTime>	999999.000000	</rediviousTime>
			<rediviousTotal>	1	</rediviousTotal>
			<randomWalkRange>	0.000000	</randomWalkRange>
			<patrolList>	</patrolList>
			<lineNumber>	0	</lineNumber>
			<patrolPathNode>	</patrolPathNode>
			<actionDefaultName>	</actionDefaultName>
			<ownModelName>	</ownModelName>
		</properties>
	</entity_23>
	<entity_24>
		<stopLinkStation>	00000000.00000000.00000000.00000000	</stopLinkStation>
		<animation>	</animation>
		<animationEven>	</animationEven>
		<type>	SpawnPointPotential	</type>
		<transform>
			<row0>	-0.258817 0.000000 -0.965923	</row0>
			<row1>	0.000000 0.999998 0.000000	</row1>
			<row2>	0.965923 0.000000 -0.258817	</row2>
			<row3>	98.373703 -2.013671 48.666153	</row3>
		</transform>
		<clientOnly>	false	</clientOnly>
		<properties>
			<entityName>	20135004	</entityName>
			<rediviousTime>	999999.000000	</rediviousTime>
			<rediviousTotal>	1	</rediviousTotal>
			<randomWalkRange>	0.000000	</randomWalkRange>
			<patrolList>	</patrolList>
			<lineNumber>	0	</lineNumber>
			<patrolPathNode>	</patrolPathNode>
			<actionDefaultName>	</actionDefaultName>
			<ownModelName>	</ownModelName>
		</properties>
	</entity_24>
	<entity_25>
		<stopLinkStation>	00000000.00000000.00000000.00000000	</stopLinkStation>
		<animation>	</animation>
		<animationEven>	</animationEven>
		<type>	SpawnPointPotential	</type>
		<transform>
			<row0>	0.000002 0.000000 -0.999997	</row0>
			<row1>	0.000000 0.999999 0.000000	</row1>
			<row2>	0.999997 0.000000 0.000002	</row2>
			<row3>	97.811607 -1.386719 44.942852	</row3>
		</transform>
		<clientOnly>	false	</clientOnly>
		<properties>
			<entityName>	20135004	</entityName>
			<rediviousTime>	999999.000000	</rediviousTime>
			<rediviousTotal>	1	</rediviousTotal>
			<randomWalkRange>	0.000000	</randomWalkRange>
			<patrolList>	</patrolList>
			<lineNumber>	0	</lineNumber>
			<patrolPathNode>	</patrolPathNode>
			<actionDefaultName>	</actionDefaultName>
			<ownModelName>	</ownModelName>
		</properties>
	</entity_25>
	<entity_26>
		<stopLinkStation>	00000000.00000000.00000000.00000000	</stopLinkStation>
		<animation>	</animation>
		<animationEven>	</animationEven>
		<type>	SpawnPointPotential	</type>
		<transform>
			<row0>	0.500000 0.000000 -0.866021	</row0>
			<row1>	0.000000 0.999997 0.000000	</row1>
			<row2>	0.866021 0.000000 0.500000	</row2>
			<row3>	60.385342 7.926543 37.874126	</row3>
		</transform>
		<clientOnly>	false	</clientOnly>
		<properties>
			<entityName>	20125004	</entityName>
			<rediviousTime>	999999.000000	</rediviousTime>
			<rediviousTotal>	1	</rediviousTotal>
			<randomWalkRange>	0.000000	</randomWalkRange>
			<patrolList>	</patrolList>
			<lineNumber>	0	</lineNumber>
			<patrolPathNode>	</patrolPathNode>
			<actionDefaultName>	</actionDefaultName>
			<ownModelName>	</ownModelName>
		</properties>
	</entity_26>
	<entity_27>
		<stopLinkStation>	00000000.00000000.00000000.00000000	</stopLinkStation>
		<animation>	</animation>
		<animationEven>	</animationEven>
		<type>	SpawnPointPotential	</type>
		<transform>
			<row0>	0.178622 0.743810 -0.644074	</row0>
			<row1>	-0.677370 0.567739 0.467798	</row1>
			<row2>	0.713622 0.352719 0.605248	</row2>
			<row3>	59.651245 5.572680 37.311897	</row3>
		</transform>
		<clientOnly>	false	</clientOnly>
		<properties>
			<entityName>	20125004	</entityName>
			<rediviousTime>	999999.000000	</rediviousTime>
			<rediviousTotal>	1	</rediviousTotal>
			<randomWalkRange>	0.000000	</randomWalkRange>
			<patrolList>	</patrolList>
			<lineNumber>	0	</lineNumber>
			<patrolPathNode>	</patrolPathNode>
			<actionDefaultName>	</actionDefaultName>
			<ownModelName>	</ownModelName>
		</properties>
	</entity_27>
	<entity_28>
		<stopLinkStation>	00000000.00000000.00000000.00000000	</stopLinkStation>
		<animation>	</animation>
		<animationEven>	</animationEven>
		<type>	SpawnPointPotential	</type>
		<transform>
			<row0>	0.499999 0.000000 -0.866020	</row0>
			<row1>	0.000000 0.999996 0.000000	</row1>
			<row2>	0.866021 0.000000 0.500000	</row2>
			<row3>	60.671642 7.866898 36.826900	</row3>
		</transform>
		<clientOnly>	false	</clientOnly>
		<properties>
			<entityName>	20125004	</entityName>
			<rediviousTime>	999999.000000	</rediviousTime>
			<rediviousTotal>	1	</rediviousTotal>
			<randomWalkRange>	0.000000	</randomWalkRange>
			<patrolList>	</patrolList>
			<lineNumber>	0	</lineNumber>
			<patrolPathNode>	</patrolPathNode>
			<actionDefaultName>	</actionDefaultName>
			<ownModelName>	</ownModelName>
		</properties>
	</entity_28>
	<entity_29>
		<stopLinkStation>	00000000.00000000.00000000.00000000	</stopLinkStation>
		<animation>	</animation>
		<animationEven>	</animationEven>
		<type>	SpawnPointPotential	</type>
		<transform>
			<row0>	0.499999 0.000000 -0.866020	</row0>
			<row1>	0.000000 0.999996 0.000000	</row1>
			<row2>	0.866021 0.000000 0.500000	</row2>
			<row3>	60.792702 9.066340 36.704330	</row3>
		</transform>
		<clientOnly>	false	</clientOnly>
		<properties>
			<entityName>	20125004	</entityName>
			<rediviousTime>	999999.000000	</rediviousTime>
			<rediviousTotal>	1	</rediviousTotal>
			<randomWalkRange>	0.000000	</randomWalkRange>
			<patrolList>	</patrolList>
			<lineNumber>	0	</lineNumber>
			<patrolPathNode>	</patrolPathNode>
			<actionDefaultName>	</actionDefaultName>
			<ownModelName>	</ownModelName>
		</properties>
	</entity_29>
	<entity_30>
		<stopLinkStation>	00000000.00000000.00000000.00000000	</stopLinkStation>
		<animation>	</animation>
		<animationEven>	</animationEven>
		<type>	SpawnPointPotential	</type>
		<transform>
			<row0>	-0.499996 0.000000 -0.866022	</row0>
			<row1>	0.000000 0.999997 0.000000	</row1>
			<row2>	0.866022 0.000000 -0.499996	</row2>
			<row3>	24.791538 -1.546875 51.807293	</row3>
		</transform>
		<clientOnly>	false	</clientOnly>
		<properties>
			<entityName>	20135004	</entityName>
			<rediviousTime>	999999.000000	</rediviousTime>
			<rediviousTotal>	1	</rediviousTotal>
			<randomWalkRange>	0.000000	</randomWalkRange>
			<patrolList>	</patrolList>
			<lineNumber>	0	</lineNumber>
			<patrolPathNode>	</patrolPathNode>
			<actionDefaultName>	</actionDefaultName>
			<ownModelName>	</ownModelName>
		</properties>
	</entity_30>
	<entity_31>
		<stopLinkStation>	00000000.00000000.00000000.00000000	</stopLinkStation>
		<animation>	</animation>
		<animationEven>	</animationEven>
		<type>	SpawnPointPotential	</type>
		<transform>
			<row0>	-0.707103 0.000000 -0.707105	</row0>
			<row1>	0.000000 0.999998 0.000000	</row1>
			<row2>	0.707105 0.000000 -0.707103	</row2>
			<row3>	27.002666 -1.746094 55.449333	</row3>
		</transform>
		<clientOnly>	false	</clientOnly>
		<properties>
			<entityName>	20135004	</entityName>
			<rediviousTime>	999999.000000	</rediviousTime>
			<rediviousTotal>	1	</rediviousTotal>
			<randomWalkRange>	0.000000	</randomWalkRange>
			<patrolList>	</patrolList>
			<lineNumber>	0	</lineNumber>
			<patrolPathNode>	</patrolPathNode>
			<actionDefaultName>	</actionDefaultName>
			<ownModelName>	</ownModelName>
		</properties>
	</entity_31>
	<entity_32>
		<stopLinkStation>	00000000.00000000.00000000.00000000	</stopLinkStation>
		<animation>	</animation>
		<animationEven>	</animationEven>
		<type>	SpawnPointPotential	</type>
		<transform>
			<row0>	0.000001 0.000000 -0.999996	</row0>
			<row1>	0.000000 0.999997 0.000000	</row1>
			<row2>	0.999996 0.000000 0.000001	</row2>
			<row3>	25.885822 -1.197265 47.691319	</row3>
		</transform>
		<clientOnly>	false	</clientOnly>
		<properties>
			<entityName>	20135004	</entityName>
			<rediviousTime>	999999.000000	</rediviousTime>
			<rediviousTotal>	1	</rediviousTotal>
			<randomWalkRange>	0.000000	</randomWalkRange>
			<patrolList>	</patrolList>
			<lineNumber>	0	</lineNumber>
			<patrolPathNode>	</patrolPathNode>
			<actionDefaultName>	</actionDefaultName>
			<ownModelName>	</ownModelName>
		</properties>
	</entity_32>
	<entity_33>
		<stopLinkStation>	00000000.00000000.00000000.00000000	</stopLinkStation>
		<animation>	</animation>
		<animationEven>	</animationEven>
		<type>	SpawnPointPotential	</type>
		<transform>
			<row0>	-0.499997 0.000000 -0.866022	</row0>
			<row1>	0.000000 0.999997 0.000000	</row1>
			<row2>	0.866022 0.000000 -0.499997	</row2>
			<row3>	32.475361 -1.269531 52.636776	</row3>
		</transform>
		<clientOnly>	false	</clientOnly>
		<properties>
			<entityName>	20115004	</entityName>
			<rediviousTime>	999999.000000	</rediviousTime>
			<rediviousTotal>	1	</rediviousTotal>
			<randomWalkRange>	0.000000	</randomWalkRange>
			<patrolList>	</patrolList>
			<lineNumber>	0	</lineNumber>
			<patrolPathNode>	</patrolPathNode>
			<actionDefaultName>	</actionDefaultName>
			<ownModelName>	</ownModelName>
		</properties>
	</entity_33>
	<entity_34>
		<stopLinkStation>	00000000.00000000.00000000.00000000	</stopLinkStation>
		<animation>	</animation>
		<animationEven>	</animationEven>
		<type>	SpawnPointPotential	</type>
		<transform>
			<row0>	0.500000 0.000000 -0.866021	</row0>
			<row1>	0.000000 0.999997 0.000000	</row1>
			<row2>	0.866021 0.000000 0.500000	</row2>
			<row3>	58.819328 -0.257812 54.148796	</row3>
		</transform>
		<clientOnly>	false	</clientOnly>
		<properties>
			<entityName>	20125004	</entityName>
			<rediviousTime>	999999.000000	</rediviousTime>
			<rediviousTotal>	1	</rediviousTotal>
			<randomWalkRange>	0.000000	</randomWalkRange>
			<patrolList>	</patrolList>
			<lineNumber>	0	</lineNumber>
			<patrolPathNode>	</patrolPathNode>
			<actionDefaultName>	</actionDefaultName>
			<ownModelName>	</ownModelName>
		</properties>
	</entity_34>
	<entity_35>
		<stopLinkStation>	00000000.00000000.00000000.00000000	</stopLinkStation>
		<animation>	</animation>
		<animationEven>	</animationEven>
		<type>	SpawnPointPotential	</type>
		<transform>
			<row0>	0.500000 0.000000 -0.866021	</row0>
			<row1>	0.000000 0.999997 0.000000	</row1>
			<row2>	0.866021 0.000000 0.500000	</row2>
			<row3>	59.708736 -0.593750 54.193550	</row3>
		</transform>
		<clientOnly>	false	</clientOnly>
		<properties>
			<entityName>	20125004	</entityName>
			<rediviousTime>	999999.000000	</rediviousTime>
			<rediviousTotal>	1	</rediviousTotal>
			<randomWalkRange>	0.000000	</randomWalkRange>
			<patrolList>	</patrolList>
			<lineNumber>	0	</lineNumber>
			<patrolPathNode>	</patrolPathNode>
			<actionDefaultName>	</actionDefaultName>
			<ownModelName>	</ownModelName>
		</properties>
	</entity_35>
	<entity_36>
		<stopLinkStation>	00000000.00000000.00000000.00000000	</stopLinkStation>
		<animation>	</animation>
		<animationEven>	</animationEven>
		<type>	SpawnPointPotential	</type>
		<transform>
			<row0>	-0.258816 0.000000 -0.965921	</row0>
			<row1>	0.000000 0.999998 0.000000	</row1>
			<row2>	0.965921 0.000000 -0.258816	</row2>
			<row3>	24.581123 14.068759 55.350010	</row3>
		</transform>
		<clientOnly>	false	</clientOnly>
		<properties>
			<entityName>	20125004	</entityName>
			<rediviousTime>	999999.000000	</rediviousTime>
			<rediviousTotal>	1	</rediviousTotal>
			<randomWalkRange>	0.000000	</randomWalkRange>
			<patrolList>	</patrolList>
			<lineNumber>	0	</lineNumber>
			<patrolPathNode>	</patrolPathNode>
			<actionDefaultName>	</actionDefaultName>
			<ownModelName>	</ownModelName>
		</properties>
	</entity_36>
	<entity_37>
		<stopLinkStation>	00000000.00000000.00000000.00000000	</stopLinkStation>
		<animation>	</animation>
		<animationEven>	</animationEven>
		<type>	SpawnPointPotential	</type>
		<transform>
			<row0>	-0.258816 0.000000 -0.965919	</row0>
			<row1>	0.000000 0.999998 0.000000	</row1>
			<row2>	0.965919 0.000000 -0.258816	</row2>
			<row3>	24.906719 14.158597 57.774643	</row3>
		</transform>
		<clientOnly>	false	</clientOnly>
		<properties>
			<entityName>	20125004	</entityName>
			<rediviousTime>	999999.000000	</rediviousTime>
			<rediviousTotal>	1	</rediviousTotal>
			<randomWalkRange>	0.000000	</randomWalkRange>
			<patrolList>	</patrolList>
			<lineNumber>	0	</lineNumber>
			<patrolPathNode>	</patrolPathNode>
			<actionDefaultName>	</actionDefaultName>
			<ownModelName>	</ownModelName>
		</properties>
	</entity_37>
	<entity_38>
		<stopLinkStation>	00000000.00000000.00000000.00000000	</stopLinkStation>
		<animation>	</animation>
		<animationEven>	</animationEven>
		<type>	SpawnPointPotential	</type>
		<transform>
			<row0>	-0.000001 0.000000 0.999990	</row0>
			<row1>	0.000000 0.999995 0.000000	</row1>
			<row2>	-0.999990 0.000000 -0.000001	</row2>
			<row3>	31.497238 15.499998 97.719154	</row3>
		</transform>
		<clientOnly>	false	</clientOnly>
		<properties>
			<entityName>	20115004	</entityName>
			<rediviousTime>	999999.000000	</rediviousTime>
			<rediviousTotal>	1	</rediviousTotal>
			<randomWalkRange>	0.000000	</randomWalkRange>
			<patrolList>	</patrolList>
			<lineNumber>	0	</lineNumber>
			<patrolPathNode>	</patrolPathNode>
			<actionDefaultName>	</actionDefaultName>
			<ownModelName>	</ownModelName>
		</properties>
	</entity_38>
	<entity_39>
		<stopLinkStation>	00000000.00000000.00000000.00000000	</stopLinkStation>
		<animation>	</animation>
		<animationEven>	</animationEven>
		<type>	SpawnPointPotential	</type>
		<transform>
			<row0>	0.258817 0.000000 0.965923	</row0>
			<row1>	0.000000 0.999997 0.000000	</row1>
			<row2>	-0.965923 0.000000 0.258817	</row2>
			<row3>	36.555046 15.667967 97.861237	</row3>
		</transform>
		<clientOnly>	false	</clientOnly>
		<properties>
			<entityName>	20135004	</entityName>
			<rediviousTime>	999999.000000	</rediviousTime>
			<rediviousTotal>	1	</rediviousTotal>
			<randomWalkRange>	0.000000	</randomWalkRange>
			<patrolList>	</patrolList>
			<lineNumber>	0	</lineNumber>
			<patrolPathNode>	</patrolPathNode>
			<actionDefaultName>	</actionDefaultName>
			<ownModelName>	</ownModelName>
		</properties>
	</entity_39>
	<entity_40>
		<stopLinkStation>	00000000.00000000.00000000.00000000	</stopLinkStation>
		<animation>	</animation>
		<animationEven>	</animationEven>
		<type>	SpawnPointPotential	</type>
		<transform>
			<row0>	0.004873 0.019744 -0.999785	</row0>
			<row1>	-0.490228 0.871465 0.014822	</row1>
			<row2>	0.871574 0.490053 0.013926	</row2>
			<row3>	0.235687 7.398893 54.408867	</row3>
		</transform>
		<clientOnly>	false	</clientOnly>
		<properties>
			<entityName>	20125004	</entityName>
			<rediviousTime>	999999.000000	</rediviousTime>
			<rediviousTotal>	1	</rediviousTotal>
			<randomWalkRange>	0.000000	</randomWalkRange>
			<patrolList>	</patrolList>
			<lineNumber>	0	</lineNumber>
			<patrolPathNode>	</patrolPathNode>
			<actionDefaultName>	</actionDefaultName>
			<ownModelName>	</ownModelName>
		</properties>
	</entity_40>
	<entity_41>
		<stopLinkStation>	00000000.00000000.00000000.00000000	</stopLinkStation>
		<animation>	</animation>
		<animationEven>	</animationEven>
		<type>	SpawnPointPotential	</type>
		<transform>
			<row0>	-0.258818 0.000000 0.965914	</row0>
			<row1>	0.000000 0.999992 0.000000	</row1>
			<row2>	-0.965914 0.000000 -0.258818	</row2>
			<row3>	29.900352 15.542967 101.347191	</row3>
		</transform>
		<clientOnly>	false	</clientOnly>
		<properties>
			<entityName>	20115004	</entityName>
			<rediviousTime>	999999.000000	</rediviousTime>
			<rediviousTotal>	1	</rediviousTotal>
			<randomWalkRange>	0.000000	</randomWalkRange>
			<patrolList>	</patrolList>
			<lineNumber>	0	</lineNumber>
			<patrolPathNode>	</patrolPathNode>
			<actionDefaultName>	</actionDefaultName>
			<ownModelName>	</ownModelName>
		</properties>
	</entity_41>
	<entity_42>
		<stopLinkStation>	00000000.00000000.00000000.00000000	</stopLinkStation>
		<animation>	</animation>
		<animationEven>	</animationEven>
		<type>	SpawnPointPotential	</type>
		<transform>
			<row0>	-0.258818 0.000000 0.965920	</row0>
			<row1>	0.000000 0.999995 0.000000	</row1>
			<row2>	-0.965920 0.000000 -0.258818	</row2>
			<row3>	34.013962 15.531248 100.191154	</row3>
		</transform>
		<clientOnly>	false	</clientOnly>
		<properties>
			<entityName>	20155004	</entityName>
			<rediviousTime>	999999.000000	</rediviousTime>
			<rediviousTotal>	1	</rediviousTotal>
			<randomWalkRange>	0.000000	</randomWalkRange>
			<patrolList>	</patrolList>
			<lineNumber>	0	</lineNumber>
			<patrolPathNode>	</patrolPathNode>
