<root>
	<entity_1>
		<stopLinkStation>	00000000.00000000.00000000.00000000	</stopLinkStation>
		<animation>	</animation>
		<animationEven>	</animationEven>
		<type>	Flock	</type>
		<transform>
			<row0>	0.707103 0.000000 -0.707104	</row0>
			<row1>	0.000000 0.999996 0.000000	</row1>
			<row2>	0.707104 0.000000 0.707103	</row2>
			<row3>	-656.999695 208.817307 574.971436	</row3>
		</transform>
		<clientOnly>	true	</clientOnly>
		<properties>
			<maxFlightTime>	200.000000	</maxFlightTime>
			<modelFile>	creature/he/ty_he_m.model	</modelFile>
			<amount>	3	</amount>
			<modelScale>	1.000000	</modelScale>
			<radius>	32.000000	</radius>
			<approachRadius>	10.000000	</approachRadius>
			<heightClipMin>	-10000000.000000	</heightClipMin>
			<heightClipMax>	10000000.000000	</heightClipMax>
			<yawEnable>	1	</yawEnable>
			<pitchEnable>	1	</pitchEnable>
			<rollEnable>	1	</rollEnable>
			<collisionFraction>	0.500000	</collisionFraction>
			<influenceRadius>	10.000000	</influenceRadius>
			<speed>	0.500000	</speed>
			<stopRadius>	1.000000	</stopRadius>
			<waterHeight>	0.000000	</waterHeight>
			<hardPoint>	</hardPoint>
			<effectID>	</effectID>
			<triggerLoopTime>	12.000000	</triggerLoopTime>
			<actionID>	</actionID>
			<patrolPathNode>	</patrolPathNode>
			<actionDefaultName>	</actionDefaultName>
			<ownModelName>	</ownModelName>
		</properties>
	</entity_1>
	<entity_2>
		<stopLinkStation>	00000000.00000000.00000000.00000000	</stopLinkStation>
		<animation>	</animation>
		<animationEven>	</animationEven>
		<type>	MonsterSpawnPoint	</type>
		<transform>
			<row0>	0.504617 0.009327 -0.863271	</row0>
			<row1>	0.058558 0.997258 0.045005	</row1>
			<row2>	0.861330 -0.073261 0.502693	</row2>
			<row3>	-515.459656 28.107403 -508.750214	</row3>
		</transform>
		<clientOnly>	false	</clientOnly>
		<properties>
			<entityName>	20734003	</entityName>
			<rediviousTime>	30.000000	</rediviousTime>
			<rediviousTotal>	1	</rediviousTotal>
			<randomWalkRange>	6.000000	</randomWalkRange>
			<patrolList>	</patrolList>
			<lineNumber>	0	</lineNumber>
			<patrolPathNode>	</patrolPathNode>
			<actionDefaultName>	</actionDefaultName>
			<ownModelName>	</ownModelName>
		</properties>
	</entity_2>
	<entity_3>
		<stopLinkStation>	00000000.00000000.00000000.00000000	</stopLinkStation>
		<animation>	</animation>
		<animationEven>	</animationEven>
		<type>	QuestBoxTrap	</type>
		<transform>
			<row0>	1.000000 0.000000 0.000000	</row0>
			<row1>	0.000000 1.000000 0.000000	</row1>
			<row2>	0.000000 0.000000 1.000000	</row2>
			<row3>	-507.405518 27.181623 -501.611084	</row3>
		</transform>
		<clientOnly>	false	</clientOnly>
		<properties>
			<className>	30111300	</className>
			<rediviousTime>	5.000000	</rediviousTime>
			<modelScale>	1.000000	</modelScale>
			<patrolPathNode>	</patrolPathNode>
			<actionDefaultName>	</actionDefaultName>
			<ownModelName>	</ownModelName>
		</properties>
	</entity_3>
	<entity_4>
		<stopLinkStation>	00000000.00000000.00000000.00000000	</stopLinkStation>
		<animation>	</animation>
		<animationEven>	</animationEven>
		<type>	MonsterSpawnPoint	</type>
		<transform>
			<row0>	-0.504608 -0.009329 0.863256	</row0>
			<row1>	0.058558 0.997245 0.045005	</row1>
			<row2>	-0.861309 0.073266 -0.502683	</row2>
			<row3>	-514.047546 32.622997 -445.060242	</row3>
		</transform>
		<clientOnly>	false	</clientOnly>
		<properties>
			<entityName>	20351007	</entityName>
			<rediviousTime>	30.000000	</rediviousTime>
			<rediviousTotal>	1	</rediviousTotal>
			<randomWalkRange>	5.000000	</randomWalkRange>
			<patrolList>	</patrolList>
			<lineNumber>	0	</lineNumber>
			<patrolPathNode>	</patrolPathNode>
			<actionDefaultName>	</actionDefaultName>
			<ownModelName>	</ownModelName>
		</properties>
	</entity_4>
	<entity_5>
		<stopLinkStation>	00000000.00000000.00000000.00000000	</stopLinkStation>
		<animation>	</animation>
		<animationEven>	</animationEven>
		<type>	MonsterSpawnPoint	</type>
		<transform>
			<row0>	0.252231 -0.058401 0.965865	</row0>
			<row1>	0.058558 0.997245 0.045005	</row1>
			<row2>	-0.965849 0.045213 0.254957	</row2>
			<row3>	-516.750366 34.072216 -422.121490	</row3>
		</transform>
		<clientOnly>	false	</clientOnly>
		<properties>
			<entityName>	20351007	</entityName>
			<rediviousTime>	30.000000	</rediviousTime>
			<rediviousTotal>	1	</rediviousTotal>
			<randomWalkRange>	5.000000	</randomWalkRange>
			<patrolList>	</patrolList>
			<lineNumber>	0	</lineNumber>
			<patrolPathNode>	</patrolPathNode>
			<actionDefaultName>	</actionDefaultName>
			<ownModelName>	</ownModelName>
		</properties>
	</entity_5>
	<entity_6>
		<stopLinkStation>	00000000.00000000.00000000.00000000	</stopLinkStation>
		<animation>	</animation>
		<animationEven>	</animationEven>
		<type>	QuestBox	</type>
		<transform>
			<row0>	-0.554664 0.000000 0.832065	</row0>
			<row1>	0.000000 0.999995 0.000000	</row1>
			<row2>	-0.832065 0.000000 -0.554664	</row2>
			<row3>	-519.861328 35.050732 -411.811340	</row3>
		</transform>
		<clientOnly>	false	</clientOnly>
		<properties>
			<className>	30112131	</className>
			<rediviousTime>	5.000000	</rediviousTime>
			<modelScale>	1.000000	</modelScale>
			<patrolPathNode>	</patrolPathNode>
			<actionDefaultName>	</actionDefaultName>
			<ownModelName>	</ownModelName>
		</properties>
	</entity_6>
	<entity_7>
		<stopLinkStation>	00000000.00000000.00000000.00000000	</stopLinkStation>
		<animation>	</animation>
		<animationEven>	</animationEven>
		<type>	MonsterSpawnPoint	</type>
		<transform>
			<row0>	-0.867660 0.028551 0.496257	</row0>
			<row1>	0.058558 0.997244 0.045005	</row1>
			<row2>	-0.493611 0.068115 -0.866958	</row2>
			<row3>	-514.127808 31.730450 -460.537415	</row3>
		</transform>
		<clientOnly>	false	</clientOnly>
		<properties>
			<entityName>	20351007	</entityName>
			<rediviousTime>	30.000000	</rediviousTime>
			<rediviousTotal>	1	</rediviousTotal>
			<randomWalkRange>	5.000000	</randomWalkRange>
			<patrolList>	</patrolList>
			<lineNumber>	0	</lineNumber>
			<patrolPathNode>	</patrolPathNode>
			<actionDefaultName>	</actionDefaultName>
			<ownModelName>	</ownModelName>
		</properties>
	</entity_7>
	<entity_8>
		<stopLinkStation>	00000000.00000000.00000000.00000000	</stopLinkStation>
		<animation>	</animation>
		<animationEven>	</animationEven>
		<type>	QuestBox	</type>
		<transform>
			<row0>	-0.320410 0.000000 0.947271	</row0>
			<row1>	0.000000 0.999995 0.000000	</row1>
			<row2>	-0.947271 0.000000 -0.320410	</row2>
			<row3>	-507.552216 29.154278 -473.357971	</row3>
		</transform>
		<clientOnly>	false	</clientOnly>
		<properties>
			<className>	30112131	</className>
			<rediviousTime>	5.000000	</rediviousTime>
			<modelScale>	1.000000	</modelScale>
			<patrolPathNode>	</patrolPathNode>
			<actionDefaultName>	</actionDefaultName>
			<ownModelName>	</ownModelName>
		</properties>
	</entity_8>
	<entity_9>
		<stopLinkStation>	00000000.00000000.00000000.00000000	</stopLinkStation>
		<animation>	</animation>
		<animationEven>	</animationEven>
		<type>	MonsterSpawnPoint	</type>
		<transform>
			<row0>	-0.965853 0.045207 0.254961	</row0>
			<row1>	0.058558 0.997244 0.045005	</row1>
			<row2>	-0.252226 0.058404 -0.965856	</row2>
			<row3>	-508.428467 28.499981 -480.758881	</row3>
		</transform>
		<clientOnly>	false	</clientOnly>
		<properties>
			<entityName>	20351007	</entityName>
			<rediviousTime>	30.000000	</rediviousTime>
			<rediviousTotal>	1	</rediviousTotal>
			<randomWalkRange>	5.000000	</randomWalkRange>
			<patrolList>	</patrolList>
			<lineNumber>	0	</lineNumber>
			<patrolPathNode>	</patrolPathNode>
			<actionDefaultName>	</actionDefaultName>
			<ownModelName>	</ownModelName>
		</properties>
	</entity_9>
	<entity_10>
		<stopLinkStation>	00000000.00000000.00000000.00000000	</stopLinkStation>
		<animation>	</animation>
		<animationEven>	</animationEven>
		<type>	MonsterSpawnPoint	</type>
		<transform>
			<row0>	0.006346 0.044707 -0.998939	</row0>
			<row1>	0.058558 0.997243 0.045005	</row1>
			<row2>	0.998217 -0.058778 0.003713	</row2>
			<row3>	-524.573730 28.298809 -496.282867	</row3>
		</transform>
		<clientOnly>	false	</clientOnly>
		<properties>
			<entityName>	20351007	</entityName>
			<rediviousTime>	30.000000	</rediviousTime>
			<rediviousTotal>	1	</rediviousTotal>
			<randomWalkRange>	5.000000	</randomWalkRange>
			<patrolList>	</patrolList>
			<lineNumber>	0	</lineNumber>
			<patrolPathNode>	</patrolPathNode>
			<actionDefaultName>	</actionDefaultName>
			<ownModelName>	</ownModelName>
		</properties>
	</entity_10>
	<entity_11>
		<stopLinkStation>	00000000.00000000.00000000.00000000	</stopLinkStation>
		<animation>	</animation>
		<animationEven>	</animationEven>
		<type>	MonsterSpawnPoint	</type>
		<transform>
			<row0>	0.504607 0.009326 -0.863251	</row0>
			<row1>	0.058558 0.997243 0.045005	</row1>
			<row2>	0.861306 -0.073257 0.502681	</row2>
			<row3>	-540.213562 32.753868 -499.924347	</row3>
		</transform>
		<clientOnly>	false	</clientOnly>
		<properties>
			<entityName>	20351007	</entityName>
			<rediviousTime>	30.000000	</rediviousTime>
			<rediviousTotal>	1	</rediviousTotal>
			<randomWalkRange>	5.000000	</randomWalkRange>
			<patrolList>	</patrolList>
			<lineNumber>	0	</lineNumber>
			<patrolPathNode>	</patrolPathNode>
			<actionDefaultName>	</actionDefaultName>
			<ownModelName>	</ownModelName>
		</properties>
	</entity_11>
	<entity_12>
		<stopLinkStation>	00000000.00000000.00000000.00000000	</stopLinkStation>
		<animation>	</animation>
		<animationEven>	</animationEven>
		<type>	MonsterSpawnPoint	</type>
		<transform>
			<row0>	-0.962565 0.068350 -0.262127	</row0>
			<row1>	0.058558 0.997243 0.045005	</row1>
			<row2>	0.264488 0.027976 -0.963930	</row2>
			<row3>	-513.673523 30.095684 -475.010620	</row3>
		</transform>
		<clientOnly>	false	</clientOnly>
		<properties>
			<entityName>	20351007	</entityName>
			<rediviousTime>	30.000000	</rediviousTime>
			<rediviousTotal>	1	</rediviousTotal>
			<randomWalkRange>	5.000000	</randomWalkRange>
			<patrolList>	</patrolList>
			<lineNumber>	0	</lineNumber>
			<patrolPathNode>	</patrolPathNode>
			<actionDefaultName>	</actionDefaultName>
			<ownModelName>	</ownModelName>
		</properties>
	</entity_12>
	<entity_13>
		<stopLinkStation>	00000000.00000000.00000000.00000000	</stopLinkStation>
		<animation>	</animation>
		<animationEven>	</animationEven>
		<type>	MonsterSpawnPoint	</type>
		<transform>
			<row0>	0.006344 0.044708 -0.998944	</row0>
			<row1>	0.058558 0.997247 0.045005	</row1>
			<row2>	0.998223 -0.058780 0.003712	</row2>
			<row3>	-520.832214 32.005821 -470.452118	</row3>
		</transform>
		<clientOnly>	false	</clientOnly>
		<properties>
			<entityName>	20351007	</entityName>
			<rediviousTime>	30.000000	</rediviousTime>
			<rediviousTotal>	1	</rediviousTotal>
			<randomWalkRange>	5.000000	</randomWalkRange>
			<patrolList>	</patrolList>
			<lineNumber>	0	</lineNumber>
			<patrolPathNode>	</patrolPathNode>
			<actionDefaultName>	</actionDefaultName>
			<ownModelName>	</ownModelName>
		</properties>
	</entity_13>
	<entity_14>
		<stopLinkStation>	00000000.00000000.00000000.00000000	</stopLinkStation>
		<animation>	</animation>
		<animationEven>	</animationEven>
		<type>	CollectPoint	</type>
		<transform>
			<row0>	1.000000 0.000000 0.000000	</row0>
			<row1>	0.000000 1.000000 0.000000	</row1>
			<row2>	0.000000 0.000000 1.000000	</row2>
			<row3>	-519.396973 32.339836 -465.228882	</row3>
		</transform>
		<clientOnly>	false	</clientOnly>
		<properties>
			<className>	30112045	</className>
			<rediviousTime>	1000.000000	</rediviousTime>
			<modelScale>	1.000000	</modelScale>
			<lineNumber>	0	</lineNumber>
			<patrolPathNode>	</patrolPathNode>
			<actionDefaultName>	</actionDefaultName>
			<ownModelName>	</ownModelName>
		</properties>
	</entity_14>
	<entity_15>
		<stopLinkStation>	00000000.00000000.00000000.00000000	</stopLinkStation>
		<animation>	</animation>
		<animationEven>	</animationEven>
		<type>	MonsterSpawnPoint	</type>
		<transform>
			<row0>	0.861318 -0.073263 0.502683	</row0>
			<row1>	0.058558 0.997244 0.045005	</row1>
			<row2>	-0.504608 -0.009323 0.863247	</row2>
			<row3>	-501.785522 42.156200 -353.951019	</row3>
		</transform>
		<clientOnly>	false	</clientOnly>
		<properties>
			<entityName>	20351007	</entityName>
			<rediviousTime>	30.000000	</rediviousTime>
			<rediviousTotal>	1	</rediviousTotal>
			<randomWalkRange>	5.000000	</randomWalkRange>
			<patrolList>	</patrolList>
			<lineNumber>	0	</lineNumber>
			<patrolPathNode>	</patrolPathNode>
			<actionDefaultName>	</actionDefaultName>
			<ownModelName>	</ownModelName>
		</properties>
	</entity_15>
	<entity_16>
		<stopLinkStation>	00000000.00000000.00000000.00000000	</stopLinkStation>
		<animation>	</animation>
		<animationEven>	</animationEven>
		<type>	MonsterSpawnPoint	</type>
		<transform>
			<row0>	0.962571 -0.068353 0.262129	</row0>
			<row1>	0.058558 0.997245 0.045005	</row1>
			<row2>	-0.264490 -0.027966 0.963936	</row2>
			<row3>	-512.193604 37.144482 -388.985718	</row3>
		</transform>
		<clientOnly>	false	</clientOnly>
		<properties>
			<entityName>	20351007	</entityName>
			<rediviousTime>	30.000000	</rediviousTime>
			<rediviousTotal>	1	</rediviousTotal>
			<randomWalkRange>	5.000000	</randomWalkRange>
			<patrolList>	</patrolList>
			<lineNumber>	0	</lineNumber>
			<patrolPathNode>	</patrolPathNode>
			<actionDefaultName>	</actionDefaultName>
			<ownModelName>	</ownModelName>
		</properties>
	</entity_16>
	<entity_17>
		<stopLinkStation>	00000000.00000000.00000000.00000000	</stopLinkStation>
		<animation>	</animation>
		<animationEven>	</animationEven>
		<type>	QuestBox	</type>
		<transform>
			<row0>	-0.320410 0.000000 0.947267	</row0>
			<row1>	0.000000 0.999994 0.000000	</row1>
			<row2>	-0.947267 0.000000 -0.320410	</row2>
			<row3>	-501.000977 43.578087 -340.623291	</row3>
		</transform>
		<clientOnly>	false	</clientOnly>
		<properties>
			<className>	30111290	</className>
			<rediviousTime>	5.000000	</rediviousTime>
			<modelScale>	1.000000	</modelScale>
			<patrolPathNode>	</patrolPathNode>
			<actionDefaultName>	</actionDefaultName>
			<ownModelName>	</ownModelName>
		</properties>
	</entity_17>
	<entity_18>
		<stopLinkStation>	00000000.00000000.00000000.00000000	</stopLinkStation>
		<animation>	</animation>
		<animationEven>	</animationEven>
		<type>	Creature	</type>
		<transform>
			<row0>	0.965922 0.000000 -0.258818	</row0>
			<row1>	0.000000 0.999996 0.000000	</row1>
			<row2>	0.258818 0.000000 0.965922	</row2>
			<row3>	-515.098267 66.381538 -11.324295	</row3>
		</transform>
		<clientOnly>	true	</clientOnly>
		<properties>
			<modelNumber>	cr0002	</modelNumber>
			<modelScale>	1.000000	</modelScale>
			<walkSpeed>	3.000000	</walkSpeed>
			<runSpeed>	5.000000	</runSpeed>
			<radius>	8.000000	</radius>
			<patrolList>	</patrolList>
			<patrolPathNode>	</patrolPathNode>
			<actionDefaultName>	</actionDefaultName>
			<ownModelName>	</ownModelName>
		</properties>
	</entity_18>
	<entity_19>
		<stopLinkStation>	00000000.00000000.00000000.00000000	</stopLinkStation>
		<animation>	</animation>
		<animationEven>	</animationEven>
		<type>	NPCSpawnPoint	</type>
		<transform>
			<row0>	0.511462 0.105816 -0.852752	</row0>
			<row1>	-0.156265 0.987286 0.028787	</row1>
			<row2>	0.844966 0.118535 0.521500	</row2>
			<row3>	-503.660339 66.622040 -50.548428	</row3>
		</transform>
		<clientOnly>	false	</clientOnly>
		<properties>
			<entityName>	10111424	</entityName>
			<rediviousTime>	30.000000	</rediviousTime>
			<rediviousTotal>	1	</rediviousTotal>
			<randomWalkRange>	3.000000	</randomWalkRange>
			<patrolList>	</patrolList>
			<lineNumber>	0	</lineNumber>
			<patrolPathNode>	</patrolPathNode>
			<actionDefaultName>	</actionDefaultName>
			<ownModelName>	</ownModelName>
		</properties>
	</entity_19>
	<entity_20>
		<stopLinkStation>	00000000.00000000.00000000.00000000	</stopLinkStation>
		<animation>	</animation>
		<animationEven>	</animationEven>
		<type>	MonsterSpawnPoint	</type>
		<transform>
			<row0>	-0.965852 0.045207 0.254963	</row0>
			<row1>	0.058558 0.997245 0.045005	</row1>
			<row2>	-0.252230 0.058401 -0.965857	</row2>
			<row3>	-529.312744 66.203049 -3.629028	</row3>
		</transform>
		<clientOnly>	false	</clientOnly>
		<properties>
			<entityName>	20141007	</entityName>
			<rediviousTime>	30.000000	</rediviousTime>
			<rediviousTotal>	1	</rediviousTotal>
			<randomWalkRange>	5.000000	</randomWalkRange>
			<patrolList>	</patrolList>
			<lineNumber>	0	</lineNumber>
			<patrolPathNode>	</patrolPathNode>
			<actionDefaultName>	</actionDefaultName>
			<ownModelName>	</ownModelName>
		</properties>
	</entity_20>
	<entity_21>
		<stopLinkStation>	00000000.00000000.00000000.00000000	</stopLinkStation>
		<animation>	</animation>
		<animationEven>	</animationEven>
		<type>	MonsterSpawnPoint	</type>
		<transform>
			<row0>	0.965850 -0.045210 -0.254961	</row0>
			<row1>	0.058558 0.997245 0.045005	</row1>
			<row2>	0.252229 -0.058397 0.965855	</row2>
			<row3>	-530.501709 66.132736 -12.406433	</row3>
		</transform>
		<clientOnly>	false	</clientOnly>
		<properties>
			<entityName>	20141007	</entityName>
			<rediviousTime>	30.000000	</rediviousTime>
			<rediviousTotal>	1	</rediviousTotal>
			<randomWalkRange>	5.000000	</randomWalkRange>
			<patrolList>	</patrolList>
			<lineNumber>	0	</lineNumber>
			<patrolPathNode>	</patrolPathNode>
			<actionDefaultName>	</actionDefaultName>
			<ownModelName>	</ownModelName>
		</properties>
	</entity_21>
	<entity_22>
		<stopLinkStation>	00000000.00000000.00000000.00000000	</stopLinkStation>
		<animation>	</animation>
		<animationEven>	</animationEven>
		<type>	MonsterSpawnPoint	</type>
		<transform>
			<row0>	-0.861315 0.073261 -0.502681	</row0>
			<row1>	0.058558 0.997245 0.045005	</row1>
			<row2>	0.504604 0.009329 -0.863248	</row2>
			<row3>	-528.180908 66.310471 -23.964539	</row3>
		</transform>
		<clientOnly>	false	</clientOnly>
		<properties>
			<entityName>	20141007	</entityName>
			<rediviousTime>	30.000000	</rediviousTime>
			<rediviousTotal>	1	</rediviousTotal>
			<randomWalkRange>	5.000000	</randomWalkRange>
			<patrolList>	</patrolList>
			<lineNumber>	0	</lineNumber>
			<patrolPathNode>	</patrolPathNode>
			<actionDefaultName>	</actionDefaultName>
			<ownModelName>	</ownModelName>
		</properties>
	</entity_22>
	<entity_23>
		<stopLinkStation>	00000000.00000000.00000000.00000000	</stopLinkStation>
		<animation>	</animation>
		<animationEven>	</animationEven>
		<type>	MonsterSpawnPoint	</type>
		<transform>
			<row0>	0.264487 0.027971 -0.963942	</row0>
			<row1>	0.058558 0.997245 0.045005	</row1>
			<row2>	0.962563 -0.068350 0.262126	</row2>
			<row3>	-518.594055 66.751877 -35.126129	</row3>
		</transform>
		<clientOnly>	false	</clientOnly>
		<properties>
			<entityName>	20141007	</entityName>
			<rediviousTime>	30.000000	</rediviousTime>
			<rediviousTotal>	1	</rediviousTotal>
			<randomWalkRange>	5.000000	</randomWalkRange>
			<patrolList>	</patrolList>
			<lineNumber>	0	</lineNumber>
			<patrolPathNode>	</patrolPathNode>
			<actionDefaultName>	</actionDefaultName>
			<ownModelName>	</ownModelName>
		</properties>
	</entity_23>
	<entity_24>
		<stopLinkStation>	00000000.00000000.00000000.00000000	</stopLinkStation>
		<animation>	</animation>
		<animationEven>	</animationEven>
		<type>	MonsterSpawnPoint	</type>
		<transform>
			<row0>	0.710336 -0.009952 -0.703734	</row0>
			<row1>	0.058558 0.997245 0.045005	</row1>
			<row2>	0.701361 -0.073178 0.708976	</row2>
			<row3>	-501.642273 67.773361 -27.781113	</row3>
		</transform>
		<clientOnly>	false	</clientOnly>
		<properties>
			<entityName>	20141007	</entityName>
			<rediviousTime>	30.000000	</rediviousTime>
			<rediviousTotal>	1	</rediviousTotal>
			<randomWalkRange>	5.000000	</randomWalkRange>
			<patrolList>	</patrolList>
			<lineNumber>	0	</lineNumber>
			<patrolPathNode>	</patrolPathNode>
			<actionDefaultName>	</actionDefaultName>
			<ownModelName>	</ownModelName>
		</properties>
	</entity_24>
	<entity_25>
		<stopLinkStation>	00000000.00000000.00000000.00000000	</stopLinkStation>
		<animation>	</animation>
		<animationEven>	</animationEven>
		<type>	Creature	</type>
		<transform>
			<row0>	-0.866016 0.000000 -0.499994	</row0>
			<row1>	0.000000 0.999993 0.000000	</row1>
			<row2>	0.499994 0.000000 -0.866016	</row2>
			<row3>	-535.032104 67.033104 62.920574	</row3>
		</transform>
		<clientOnly>	true	</clientOnly>
		<properties>
			<modelNumber>	cr0009	</modelNumber>
			<modelScale>	1.000000	</modelScale>
			<walkSpeed>	3.000000	</walkSpeed>
			<runSpeed>	5.000000	</runSpeed>
			<radius>	8.000000	</radius>
			<patrolList>	</patrolList>
			<patrolPathNode>	</patrolPathNode>
			<actionDefaultName>	</actionDefaultName>
			<ownModelName>	</ownModelName>
		</properties>
	</entity_25>
	<entity_26>
		<stopLinkStation>	00000000.00000000.00000000.00000000	</stopLinkStation>
		<animation>	</animation>
		<animationEven>	</animationEven>
		<type>	QuestBox	</type>
		<transform>
			<row0>	0.554662 0.000000 -0.832062	</row0>
			<row1>	0.000000 0.999994 0.000000	</row1>
			<row2>	0.832062 0.000000 0.554662	</row2>
			<row3>	-528.267944 67.181541 4.808064	</row3>
		</transform>
		<clientOnly>	false	</clientOnly>
		<properties>
			<className>	30112153	</className>
			<rediviousTime>	5.000000	</rediviousTime>
			<modelScale>	1.000000	</modelScale>
			<patrolPathNode>	</patrolPathNode>
			<actionDefaultName>	</actionDefaultName>
			<ownModelName>	</ownModelName>
		</properties>
	</entity_26>
	<entity_27>
		<stopLinkStation>	00000000.00000000.00000000.00000000	</stopLinkStation>
		<animation>	</animation>
		<animationEven>	</animationEven>
		<type>	MonsterSpawnPoint	</type>
		<transform>
			<row0>	-0.861315 0.073261 -0.502681	</row0>
			<row1>	0.058558 0.997245 0.045005	</row1>
			<row2>	0.504604 0.009329 -0.863248	</row2>
			<row3>	-528.935913 67.999901 11.710629	</row3>
		</transform>
		<clientOnly>	false	</clientOnly>
		<properties>
			<entityName>	20132013	</entityName>
			<rediviousTime>	30.000000	</rediviousTime>
			<rediviousTotal>	1	</rediviousTotal>
			<randomWalkRange>	5.000000	</randomWalkRange>
			<patrolList>	</patrolList>
			<lineNumber>	0	</lineNumber>
			<patrolPathNode>	</patrolPathNode>
			<actionDefaultName>	</actionDefaultName>
			<ownModelName>	</ownModelName>
		</properties>
	</entity_27>
	<entity_28>
		<stopLinkStation>	00000000.00000000.00000000.00000000	</stopLinkStation>
		<animation>	</animation>
		<animationEven>	</animationEven>
		<type>	MonsterSpawnPoint	</type>
		<transform>
			<row0>	0.264487 0.027970 -0.963940	</row0>
			<row1>	0.058558 0.997245 0.045005	</row1>
			<row2>	0.962561 -0.068349 0.262126	</row2>
			<row3>	-528.825317 67.015526 72.769615	</row3>
		</transform>
		<clientOnly>	false	</clientOnly>
		<properties>
			<entityName>	20141007	</entityName>
			<rediviousTime>	30.000000	</rediviousTime>
			<rediviousTotal>	1	</rediviousTotal>
			<randomWalkRange>	5.000000	</randomWalkRange>
			<patrolList>	</patrolList>
			<lineNumber>	0	</lineNumber>
			<patrolPathNode>	</patrolPathNode>
			<actionDefaultName>	</actionDefaultName>
			<ownModelName>	</ownModelName>
		</properties>
	</entity_28>
	<entity_29>
		<stopLinkStation>	00000000.00000000.00000000.00000000	</stopLinkStation>
		<animation>	</animation>
		<animationEven>	</animationEven>
		<type>	MonsterSpawnPoint	</type>
		<transform>
			<row0>	0.965849 -0.045209 -0.254962	</row0>
			<row1>	0.058558 0.997245 0.045005	</row1>
			<row2>	0.252228 -0.058397 0.965854	</row2>
			<row3>	-518.449829 64.470604 53.070183	</row3>
		</transform>
		<clientOnly>	false	</clientOnly>
		<properties>
			<entityName>	20141007	</entityName>
			<rediviousTime>	30.000000	</rediviousTime>
			<rediviousTotal>	1	</rediviousTotal>
			<randomWalkRange>	5.000000	</randomWalkRange>
			<patrolList>	</patrolList>
			<lineNumber>	0	</lineNumber>
			<patrolPathNode>	</patrolPathNode>
			<actionDefaultName>	</actionDefaultName>
			<ownModelName>	</ownModelName>
		</properties>
	</entity_29>
	<entity_30>
		<stopLinkStation>	00000000.00000000.00000000.00000000	</stopLinkStation>
		<animation>	</animation>
		<animationEven>	</animationEven>
		<type>	NPCSpawnPoint	</type>
		<transform>
			<row0>	-0.851260 -0.052244 -0.522113	</row0>
			<row1>	-0.004667 0.995735 -0.092026	</row1>
			<row2>	0.524700 -0.075900 -0.847883	</row2>
			<row3>	-518.315002 66.279198 90.050377	</row3>
		</transform>
		<clientOnly>	false	</clientOnly>
		<properties>
			<entityName>	10111425	</entityName>
			<rediviousTime>	86400.000000	</rediviousTime>
			<rediviousTotal>	1	</rediviousTotal>
			<randomWalkRange>	3.000000	</randomWalkRange>
			<patrolList>	</patrolList>
			<lineNumber>	0	</lineNumber>
			<patrolPathNode>	</patrolPathNode>
			<actionDefaultName>	</actionDefaultName>
			<ownModelName>	</ownModelName>
		</properties>
	</entity_30>
	<entity_31>
		<stopLinkStation>	00000000.00000000.00000000.00000000	</stopLinkStation>
		<animation>	</animation>
		<animationEven>	</animationEven>
		<type>	MonsterSpawnPoint	</type>
		<transform>
			<row0>	0.965850 -0.045210 -0.254962	</row0>
			<row1>	0.058558 0.997245 0.045005	</row1>
			<row2>	0.252229 -0.058397 0.965855	</row2>
			<row3>	-504.255310 64.273361 92.125046	</row3>
		</transform>
		<clientOnly>	false	</clientOnly>
		<properties>
			<entityName>	20141007	</entityName>
			<rediviousTime>	30.000000	</rediviousTime>
			<rediviousTotal>	1	</rediviousTotal>
			<randomWalkRange>	5.000000	</randomWalkRange>
			<patrolList>	</patrolList>
			<lineNumber>	0	</lineNumber>
			<patrolPathNode>	</patrolPathNode>
			<actionDefaultName>	</actionDefaultName>
			<ownModelName>	</ownModelName>
		</properties>
	</entity_31>
	<entity_32>
		<stopLinkStation>	00000000.00000000.00000000.00000000	</stopLinkStation>
		<animation>	</animation>
		<animationEven>	</animationEven>
		<type>	MonsterSpawnPoint	</type>
		<transform>
			<row0>	0.998221 -0.058784 0.003709	</row0>
			<row1>	0.058558 0.997245 0.045005	</row1>
			<row2>	-0.006345 -0.044706 0.998932	</row2>
			<row3>	-530.832153 67.005783 61.901268	</row3>
		</transform>
		<clientOnly>	false	</clientOnly>
		<properties>
			<entityName>	20141007	</entityName>
			<rediviousTime>	30.000000	</rediviousTime>
			<rediviousTotal>	1	</rediviousTotal>
			<randomWalkRange>	5.000000	</randomWalkRange>
			<patrolList>	</patrolList>
			<lineNumber>	0	</lineNumber>
			<patrolPathNode>	</patrolPathNode>
			<actionDefaultName>	</actionDefaultName>
			<ownModelName>	</ownModelName>
		</properties>
	</entity_32>
	<entity_33>
		<stopLinkStation>	00000000.00000000.00000000.00000000	</stopLinkStation>
		<animation>	</animation>
		<animationEven>	</animationEven>
		<type>	MonsterSpawnPoint	</type>
		<transform>
			<row0>	-0.252231 0.058398 -0.965860	</row0>
			<row1>	0.058558 0.997245 0.045005	</row1>
			<row2>	0.965846 -0.045206 -0.254960	</row2>
			<row3>	-527.218262 66.320236 33.486301	</row3>
		</transform>
		<clientOnly>	false	</clientOnly>
		<properties>
			<entityName>	20141007	</entityName>
			<rediviousTime>	30.000000	</rediviousTime>
			<rediviousTotal>	1	</rediviousTotal>
			<randomWalkRange>	5.000000	</randomWalkRange>
			<patrolList>	</patrolList>
			<lineNumber>	0	</lineNumber>
			<patrolPathNode>	</patrolPathNode>
			<actionDefaultName>	</actionDefaultName>
			<ownModelName>	</ownModelName>
		</properties>
	</entity_33>
	<entity_34>
		<stopLinkStation>	00000000.00000000.00000000.00000000	</stopLinkStation>
		<animation>	</animation>
		<animationEven>	</animationEven>
		<type>	MonsterSpawnPoint	</type>
		<transform>
			<row0>	0.504605 0.009326 -0.863251	</row0>
			<row1>	0.058558 0.997245 0.045005	</row1>
			<row2>	0.861309 -0.073259 0.502679	</row2>
			<row3>	-516.755554 64.851486 21.329403	</row3>
		</transform>
		<clientOnly>	false	</clientOnly>
		<properties>
			<entityName>	20141007	</entityName>
			<rediviousTime>	30.000000	</rediviousTime>
			<rediviousTotal>	1	</rediviousTotal>
			<randomWalkRange>	5.000000	</randomWalkRange>
			<patrolList>	</patrolList>
			<lineNumber>	0	</lineNumber>
			<patrolPathNode>	</patrolPathNode>
			<actionDefaultName>	</actionDefaultName>
			<ownModelName>	</ownModelName>
		</properties>
	</entity_34>
	<entity_35>
		<stopLinkStation>	00000000.00000000.00000000.00000000	</stopLinkStation>
		<animation>	</animation>
		<animationEven>	</animationEven>
		<type>	CollectPoint	</type>
		<transform>
			<row0>	1.000000 0.000000 0.000000	</row0>
			<row1>	0.000000 1.000000 0.000000	</row1>
			<row2>	0.000000 0.000000 1.000000	</row2>
			<row3>	-533.267090 69.064438 95.475121	</row3>
		</transform>
		<clientOnly>	false	</clientOnly>
		<properties>
			<className>	30112065	</className>
			<rediviousTime>	1000.000000	</rediviousTime>
			<modelScale>	1.000000	</modelScale>
			<lineNumber>	0	</lineNumber>
			<patrolPathNode>	</patrolPathNode>
			<actionDefaultName>	</actionDefaultName>
			<ownModelName>	</ownModelName>
		</properties>
	</entity_35>
	<entity_36>
		<stopLinkStation>	00000000.00000000.00000000.00000000	</stopLinkStation>
		<animation>	</animation>
		<animationEven>	</animationEven>
		<type>	MonsterSpawnPoint	</type>
		<transform>
			<row0>	0.006340 0.044707 -0.998908	</row0>
			<row1>	0.058558 0.997227 0.045005	</row1>
			<row2>	0.998186 -0.058780 0.003707	</row2>
			<row3>	-521.723755 130.187302 479.713440	</row3>
		</transform>
		<clientOnly>	false	</clientOnly>
		<properties>
			<entityName>	20111011	</entityName>
			<rediviousTime>	30.000000	</rediviousTime>
			<rediviousTotal>	1	</rediviousTotal>
			<randomWalkRange>	5.000000	</randomWalkRange>
			<patrolList>	</patrolList>
			<lineNumber>	0	</lineNumber>
			<patrolPathNode>	</patrolPathNode>
			<actionDefaultName>	</actionDefaultName>
			<ownModelName>	</ownModelName>
		</properties>
	</entity_36>
	<entity_37>
		<stopLinkStation>	00000000.00000000.00000000.00000000	</stopLinkStation>
		<animation>	</animation>
		<animationEven>	</animationEven>
		<type>	QuestBox	</type>
		<transform>
			<row0>	0.320410 0.000000 -0.947269	</row0>
			<row1>	0.000000 0.999995 0.000000	</row1>
			<row2>	0.947269 0.000000 0.320410	</row2>
			<row3>	-515.505981 130.087708 486.456177	</row3>
		</transform>
		<clientOnly>	false	</clientOnly>
		<properties>
			<className>	30112132	</className>
			<rediviousTime>	5.000000	</rediviousTime>
			<modelScale>	1.000000	</modelScale>
			<patrolPathNode>	</patrolPathNode>
			<actionDefaultName>	</actionDefaultName>
			<ownModelName>	</ownModelName>
		</properties>
	</entity_37>
	<entity_38>
		<stopLinkStation>	00000000.00000000.00000000.00000000	</stopLinkStation>
		<animation>	</animation>
		<animationEven>	</animationEven>
		<type>	MonsterSpawnPoint	</type>
		<transform>
			<row0>	0.861289 -0.073262 0.502662	</row0>
			<row1>	0.058558 0.997228 0.045005	</row1>
			<row2>	-0.504586 -0.009326 0.863221	</row2>
			<row3>	-506.030701 127.804611 470.098572	</row3>
		</transform>
		<clientOnly>	false	</clientOnly>
		<properties>
			<entityName>	20112012	</entityName>
			<rediviousTime>	300.000000	</rediviousTime>
			<rediviousTotal>	1	</rediviousTotal>
			<randomWalkRange>	8.000000	</randomWalkRange>
			<patrolList>	</patrolList>
			<lineNumber>	0	</lineNumber>
			<patrolPathNode>	</patrolPathNode>
			<actionDefaultName>	</actionDefaultName>
			<ownModelName>	</ownModelName>
		</properties>
	</entity_38>
	<entity_39>
		<stopLinkStation>	00000000.00000000.00000000.00000000	</stopLinkStation>
		<animation>	</animation>
		<animationEven>	</animationEven>
		<type>	MonsterSpawnPoint	</type>
		<transform>
			<row0>	0.710311 -0.009953 -0.703714	</row0>
			<row1>	0.058558 0.997227 0.045005	</row1>
			<row2>	0.701338 -0.073177 0.708951	</row2>
			<row3>	-511.201233 129.796722 496.255371	</row3>
		</transform>
		<clientOnly>	false	</clientOnly>
		<properties>
			<entityName>	20111011	</entityName>
			<rediviousTime>	30.000000	</rediviousTime>
			<rediviousTotal>	1	</rediviousTotal>
			<randomWalkRange>	5.000000	</randomWalkRange>
			<patrolList>	</patrolList>
			<lineNumber>	0	</lineNumber>
			<patrolPathNode>	</patrolPathNode>
			<actionDefaultName>	</actionDefaultName>
			<ownModelName>	</ownModelName>
		</properties>
	</entity_39>
	<entity_40>
		<stopLinkStation>	00000000.00000000.00000000.00000000	</stopLinkStation>
		<animation>	</animation>
		<animationEven>	</animationEven>
		<type>	MonsterSpawnPoint	</type>
		<transform>
			<row0>	-0.006340 -0.044709 0.998906	</row0>
			<row1>	0.058558 0.997228 0.045005	</row1>
			<row2>	-0.998186 0.058782 -0.003707	</row2>
			<row3>	-524.032349 131.472458 562.782837	</row3>
		</transform>
		<clientOnly>	false	</clientOnly>
		<properties>
			<entityName>	20111011	</entityName>
			<rediviousTime>	30.000000	</rediviousTime>
			<rediviousTotal>	1	</rediviousTotal>
			<randomWalkRange>	5.000000	</randomWalkRange>
			<patrolList>	</patrolList>
			<lineNumber>	0	</lineNumber>
			<patrolPathNode>	</patrolPathNode>
			<actionDefaultName>	</actionDefaultName>
			<ownModelName>	</ownModelName>
		</properties>
	</entity_40>
	<entity_41>
		<stopLinkStation>	00000000.00000000.00000000.00000000	</stopLinkStation>
		<animation>	</animation>
		<animationEven>	</animationEven>
		<type>	MonsterSpawnPoint	</type>
		<transform>
			<row0>	-0.710310 0.009951 0.703714	</row0>
			<row1>	0.058558 0.997228 0.045005	</row1>
			<row2>	-0.701339 0.073179 -0.708952	</row2>
			<row3>	-541.594604 132.382614 531.413330	</row3>
		</transform>
		<clientOnly>	false	</clientOnly>
		<properties>
			<entityName>	20111011	</entityName>
			<rediviousTime>	30.000000	</rediviousTime>
			<rediviousTotal>	1	</rediviousTotal>
			<randomWalkRange>	5.000000	</randomWalkRange>
			<patrolList>	</patrolList>
			<lineNumber>	0	</lineNumber>
			<patrolPathNode>	</patrolPathNode>
			<actionDefaultName>	</actionDefaultName>
			<ownModelName>	</ownModelName>
		</properties>
	</entity_41>
	<entity_42>
		<stopLinkStation>	00000000.00000000.00000000.00000000	</stopLinkStation>
		<animation>	</animation>
		<animationEven>	</animationEven>
		<type>	NPCSpawnPoint	</type>
		<transform>
			<row0>	0.716527 0.000000 0.697549	</row0>
			<row1>	0.000000 0.999994 0.000000	</row1>
			<row2>	-0.697549 0.000000 0.716527	</row2>
			<row3>	-550.283691 133.165817 562.060181	</row3>
		</transform>
		<clientOnly>	false	</clientOnly>
		<properties>
			<entityName>	10111446	</entityName>
			<rediviousTime>	86400.000000	</rediviousTime>
			<rediviousTotal>	1	</rediviousTotal>
			<randomWalkRange>	3.000000	</randomWalkRange>
			<patrolList>	</patrolList>
			<lineNumber>	0	</lineNumber>
			<patrolPathNode>	</patrolPathNode>
			<actionDefaultName>	</actionDefaultName>
			<ownModelName>	</ownModelName>
		</properties>
	</entity_42>
	<entity_43>
		<stopLinkStation>	00000000.00000000.00000000.00000000	</stopLinkStation>
		<animation>	</animation>
		<animationEven>	</animationEven>
		<type>	QuestBox	</type>
		<transform>
			<row0>	-0.499998 0.000000 0.866023	</row0>
			<row1>	0.000000 0.999998 0.000000	</row1>
			<row2>	-0.866023 0.000000 -0.499998	</row2>
			<row3>	-529.103760 131.829880 523.628784	</row3>
		</transform>
		<clientOnly>	false	</clientOnly>
		<properties>
			<className>	30112148	</className>
			<rediviousTime>	5.000000	</rediviousTime>
			<modelScale>	1.000000	</modelScale>
			<patrolPathNode>	</patrolPathNode>
			<actionDefaultName>	</actionDefaultName>
			<ownModelName>	</ownModelName>
		</properties>
	</entity_43>
	<entity_44>
		<stopLinkStation>	00000000.00000000.00000000.00000000	</stopLinkStation>
		<animation>	</animation>
		<animationEven>	</animationEven>
		<type>	MonsterSpawnPoint	</type>
		<transform>
			<row0>	0.701343 -0.073180 0.708953	</row0>
			<row1>	0.058558 0.997227 0.045005	</row1>
			<row2>	-0.710308 0.009952 0.703707	</row2>
			<row3>	-538.159851 132.083832 508.015167	</row3>
		</transform>
		<clientOnly>	false	</clientOnly>
		<properties>
			<entityName>	20111011	</entityName>
			<rediviousTime>	30.000000	</rediviousTime>
			<rediviousTotal>	1	</rediviousTotal>
			<randomWalkRange>	5.000000	</randomWalkRange>
			<patrolList>	</patrolList>
			<lineNumber>	0	</lineNumber>
			<patrolPathNode>	</patrolPathNode>
			<actionDefaultName>	</actionDefaultName>
			<ownModelName>	</ownModelName>
		</properties>
	</entity_44>
	<entity_45>
		<stopLinkStation>	00000000.00000000.00000000.00000000	</stopLinkStation>
		<animation>	</animation>
		<animationEven>	</animationEven>
		<type>	MonsterSpawnPoint	</type>
		<transform>
			<row0>	0.252226 -0.058400 0.965828	</row0>
			<row1>	0.058558 0.997227 0.045005	</row1>
			<row2>	-0.965812 0.045208 0.254953	</row2>
			<row3>	-522.346130 131.554535 530.801270	</row3>
		</transform>
		<clientOnly>	false	</clientOnly>
		<properties>
			<entityName>	20111011	</entityName>
			<rediviousTime>	30.000000	</rediviousTime>
			<rediviousTotal>	1	</rediviousTotal>
			<randomWalkRange>	5.000000	</randomWalkRange>
			<patrolList>	</patrolList>
			<lineNumber>	0	</lineNumber>
			<patrolPathNode>	</patrolPathNode>
			<actionDefaultName>	</actionDefaultName>
			<ownModelName>	</ownModelName>
		</properties>
	</entity_45>
	<entity_46>
		<stopLinkStation>	00000000.00000000.00000000.00000000	</stopLinkStation>
		<animation>	</animation>
		<animationEven>	</animationEven>
		<type>	MonsterSpawnPoint	</type>
		<transform>
			<row0>	0.264474 0.027971 -0.963909	</row0>
			<row1>	0.058558 0.997228 0.045005	</row1>
			<row2>	0.962532 -0.068350 0.262116	</row2>
			<row3>	-526.250427 132.029144 542.534790	</row3>
		</transform>
		<clientOnly>	false	</clientOnly>
		<properties>
			<entityName>	20111011	</entityName>
			<rediviousTime>	30.000000	</rediviousTime>
			<rediviousTotal>	1	</rediviousTotal>
			<randomWalkRange>	5.000000	</randomWalkRange>
			<patrolList>	</patrolList>
			<lineNumber>	0	</lineNumber>
			<patrolPathNode>	</patrolPathNode>
			<actionDefaultName>	</actionDefaultName>
			<ownModelName>	</ownModelName>
		</properties>
	</entity_46>
	<entity_47>
		<stopLinkStation>	00000000.00000000.00000000.00000000	</stopLinkStation>
		<animation>	</animation>
		<animationEven>	</animationEven>
		<type>	MonsterSpawnPoint	</type>
		<transform>
			<row0>	0.504585 0.009328 -0.863224	</row0>
			<row1>	0.058558 0.997228 0.045005	</row1>
			<row2>	0.861283 -0.073260 0.502662	</row2>
			<row3>	-502.300781 131.888519 559.423950	</row3>
		</transform>
		<clientOnly>	false	</clientOnly>
		<properties>
			<entityName>	20111011	</entityName>
			<rediviousTime>	30.000000	</rediviousTime>
			<rediviousTotal>	1	</rediviousTotal>
			<randomWalkRange>	5.000000	</randomWalkRange>
			<patrolList>	</patrolList>
			<lineNumber>	0	</lineNumber>
			<patrolPathNode>	</patrolPathNode>
			<actionDefaultName>	</actionDefaultName>
			<ownModelName>	</ownModelName>
		</properties>
	</entity_47>
	<entity_48>
		<stopLinkStation>	00000000.00000000.00000000.00000000	</stopLinkStation>
		<animation>	</animation>
		<animationEven>	</animationEven>
		<type>	MonsterSpawnPoint	</type>
		<transform>
			<row0>	0.710309 -0.009951 -0.703712	</row0>
			<row1>	0.058558 0.997228 0.045005	</row1>
			<row2>	0.701339 -0.073178 0.708952	</row2>
			<row3>	-549.412842 131.238129 517.070313	</row3>
		</transform>
		<clientOnly>	false	</clientOnly>
		<properties>
			<entityName>	20111011	</entityName>
			<rediviousTime>	30.000000	</rediviousTime>
			<rediviousTotal>	1	</rediviousTotal>
			<randomWalkRange>	5.000000	</randomWalkRange>
			<patrolList>	</patrolList>
			<lineNumber>	0	</lineNumber>
			<patrolPathNode>	</patrolPathNode>
			<actionDefaultName>	</actionDefaultName>
			<ownModelName>	</ownModelName>
		</properties>
	</entity_48>
	<entity_49>
		<stopLinkStation>	00000000.00000000.00000000.00000000	</stopLinkStation>
		<animation>	</animation>
		<animationEven>	</animationEven>
		<type>	MonsterSpawnPoint	</type>
		<transform>
			<row0>	0.998190 -0.058783 0.003705	</row0>
			<row1>	0.058558 0.997227 0.045005	</row1>
			<row2>	-0.006343 -0.044707 0.998900	</row2>
			<row3>	-523.723450 131.605316 511.028412	</row3>
		</transform>
		<clientOnly>	false	</clientOnly>
		<properties>
			<entityName>	20111011	</entityName>
