<root>
	<entity_1>
		<stopLinkStation>	00000000.00000000.00000000.00000000	</stopLinkStation>
		<animation>	</animation>
		<animationEven>	</animationEven>
		<type>	SpaceDoor	</type>
		<transform>
			<row0>	0.999999 0.000000 0.000000	</row0>
			<row1>	0.000000 0.999999 0.000000	</row1>
			<row2>	0.000000 0.000000 0.999999	</row2>
			<row3>	-64.492371 38.839470 16.285681	</row3>
		</transform>
		<clientOnly>	false	</clientOnly>
		<properties>
			<className>	</className>
			<useRectangle>	1	</useRectangle>
			<radius>	0.000000	</radius>
			<volume>	1.000000 6.000000 6.300000	</volume>
			<modelNumber>	gw7123	</modelNumber>
			<modelScale>	50.000000	</modelScale>
			<destSpace>	liu_wang_mu_002	</destSpace>
			<description>	</description>
			<uname>	</uname>
			<opentime>	</opentime>
			<nickname>	</nickname>
			<destPosition>	40.533001 15.164000 134.815002	</destPosition>
			<destDirection>	0.000000 180.000000 0.000000	</destDirection>
			<patrolPathNode>	</patrolPathNode>
			<actionDefaultName>	</actionDefaultName>
			<ownModelName>	</ownModelName>
		</properties>
	</entity_1>
	<entity_2>
		<stopLinkStation>	00000000.00000000.00000000.00000000	</stopLinkStation>
		<animation>	</animation>
		<animationEven>	</animationEven>
		<type>	MonsterSpawnPoint	</type>
		<transform>
			<row0>	0.258820 0.000000 0.965919	</row0>
			<row1>	0.000000 0.999999 0.000000	</row1>
			<row2>	-0.965919 0.000000 0.258820	</row2>
			<row3>	-47.721630 38.632641 5.546532	</row3>
		</transform>
		<clientOnly>	false	</clientOnly>
		<properties>
			<entityName>	20721004	</entityName>
			<rediviousTime>	15.000000	</rediviousTime>
			<rediviousTotal>	1	</rediviousTotal>
			<randomWalkRange>	3.000000	</randomWalkRange>
			<patrolList>	</patrolList>
			<lineNumber>	0	</lineNumber>
			<patrolPathNode>	</patrolPathNode>
			<actionDefaultName>	</actionDefaultName>
			<ownModelName>	</ownModelName>
		</properties>
	</entity_2>
	<entity_3>
		<stopLinkStation>	00000000.00000000.00000000.00000000	</stopLinkStation>
		<animation>	</animation>
		<animationEven>	</animationEven>
		<type>	MonsterSpawnPoint	</type>
		<transform>
			<row0>	0.000001 0.000000 0.999995	</row0>
			<row1>	0.000000 0.999999 0.000000	</row1>
			<row2>	-0.999995 0.000000 0.000001	</row2>
			<row3>	-34.149017 38.632637 7.409885	</row3>
		</transform>
		<clientOnly>	false	</clientOnly>
		<properties>
			<entityName>	20721004	</entityName>
			<rediviousTime>	15.000000	</rediviousTime>
			<rediviousTotal>	1	</rediviousTotal>
			<randomWalkRange>	3.000000	</randomWalkRange>
			<patrolList>	</patrolList>
			<lineNumber>	0	</lineNumber>
			<patrolPathNode>	</patrolPathNode>
			<actionDefaultName>	</actionDefaultName>
			<ownModelName>	</ownModelName>
		</properties>
	</entity_3>
	<entity_4>
		<stopLinkStation>	00000000.00000000.00000000.00000000	</stopLinkStation>
		<animation>	</animation>
		<animationEven>	</animationEven>
		<type>	MonsterSpawnPoint	</type>
		<transform>
			<row0>	-0.965923 0.000000 -0.258817	</row0>
			<row1>	0.000000 0.999999 0.000000	</row1>
			<row2>	0.258817 0.000000 -0.965923	</row2>
			<row3>	-34.104858 38.632633 22.848236	</row3>
		</transform>
		<clientOnly>	false	</clientOnly>
		<properties>
			<entityName>	20721004	</entityName>
			<rediviousTime>	15.000000	</rediviousTime>
			<rediviousTotal>	1	</rediviousTotal>
			<randomWalkRange>	3.000000	</randomWalkRange>
			<patrolList>	</patrolList>
			<lineNumber>	0	</lineNumber>
			<patrolPathNode>	</patrolPathNode>
			<actionDefaultName>	</actionDefaultName>
			<ownModelName>	</ownModelName>
		</properties>
	</entity_4>
	<entity_5>
		<stopLinkStation>	00000000.00000000.00000000.00000000	</stopLinkStation>
		<animation>	</animation>
		<animationEven>	</animationEven>
		<type>	MonsterSpawnPoint	</type>
		<transform>
			<row0>	0.866019 0.000000 -0.499999	</row0>
			<row1>	0.000000 0.999999 0.000000	</row1>
			<row2>	0.499999 0.000000 0.866019	</row2>
			<row3>	-54.870724 38.632641 23.640265	</row3>
		</transform>
		<clientOnly>	false	</clientOnly>
		<properties>
			<entityName>	20721004	</entityName>
			<rediviousTime>	15.000000	</rediviousTime>
			<rediviousTotal>	1	</rediviousTotal>
			<randomWalkRange>	3.000000	</randomWalkRange>
			<patrolList>	</patrolList>
			<lineNumber>	0	</lineNumber>
			<patrolPathNode>	</patrolPathNode>
			<actionDefaultName>	</actionDefaultName>
			<ownModelName>	</ownModelName>
		</properties>
	</entity_5>
	<entity_6>
		<stopLinkStation>	00000000.00000000.00000000.00000000	</stopLinkStation>
		<animation>	</animation>
		<animationEven>	</animationEven>
		<type>	MonsterSpawnPoint	</type>
		<transform>
			<row0>	0.258818 0.000000 0.965924	</row0>
			<row1>	0.000000 0.999999 0.000000	</row1>
			<row2>	-0.965924 0.000000 0.258818	</row2>
			<row3>	-53.331501 38.632641 29.218100	</row3>
		</transform>
		<clientOnly>	false	</clientOnly>
		<properties>
			<entityName>	20721004	</entityName>
			<rediviousTime>	15.000000	</rediviousTime>
			<rediviousTotal>	1	</rediviousTotal>
			<randomWalkRange>	3.000000	</randomWalkRange>
			<patrolList>	</patrolList>
			<lineNumber>	0	</lineNumber>
			<patrolPathNode>	</patrolPathNode>
			<actionDefaultName>	</actionDefaultName>
			<ownModelName>	</ownModelName>
		</properties>
	</entity_6>
	<entity_7>
		<stopLinkStation>	00000000.00000000.00000000.00000000	</stopLinkStation>
		<animation>	</animation>
		<animationEven>	</animationEven>
		<type>	MonsterSpawnPoint	</type>
		<transform>
			<row0>	-0.499999 0.000000 0.866022	</row0>
			<row1>	0.000000 0.999998 0.000000	</row1>
			<row2>	-0.866022 0.000000 -0.499999	</row2>
			<row3>	-45.507275 38.632641 23.776838	</row3>
		</transform>
		<clientOnly>	false	</clientOnly>
		<properties>
			<entityName>	20721004	</entityName>
			<rediviousTime>	15.000000	</rediviousTime>
			<rediviousTotal>	1	</rediviousTotal>
			<randomWalkRange>	3.000000	</randomWalkRange>
			<patrolList>	</patrolList>
			<lineNumber>	0	</lineNumber>
			<patrolPathNode>	</patrolPathNode>
			<actionDefaultName>	</actionDefaultName>
			<ownModelName>	</ownModelName>
		</properties>
	</entity_7>
	<entity_8>
		<stopLinkStation>	00000000.00000000.00000000.00000000	</stopLinkStation>
		<animation>	</animation>
		<animationEven>	</animationEven>
		<type>	MonsterSpawnPoint	</type>
		<transform>
			<row0>	0.707101 0.000000 -0.707104	</row0>
			<row1>	0.000000 0.999999 0.000000	</row1>
			<row2>	0.707104 0.000000 0.707101	</row2>
			<row3>	-42.354763 38.632645 29.022078	</row3>
		</transform>
		<clientOnly>	false	</clientOnly>
		<properties>
			<entityName>	20721004	</entityName>
			<rediviousTime>	15.000000	</rediviousTime>
			<rediviousTotal>	1	</rediviousTotal>
			<randomWalkRange>	3.000000	</randomWalkRange>
			<patrolList>	</patrolList>
			<lineNumber>	0	</lineNumber>
			<patrolPathNode>	</patrolPathNode>
			<actionDefaultName>	</actionDefaultName>
			<ownModelName>	</ownModelName>
		</properties>
	</entity_8>
	<entity_9>
		<stopLinkStation>	00000000.00000000.00000000.00000000	</stopLinkStation>
		<animation>	</animation>
		<animationEven>	</animationEven>
		<type>	MonsterSpawnPoint	</type>
		<transform>
			<row0>	-0.499999 0.000000 0.866022	</row0>
			<row1>	0.000000 0.999998 0.000000	</row1>
			<row2>	-0.866022 0.000000 -0.499999	</row2>
			<row3>	-32.764099 38.632641 28.592669	</row3>
		</transform>
		<clientOnly>	false	</clientOnly>
		<properties>
			<entityName>	20721004	</entityName>
			<rediviousTime>	15.000000	</rediviousTime>
			<rediviousTotal>	1	</rediviousTotal>
			<randomWalkRange>	3.000000	</randomWalkRange>
			<patrolList>	</patrolList>
			<lineNumber>	0	</lineNumber>
			<patrolPathNode>	</patrolPathNode>
			<actionDefaultName>	</actionDefaultName>
			<ownModelName>	</ownModelName>
		</properties>
	</entity_9>
	<entity_10>
		<stopLinkStation>	00000000.00000000.00000000.00000000	</stopLinkStation>
		<animation>	</animation>
		<animationEven>	</animationEven>
		<type>	MonsterSpawnPoint	</type>
		<transform>
			<row0>	0.258820 0.000000 0.965919	</row0>
			<row1>	0.000000 0.999998 0.000000	</row1>
			<row2>	-0.965919 0.000000 0.258820	</row2>
			<row3>	-55.329060 38.632641 7.144686	</row3>
		</transform>
		<clientOnly>	false	</clientOnly>
		<properties>
			<entityName>	20721004	</entityName>
			<rediviousTime>	15.000000	</rediviousTime>
			<rediviousTotal>	1	</rediviousTotal>
			<randomWalkRange>	3.000000	</randomWalkRange>
			<patrolList>	</patrolList>
			<lineNumber>	0	</lineNumber>
			<patrolPathNode>	</patrolPathNode>
			<actionDefaultName>	</actionDefaultName>
			<ownModelName>	</ownModelName>
		</properties>
	</entity_10>
	<entity_11>
		<stopLinkStation>	00000000.00000000.00000000.00000000	</stopLinkStation>
		<animation>	</animation>
		<animationEven>	</animationEven>
		<type>	MonsterSpawnPoint	</type>
		<transform>
			<row0>	0.965917 0.000000 -0.258819	</row0>
			<row1>	0.000000 0.999999 0.000000	</row1>
			<row2>	0.258819 0.000000 0.965917	</row2>
			<row3>	-1.652420 38.632637 32.417553	</row3>
		</transform>
		<clientOnly>	false	</clientOnly>
		<properties>
			<entityName>	20721004	</entityName>
			<rediviousTime>	15.000000	</rediviousTime>
			<rediviousTotal>	1	</rediviousTotal>
			<randomWalkRange>	3.000000	</randomWalkRange>
			<patrolList>	</patrolList>
			<lineNumber>	0	</lineNumber>
			<patrolPathNode>	</patrolPathNode>
			<actionDefaultName>	</actionDefaultName>
			<ownModelName>	</ownModelName>
		</properties>
	</entity_11>
	<entity_12>
		<stopLinkStation>	00000000.00000000.00000000.00000000	</stopLinkStation>
		<animation>	</animation>
		<animationEven>	</animationEven>
		<type>	MonsterSpawnPoint	</type>
		<transform>
			<row0>	-0.707090 0.000280 0.707094	</row0>
			<row1>	0.000156 0.999999 -0.000240	</row1>
			<row2>	-0.707093 -0.000059 -0.707091	</row2>
			<row3>	95.230743 30.632647 70.788673	</row3>
		</transform>
		<clientOnly>	false	</clientOnly>
		<properties>
			<entityName>	20711007	</entityName>
			<rediviousTime>	15.000000	</rediviousTime>
			<rediviousTotal>	1	</rediviousTotal>
			<randomWalkRange>	3.000000	</randomWalkRange>
			<patrolList>	</patrolList>
			<lineNumber>	0	</lineNumber>
			<patrolPathNode>	</patrolPathNode>
			<actionDefaultName>	</actionDefaultName>
			<ownModelName>	</ownModelName>
		</properties>
	</entity_12>
	<entity_13>
		<stopLinkStation>	00000000.00000000.00000000.00000000	</stopLinkStation>
		<animation>	</animation>
		<animationEven>	</animationEven>
		<type>	MonsterSpawnPoint	</type>
		<transform>
			<row0>	0.707096 0.000000 0.707092	</row0>
			<row1>	0.000000 0.999999 0.000000	</row1>
			<row2>	-0.707092 0.000000 0.707096	</row2>
			<row3>	79.593735 30.632639 79.763985	</row3>
		</transform>
		<clientOnly>	false	</clientOnly>
		<properties>
			<entityName>	20711007	</entityName>
			<rediviousTime>	15.000000	</rediviousTime>
			<rediviousTotal>	1	</rediviousTotal>
			<randomWalkRange>	3.000000	</randomWalkRange>
			<patrolList>	</patrolList>
			<lineNumber>	0	</lineNumber>
			<patrolPathNode>	</patrolPathNode>
			<actionDefaultName>	</actionDefaultName>
			<ownModelName>	</ownModelName>
		</properties>
	</entity_13>
	<entity_14>
		<stopLinkStation>	00000000.00000000.00000000.00000000	</stopLinkStation>
		<animation>	</animation>
		<animationEven>	</animationEven>
		<type>	MonsterSpawnPoint	</type>
		<transform>
			<row0>	-0.707091 0.000000 0.707095	</row0>
			<row1>	0.000000 0.999999 0.000000	</row1>
			<row2>	-0.707095 0.000000 -0.707091	</row2>
			<row3>	85.739281 30.632641 74.278557	</row3>
		</transform>
		<clientOnly>	false	</clientOnly>
		<properties>
			<entityName>	20711007	</entityName>
			<rediviousTime>	15.000000	</rediviousTime>
			<rediviousTotal>	1	</rediviousTotal>
			<randomWalkRange>	3.000000	</randomWalkRange>
			<patrolList>	</patrolList>
			<lineNumber>	0	</lineNumber>
			<patrolPathNode>	</patrolPathNode>
			<actionDefaultName>	</actionDefaultName>
			<ownModelName>	</ownModelName>
		</properties>
	</entity_14>
	<entity_15>
		<stopLinkStation>	00000000.00000000.00000000.00000000	</stopLinkStation>
		<animation>	</animation>
		<animationEven>	</animationEven>
		<type>	MonsterSpawnPoint	</type>
		<transform>
			<row0>	-0.258812 0.000000 0.965906	</row0>
			<row1>	0.000000 0.999999 0.000000	</row1>
			<row2>	-0.965906 0.000000 -0.258812	</row2>
			<row3>	91.589890 30.632643 80.775093	</row3>
		</transform>
		<clientOnly>	false	</clientOnly>
		<properties>
			<entityName>	20711007	</entityName>
			<rediviousTime>	15.000000	</rediviousTime>
			<rediviousTotal>	1	</rediviousTotal>
			<randomWalkRange>	3.000000	</randomWalkRange>
			<patrolList>	</patrolList>
			<lineNumber>	0	</lineNumber>
			<patrolPathNode>	</patrolPathNode>
			<actionDefaultName>	</actionDefaultName>
			<ownModelName>	</ownModelName>
		</properties>
	</entity_15>
	<entity_16>
		<stopLinkStation>	00000000.00000000.00000000.00000000	</stopLinkStation>
		<animation>	</animation>
		<animationEven>	</animationEven>
		<type>	MonsterSpawnPoint	</type>
		<transform>
			<row0>	0.965908 0.000000 -0.258817	</row0>
			<row1>	0.000000 0.999999 0.000000	</row1>
			<row2>	0.258817 0.000000 0.965908	</row2>
			<row3>	99.184097 30.682737 85.248344	</row3>
		</transform>
		<clientOnly>	false	</clientOnly>
		<properties>
			<entityName>	20711007	</entityName>
			<rediviousTime>	15.000000	</rediviousTime>
			<rediviousTotal>	1	</rediviousTotal>
			<randomWalkRange>	3.000000	</randomWalkRange>
			<patrolList>	</patrolList>
			<lineNumber>	0	</lineNumber>
			<patrolPathNode>	</patrolPathNode>
			<actionDefaultName>	</actionDefaultName>
			<ownModelName>	</ownModelName>
		</properties>
	</entity_16>
	<entity_17>
		<stopLinkStation>	00000000.00000000.00000000.00000000	</stopLinkStation>
		<animation>	</animation>
		<animationEven>	</animationEven>
		<type>	MonsterSpawnPoint	</type>
		<transform>
			<row0>	-0.707095 0.000000 -0.707091	</row0>
			<row1>	0.000000 0.999999 0.000000	</row1>
			<row2>	0.707091 0.000000 -0.707095	</row2>
			<row3>	84.047462 30.632643 87.185814	</row3>
		</transform>
		<clientOnly>	false	</clientOnly>
		<properties>
			<entityName>	20711007	</entityName>
			<rediviousTime>	15.000000	</rediviousTime>
			<rediviousTotal>	1	</rediviousTotal>
			<randomWalkRange>	3.000000	</randomWalkRange>
			<patrolList>	</patrolList>
			<lineNumber>	0	</lineNumber>
			<patrolPathNode>	</patrolPathNode>
			<actionDefaultName>	</actionDefaultName>
			<ownModelName>	</ownModelName>
		</properties>
	</entity_17>
	<entity_18>
		<stopLinkStation>	00000000.00000000.00000000.00000000	</stopLinkStation>
		<animation>	</animation>
		<animationEven>	</animationEven>
		<type>	MonsterSpawnPoint	</type>
		<transform>
			<row0>	0.866008 0.000000 -0.499993	</row0>
			<row1>	0.000000 0.999998 0.000000	</row1>
			<row2>	0.499993 0.000000 0.866008	</row2>
			<row3>	99.252884 30.632643 77.230148	</row3>
		</transform>
		<clientOnly>	false	</clientOnly>
		<properties>
			<entityName>	20711007	</entityName>
			<rediviousTime>	15.000000	</rediviousTime>
			<rediviousTotal>	1	</rediviousTotal>
			<randomWalkRange>	3.000000	</randomWalkRange>
			<patrolList>	</patrolList>
			<lineNumber>	0	</lineNumber>
			<patrolPathNode>	</patrolPathNode>
			<actionDefaultName>	</actionDefaultName>
			<ownModelName>	</ownModelName>
		</properties>
	</entity_18>
	<entity_19>
		<stopLinkStation>	00000000.00000000.00000000.00000000	</stopLinkStation>
		<animation>	</animation>
		<animationEven>	</animationEven>
		<type>	MonsterSpawnPoint	</type>
		<transform>
			<row0>	0.707097 0.000000 0.707092	</row0>
			<row1>	0.000000 0.999999 0.000000	</row1>
			<row2>	-0.707092 0.000000 0.707097	</row2>
			<row3>	2.207672 39.823612 99.803764	</row3>
		</transform>
		<clientOnly>	false	</clientOnly>
		<properties>
			<entityName>	20711007	</entityName>
			<rediviousTime>	15.000000	</rediviousTime>
			<rediviousTotal>	1	</rediviousTotal>
			<randomWalkRange>	3.000000	</randomWalkRange>
			<patrolList>	</patrolList>
			<lineNumber>	0	</lineNumber>
			<patrolPathNode>	</patrolPathNode>
			<actionDefaultName>	</actionDefaultName>
			<ownModelName>	</ownModelName>
		</properties>
	</entity_19>
	<entity_20>
		<stopLinkStation>	00000000.00000000.00000000.00000000	</stopLinkStation>
		<animation>	</animation>
		<animationEven>	</animationEven>
		<type>	MonsterSpawnPoint	</type>
		<transform>
			<row0>	0.965911 0.000000 -0.258819	</row0>
			<row1>	0.000000 0.999999 0.000000	</row1>
			<row2>	0.258819 0.000000 0.965911	</row2>
			<row3>	-0.347698 38.632633 83.220779	</row3>
		</transform>
		<clientOnly>	false	</clientOnly>
		<properties>
			<entityName>	20711007	</entityName>
			<rediviousTime>	15.000000	</rediviousTime>
			<rediviousTotal>	1	</rediviousTotal>
			<randomWalkRange>	3.000000	</randomWalkRange>
			<patrolList>	</patrolList>
			<lineNumber>	0	</lineNumber>
			<patrolPathNode>	</patrolPathNode>
			<actionDefaultName>	</actionDefaultName>
			<ownModelName>	</ownModelName>
		</properties>
	</entity_20>
	<entity_21>
		<stopLinkStation>	00000000.00000000.00000000.00000000	</stopLinkStation>
		<animation>	</animation>
		<animationEven>	</animationEven>
		<type>	MonsterSpawnPoint	</type>
		<transform>
			<row0>	-0.000003 0.000000 -0.999979	</row0>
			<row1>	0.000000 0.999995 0.000000	</row1>
			<row2>	0.999979 0.000000 -0.000003	</row2>
			<row3>	3.093210 39.823612 95.110504	</row3>
		</transform>
		<clientOnly>	false	</clientOnly>
		<properties>
			<entityName>	20711007	</entityName>
			<rediviousTime>	15.000000	</rediviousTime>
			<rediviousTotal>	1	</rediviousTotal>
			<randomWalkRange>	3.000000	</randomWalkRange>
			<patrolList>	</patrolList>
			<lineNumber>	0	</lineNumber>
			<patrolPathNode>	</patrolPathNode>
			<actionDefaultName>	</actionDefaultName>
			<ownModelName>	</ownModelName>
		</properties>
	</entity_21>
	<entity_22>
		<stopLinkStation>	00000000.00000000.00000000.00000000	</stopLinkStation>
		<animation>	</animation>
		<animationEven>	</animationEven>
		<type>	MonsterSpawnPoint	</type>
		<transform>
			<row0>	0.965908 0.000000 -0.258817	</row0>
			<row1>	0.000000 0.999999 0.000000	</row1>
			<row2>	0.258817 0.000000 0.965908	</row2>
			<row3>	13.560512 38.632633 95.535652	</row3>
		</transform>
		<clientOnly>	false	</clientOnly>
		<properties>
			<entityName>	20711007	</entityName>
			<rediviousTime>	15.000000	</rediviousTime>
			<rediviousTotal>	1	</rediviousTotal>
			<randomWalkRange>	3.000000	</randomWalkRange>
			<patrolList>	</patrolList>
			<lineNumber>	0	</lineNumber>
			<patrolPathNode>	</patrolPathNode>
			<actionDefaultName>	</actionDefaultName>
			<ownModelName>	</ownModelName>
		</properties>
	</entity_22>
	<entity_23>
		<stopLinkStation>	00000000.00000000.00000000.00000000	</stopLinkStation>
		<animation>	</animation>
		<animationEven>	</animationEven>
		<type>	MonsterSpawnPoint	</type>
		<transform>
			<row0>	-0.965912 0.000000 -0.258811	</row0>
			<row1>	0.000000 0.999999 0.000000	</row1>
			<row2>	0.258811 0.000000 -0.965912	</row2>
			<row3>	21.601189 38.632633 81.737999	</row3>
		</transform>
		<clientOnly>	false	</clientOnly>
		<properties>
			<entityName>	20711007	</entityName>
			<rediviousTime>	15.000000	</rediviousTime>
			<rediviousTotal>	1	</rediviousTotal>
			<randomWalkRange>	3.000000	</randomWalkRange>
			<patrolList>	</patrolList>
			<lineNumber>	0	</lineNumber>
			<patrolPathNode>	</patrolPathNode>
			<actionDefaultName>	</actionDefaultName>
			<ownModelName>	</ownModelName>
		</properties>
	</entity_23>
	<entity_24>
		<stopLinkStation>	00000000.00000000.00000000.00000000	</stopLinkStation>
		<animation>	</animation>
		<animationEven>	</animationEven>
		<type>	MonsterSpawnPoint	</type>
		<transform>
			<row0>	-0.866014 0.000000 -0.499989	</row0>
			<row1>	0.000000 0.999999 0.000000	</row1>
			<row2>	0.499989 0.000000 -0.866014	</row2>
			<row3>	30.694990 38.632633 90.078407	</row3>
		</transform>
		<clientOnly>	false	</clientOnly>
		<properties>
			<entityName>	20711007	</entityName>
			<rediviousTime>	15.000000	</rediviousTime>
			<rediviousTotal>	1	</rediviousTotal>
			<randomWalkRange>	3.000000	</randomWalkRange>
			<patrolList>	</patrolList>
			<lineNumber>	0	</lineNumber>
			<patrolPathNode>	</patrolPathNode>
			<actionDefaultName>	</actionDefaultName>
			<ownModelName>	</ownModelName>
		</properties>
	</entity_24>
	<entity_25>
		<stopLinkStation>	00000000.00000000.00000000.00000000	</stopLinkStation>
		<animation>	</animation>
		<animationEven>	</animationEven>
		<type>	MonsterSpawnPoint	</type>
		<transform>
			<row0>	-0.965912 0.000000 -0.258811	</row0>
			<row1>	0.000000 0.999999 0.000000	</row1>
			<row2>	0.258811 0.000000 -0.965912	</row2>
			<row3>	27.483950 38.632633 86.163826	</row3>
		</transform>
		<clientOnly>	false	</clientOnly>
		<properties>
			<entityName>	20711007	</entityName>
			<rediviousTime>	15.000000	</rediviousTime>
			<rediviousTotal>	1	</rediviousTotal>
			<randomWalkRange>	3.000000	</randomWalkRange>
			<patrolList>	</patrolList>
			<lineNumber>	0	</lineNumber>
			<patrolPathNode>	</patrolPathNode>
			<actionDefaultName>	</actionDefaultName>
			<ownModelName>	</ownModelName>
		</properties>
	</entity_25>
	<entity_26>
		<stopLinkStation>	00000000.00000000.00000000.00000000	</stopLinkStation>
		<animation>	</animation>
		<animationEven>	</animationEven>
		<type>	MonsterSpawnPoint	</type>
		<transform>
			<row0>	-0.965910 0.000000 0.258819	</row0>
			<row1>	0.000000 0.999999 0.000000	</row1>
			<row2>	-0.258819 0.000000 -0.965910	</row2>
			<row3>	25.820593 38.632633 81.333946	</row3>
		</transform>
		<clientOnly>	false	</clientOnly>
		<properties>
			<entityName>	20711007	</entityName>
			<rediviousTime>	15.000000	</rediviousTime>
			<rediviousTotal>	1	</rediviousTotal>
			<randomWalkRange>	3.000000	</randomWalkRange>
			<patrolList>	</patrolList>
			<lineNumber>	0	</lineNumber>
			<patrolPathNode>	</patrolPathNode>
			<actionDefaultName>	</actionDefaultName>
			<ownModelName>	</ownModelName>
		</properties>
	</entity_26>
	<entity_27>
		<stopLinkStation>	00000000.00000000.00000000.00000000	</stopLinkStation>
		<animation>	</animation>
		<animationEven>	</animationEven>
		<type>	MonsterSpawnPoint	</type>
		<transform>
			<row0>	0.707095 0.000000 -0.707100	</row0>
			<row1>	0.000000 0.999998 0.000000	</row1>
			<row2>	0.707099 0.000000 0.707095	</row2>
			<row3>	8.717944 38.632629 85.998268	</row3>
		</transform>
		<clientOnly>	false	</clientOnly>
		<properties>
			<entityName>	20711007	</entityName>
			<rediviousTime>	15.000000	</rediviousTime>
			<rediviousTotal>	1	</rediviousTotal>
			<randomWalkRange>	3.000000	</randomWalkRange>
			<patrolList>	</patrolList>
			<lineNumber>	0	</lineNumber>
			<patrolPathNode>	</patrolPathNode>
			<actionDefaultName>	</actionDefaultName>
			<ownModelName>	</ownModelName>
		</properties>
	</entity_27>
	<entity_28>
		<stopLinkStation>	00000000.00000000.00000000.00000000	</stopLinkStation>
		<animation>	</animation>
		<animationEven>	</animationEven>
		<type>	MonsterSpawnPoint	</type>
		<transform>
			<row0>	0.866012 0.000000 -0.499996	</row0>
			<row1>	0.000000 0.999998 0.000000	</row1>
			<row2>	0.499995 0.000000 0.866012	</row2>
			<row3>	5.633802 38.632633 80.455589	</row3>
		</transform>
		<clientOnly>	false	</clientOnly>
		<properties>
			<entityName>	20711007	</entityName>
			<rediviousTime>	15.000000	</rediviousTime>
			<rediviousTotal>	1	</rediviousTotal>
			<randomWalkRange>	3.000000	</randomWalkRange>
			<patrolList>	</patrolList>
			<lineNumber>	0	</lineNumber>
			<patrolPathNode>	</patrolPathNode>
			<actionDefaultName>	</actionDefaultName>
			<ownModelName>	</ownModelName>
		</properties>
	</entity_28>
	<entity_29>
		<stopLinkStation>	00000000.00000000.00000000.00000000	</stopLinkStation>
		<animation>	</animation>
		<animationEven>	</animationEven>
		<type>	MonsterSpawnPoint	</type>
		<transform>
			<row0>	-0.258814 0.000000 0.965916	</row0>
			<row1>	0.000000 0.999999 0.000000	</row1>
			<row2>	-0.965916 0.000000 -0.258814	</row2>
			<row3>	28.789776 38.632637 15.001095	</row3>
		</transform>
		<clientOnly>	false	</clientOnly>
		<properties>
			<entityName>	20721004	</entityName>
			<rediviousTime>	15.000000	</rediviousTime>
			<rediviousTotal>	1	</rediviousTotal>
			<randomWalkRange>	3.000000	</randomWalkRange>
			<patrolList>	</patrolList>
			<lineNumber>	0	</lineNumber>
			<patrolPathNode>	</patrolPathNode>
			<actionDefaultName>	</actionDefaultName>
			<ownModelName>	</ownModelName>
		</properties>
	</entity_29>
	<entity_30>
		<stopLinkStation>	00000000.00000000.00000000.00000000	</stopLinkStation>
		<animation>	</animation>
		<animationEven>	</animationEven>
		<type>	MonsterSpawnPoint	</type>
		<transform>
			<row0>	0.499994 0.000000 -0.866020	</row0>
			<row1>	0.000000 0.999999 0.000000	</row1>
			<row2>	0.866020 0.000000 0.499994	</row2>
			<row3>	-0.043384 38.632637 8.834166	</row3>
		</transform>
		<clientOnly>	false	</clientOnly>
		<properties>
			<entityName>	20721004	</entityName>
			<rediviousTime>	15.000000	</rediviousTime>
			<rediviousTotal>	1	</rediviousTotal>
			<randomWalkRange>	3.000000	</randomWalkRange>
			<patrolList>	</patrolList>
			<lineNumber>	0	</lineNumber>
			<patrolPathNode>	</patrolPathNode>
			<actionDefaultName>	</actionDefaultName>
			<ownModelName>	</ownModelName>
		</properties>
	</entity_30>
	<entity_31>
		<stopLinkStation>	00000000.00000000.00000000.00000000	</stopLinkStation>
		<animation>	</animation>
		<animationEven>	</animationEven>
		<type>	MonsterSpawnPoint	</type>
		<transform>
			<row0>	-0.707101 0.000000 -0.707097	</row0>
			<row1>	0.000000 0.999999 0.000000	</row1>
			<row2>	0.707097 0.000000 -0.707101	</row2>
			<row3>	18.770193 38.632637 2.037817	</row3>
		</transform>
		<clientOnly>	false	</clientOnly>
		<properties>
			<entityName>	20721004	</entityName>
			<rediviousTime>	15.000000	</rediviousTime>
			<rediviousTotal>	1	</rediviousTotal>
			<randomWalkRange>	3.000000	</randomWalkRange>
			<patrolList>	</patrolList>
			<lineNumber>	0	</lineNumber>
			<patrolPathNode>	</patrolPathNode>
			<actionDefaultName>	</actionDefaultName>
			<ownModelName>	</ownModelName>
		</properties>
	</entity_31>
	<entity_32>
		<stopLinkStation>	00000000.00000000.00000000.00000000	</stopLinkStation>
		<animation>	</animation>
		<animationEven>	</animationEven>
		<type>	MonsterSpawnPoint	</type>
		<transform>
			<row0>	0.499994 0.000000 -0.866020	</row0>
			<row1>	0.000000 0.999999 0.000000	</row1>
			<row2>	0.866020 0.000000 0.499994	</row2>
			<row3>	5.910924 38.632637 7.645226	</row3>
		</transform>
		<clientOnly>	false	</clientOnly>
		<properties>
			<entityName>	20721004	</entityName>
			<rediviousTime>	15.000000	</rediviousTime>
			<rediviousTotal>	1	</rediviousTotal>
			<randomWalkRange>	3.000000	</randomWalkRange>
			<patrolList>	</patrolList>
			<lineNumber>	0	</lineNumber>
			<patrolPathNode>	</patrolPathNode>
			<actionDefaultName>	</actionDefaultName>
			<ownModelName>	</ownModelName>
		</properties>
	</entity_32>
	<entity_33>
		<stopLinkStation>	00000000.00000000.00000000.00000000	</stopLinkStation>
		<animation>	</animation>
		<animationEven>	</animationEven>
		<type>	MonsterSpawnPoint	</type>
		<transform>
			<row0>	0.258819 0.000000 0.965917	</row0>
			<row1>	0.000000 0.999999 0.000000	</row1>
			<row2>	-0.965917 0.000000 0.258819	</row2>
			<row3>	5.677515 38.632637 29.494413	</row3>
		</transform>
		<clientOnly>	false	</clientOnly>
		<properties>
			<entityName>	20721004	</entityName>
			<rediviousTime>	15.000000	</rediviousTime>
			<rediviousTotal>	1	</rediviousTotal>
			<randomWalkRange>	3.000000	</randomWalkRange>
			<patrolList>	</patrolList>
			<lineNumber>	0	</lineNumber>
			<patrolPathNode>	</patrolPathNode>
			<actionDefaultName>	</actionDefaultName>
			<ownModelName>	</ownModelName>
		</properties>
	</entity_33>
	<entity_34>
		<stopLinkStation>	00000000.00000000.00000000.00000000	</stopLinkStation>
		<animation>	</animation>
		<animationEven>	</animationEven>
		<type>	MonsterSpawnPoint	</type>
		<transform>
			<row0>	0.965916 0.000000 -0.258819	</row0>
			<row1>	0.000000 0.999999 0.000000	</row1>
			<row2>	0.258819 0.000000 0.965916	</row2>
			<row3>	29.649637 39.823639 30.734468	</row3>
		</transform>
		<clientOnly>	false	</clientOnly>
		<properties>
			<entityName>	20721004	</entityName>
			<rediviousTime>	15.000000	</rediviousTime>
			<rediviousTotal>	1	</rediviousTotal>
			<randomWalkRange>	3.000000	</randomWalkRange>
			<patrolList>	</patrolList>
			<lineNumber>	0	</lineNumber>
			<patrolPathNode>	</patrolPathNode>
			<actionDefaultName>	</actionDefaultName>
			<ownModelName>	</ownModelName>
		</properties>
	</entity_34>
	<entity_35>
		<stopLinkStation>	00000000.00000000.00000000.00000000	</stopLinkStation>
		<animation>	</animation>
		<animationEven>	</animationEven>
		<type>	MonsterSpawnPoint	</type>
		<transform>
			<row0>	0.707097 0.000000 -0.707101	</row0>
			<row1>	0.000000 0.999999 0.000000	</row1>
			<row2>	0.707101 0.000000 0.707097	</row2>
			<row3>	23.816881 38.632633 12.167779	</row3>
		</transform>
		<clientOnly>	false	</clientOnly>
		<properties>
			<entityName>	20721004	</entityName>
			<rediviousTime>	15.000000	</rediviousTime>
			<rediviousTotal>	1	</rediviousTotal>
			<randomWalkRange>	3.000000	</randomWalkRange>
			<patrolList>	</patrolList>
			<lineNumber>	0	</lineNumber>
			<patrolPathNode>	</patrolPathNode>
			<actionDefaultName>	</actionDefaultName>
			<ownModelName>	</ownModelName>
		</properties>
	</entity_35>
	<entity_36>
		<stopLinkStation>	00000000.00000000.00000000.00000000	</stopLinkStation>
		<animation>	</animation>
		<animationEven>	</animationEven>
		<type>	MonsterSpawnPoint	</type>
		<transform>
			<row0>	0.866019 0.000000 0.499994	</row0>
			<row1>	0.000000 0.999999 0.000000	</row1>
			<row2>	-0.499994 0.000000 0.866019	</row2>
			<row3>	0.150020 38.632637 24.782255	</row3>
		</transform>
		<clientOnly>	false	</clientOnly>
		<properties>
			<entityName>	20721004	</entityName>
			<rediviousTime>	15.000000	</rediviousTime>
			<rediviousTotal>	1	</rediviousTotal>
			<randomWalkRange>	3.000000	</randomWalkRange>
			<patrolList>	</patrolList>
			<lineNumber>	0	</lineNumber>
			<patrolPathNode>	</patrolPathNode>
			<actionDefaultName>	</actionDefaultName>
			<ownModelName>	</ownModelName>
		</properties>
	</entity_36>
	<entity_37>
		<stopLinkStation>	00000000.00000000.00000000.00000000	</stopLinkStation>
		<animation>	</animation>
		<animationEven>	</animationEven>
		<type>	MonsterSpawnPoint	</type>
		<transform>
			<row0>	-0.499991 0.000000 0.866015	</row0>
			<row1>	0.000000 0.999999 0.000000	</row1>
			<row2>	-0.866015 0.000000 -0.499991	</row2>
			<row3>	12.141486 38.632633 13.136516	</row3>
		</transform>
		<clientOnly>	false	</clientOnly>
		<properties>
			<entityName>	20721004	</entityName>
			<rediviousTime>	15.000000	</rediviousTime>
			<rediviousTotal>	1	</rediviousTotal>
			<randomWalkRange>	3.000000	</randomWalkRange>
			<patrolList>	</patrolList>
			<lineNumber>	0	</lineNumber>
			<patrolPathNode>	</patrolPathNode>
			<actionDefaultName>	</actionDefaultName>
			<ownModelName>	</ownModelName>
		</properties>
	</entity_37>
	<entity_38>
		<stopLinkStation>	00000000.00000000.00000000.00000000	</stopLinkStation>
		<animation>	</animation>
		<animationEven>	</animationEven>
		<type>	MonsterSpawnPoint	</type>
		<transform>
			<row0>	0.258814 0.000000 -0.965918	</row0>
			<row1>	0.000000 0.999999 0.000000	</row1>
			<row2>	0.965918 0.000000 0.258814	</row2>
			<row3>	20.842970 38.632637 27.884178	</row3>
		</transform>
		<clientOnly>	false	</clientOnly>
		<properties>
			<entityName>	20721004	</entityName>
			<rediviousTime>	15.000000	</rediviousTime>
			<rediviousTotal>	1	</rediviousTotal>
			<randomWalkRange>	3.000000	</randomWalkRange>
			<patrolList>	</patrolList>
			<lineNumber>	0	</lineNumber>
			<patrolPathNode>	</patrolPathNode>
			<actionDefaultName>	</actionDefaultName>
			<ownModelName>	</ownModelName>
		</properties>
	</entity_38>
	<entity_39>
		<stopLinkStation>	00000000.00000000.00000000.00000000	</stopLinkStation>
		<animation>	</animation>
		<animationEven>	</animationEven>
		<type>	MonsterSpawnPoint	</type>
		<transform>
			<row0>	-0.499996 0.000000 -0.866012	</row0>
			<row1>	0.000000 0.999999 0.000000	</row1>
			<row2>	0.866012 0.000000 -0.499996	</row2>
			<row3>	17.859776 38.632641 21.501127	</row3>
		</transform>
		<clientOnly>	false	</clientOnly>
		<properties>
			<entityName>	20721004	</entityName>
			<rediviousTime>	15.000000	</rediviousTime>
			<rediviousTotal>	1	</rediviousTotal>
			<randomWalkRange>	3.000000	</randomWalkRange>
			<patrolList>	</patrolList>
			<lineNumber>	0	</lineNumber>
			<patrolPathNode>	</patrolPathNode>
			<actionDefaultName>	</actionDefaultName>
			<ownModelName>	</ownModelName>
		</properties>
	</entity_39>
	<entity_40>
		<stopLinkStation>	00000000.00000000.00000000.00000000	</stopLinkStation>
		<animation>	</animation>
		<animationEven>	</animationEven>
		<type>	MonsterSpawnPoint	</type>
		<transform>
			<row0>	0.258812 0.000000 -0.965913	</row0>
			<row1>	0.000000 0.999999 0.000000	</row1>
			<row2>	0.965913 0.000000 0.258812	</row2>
			<row3>	19.365225 38.632637 15.600098	</row3>
		</transform>
		<clientOnly>	false	</clientOnly>
		<properties>
			<entityName>	20721004	</entityName>
			<rediviousTime>	15.000000	</rediviousTime>
			<rediviousTotal>	1	</rediviousTotal>
			<randomWalkRange>	3.000000	</randomWalkRange>
			<patrolList>	</patrolList>
			<lineNumber>	0	</lineNumber>
			<patrolPathNode>	</patrolPathNode>
			<actionDefaultName>	</actionDefaultName>
			<ownModelName>	</ownModelName>
		</properties>
	</entity_40>
	<entity_41>
		<stopLinkStation>	00000000.00000000.00000000.00000000	</stopLinkStation>
		<animation>	</animation>
		<animationEven>	</animationEven>
		<type>	MonsterSpawnPoint	</type>
		<transform>
			<row0>	-0.866015 0.000000 0.499997	</row0>
			<row1>	0.000000 0.999999 0.000000	</row1>
			<row2>	-0.499997 0.000000 -0.866015	</row2>
			<row3>	29.980745 39.823635 26.790413	</row3>
		</transform>
		<clientOnly>	false	</clientOnly>
		<properties>
			<entityName>	20721004	</entityName>
			<rediviousTime>	15.000000	</rediviousTime>
			<rediviousTotal>	1	</rediviousTotal>
			<randomWalkRange>	3.000000	</randomWalkRange>
			<patrolList>	</patrolList>
			<lineNumber>	0	</lineNumber>
			<patrolPathNode>	</patrolPathNode>
			<actionDefaultName>	</actionDefaultName>
			<ownModelName>	</ownModelName>
		</properties>
	</entity_41>
	<entity_42>
		<stopLinkStation>	00000000.00000000.00000000.00000000	</stopLinkStation>
		<animation>	</animation>
		<animationEven>	</animationEven>
		<type>	MonsterSpawnPoint	</type>
		<transform>
			<row0>	-0.965914 0.000000 0.258819	</row0>
			<row1>	0.000000 0.999999 0.000000	</row1>
			<row2>	-0.258819 0.000000 -0.965914	</row2>
			<row3>	25.284670 38.632633 18.909622	</row3>
		</transform>
		<clientOnly>	false	</clientOnly>
		<properties>
			<entityName>	20721004	</entityName>
			<rediviousTime>	15.000000	</rediviousTime>
			<rediviousTotal>	1	</rediviousTotal>
			<randomWalkRange>	3.000000	</randomWalkRange>
			<patrolList>	</patrolList>
			<lineNumber>	0	</lineNumber>
			<patrolPathNode>	</patrolPathNode>
			<actionDefaultName>	</actionDefaultName>
			<ownModelName>	</ownModelName>
		</properties>
	</entity_42>
	<entity_43>
		<stopLinkStation>	00000000.00000000.00000000.00000000	</stopLinkStation>
		<animation>	</animation>
		<animationEven>	</animationEven>
		<type>	MonsterSpawnPoint	</type>
		<transform>
			<row0>	0.965917 0.000000 0.258814	</row0>
			<row1>	0.000000 0.999999 0.000000	</row1>
			<row2>	-0.258814 0.000000 0.965917	</row2>
			<row3>	31.885523 39.823627 0.637148	</row3>
		</transform>
		<clientOnly>	false	</clientOnly>
		<properties>
			<entityName>	20721004	</entityName>
			<rediviousTime>	15.000000	</rediviousTime>
			<rediviousTotal>	1	</rediviousTotal>
			<randomWalkRange>	3.000000	</randomWalkRange>
			<patrolList>	</patrolList>
			<lineNumber>	0	</lineNumber>
			<patrolPathNode>	</patrolPathNode>
			<actionDefaultName>	</actionDefaultName>
			<ownModelName>	</ownModelName>
		</properties>
	</entity_43>
	<entity_44>
		<stopLinkStation>	00000000.00000000.00000000.00000000	</stopLinkStation>
		<animation>	</animation>
		<animationEven>	</animationEven>
		<type>	MonsterSpawnPoint	</type>
		<transform>
			<row0>	0.499997 0.000000 0.866015	</row0>
			<row1>	0.000000 0.999999 0.000000	</row1>
			<row2>	-0.866015 0.000000 0.499997	</row2>
			<row3>	29.014414 39.823627 5.942721	</row3>
		</transform>
		<clientOnly>	false	</clientOnly>
		<properties>
			<entityName>	20721004	</entityName>
			<rediviousTime>	15.000000	</rediviousTime>
			<rediviousTotal>	1	</rediviousTotal>
			<randomWalkRange>	3.000000	</randomWalkRange>
			<patrolList>	</patrolList>
			<lineNumber>	0	</lineNumber>
			<patrolPathNode>	</patrolPathNode>
			<actionDefaultName>	</actionDefaultName>
			<ownModelName>	</ownModelName>
		</properties>
	</entity_44>
	<entity_45>
		<stopLinkStation>	00000000.00000000.00000000.00000000	</stopLinkStation>
		<animation>	</animation>
		<animationEven>	</animationEven>
		<type>	MonsterSpawnPoint	</type>
		<transform>
			<row0>	0.000003 0.000000 0.999989	</row0>
			<row1>	0.000000 0.999999 0.000000	</row1>
			<row2>	-0.999989 0.000000 0.000003	</row2>
			<row3>	17.577415 38.632637 8.900344	</row3>
		</transform>
		<clientOnly>	false	</clientOnly>
		<properties>
			<entityName>	20721004	</entityName>
			<rediviousTime>	15.000000	</rediviousTime>
			<rediviousTotal>	1	</rediviousTotal>
			<randomWalkRange>	3.000000	</randomWalkRange>
			<patrolList>	</patrolList>
			<lineNumber>	0	</lineNumber>
			<patrolPathNode>	</patrolPathNode>
			<actionDefaultName>	</actionDefaultName>
			<ownModelName>	</ownModelName>
		</properties>
	</entity_45>
	<entity_46>
		<stopLinkStation>	00000000.00000000.00000000.00000000	</stopLinkStation>
		<animation>	</animation>
		<animationEven>	</animationEven>
		<type>	MonsterSpawnPoint	</type>
		<transform>
			<row0>	-0.258813 0.000000 0.965916	</row0>
			<row1>	0.000000 0.999998 0.000000	</row1>
			<row2>	-0.965916 0.000000 -0.258813	</row2>
			<row3>	6.512940 38.632637 0.061335	</row3>
		</transform>
		<clientOnly>	false	</clientOnly>
		<properties>
			<entityName>	20721004	</entityName>
			<rediviousTime>	15.000000	</rediviousTime>
			<rediviousTotal>	1	</rediviousTotal>
			<randomWalkRange>	3.000000	</randomWalkRange>
			<patrolList>	</patrolList>
			<lineNumber>	0	</lineNumber>
			<patrolPathNode>	</patrolPathNode>
			<actionDefaultName>	</actionDefaultName>
			<ownModelName>	</ownModelName>
		</properties>
	</entity_46>
	<entity_47>
		<stopLinkStation>	00000000.00000000.00000000.00000000	</stopLinkStation>
		<animation>	</animation>
		<animationEven>	</animationEven>
		<type>	MonsterSpawnPoint	</type>
		<transform>
			<row0>	-0.499998 0.000000 -0.866018	</row0>
			<row1>	0.000000 0.999999 0.000000	</row1>
			<row2>	0.866018 0.000000 -0.499998	</row2>
			<row3>	0.246811 38.632637 3.092841	</row3>
		</transform>
		<clientOnly>	false	</clientOnly>
		<properties>
			<entityName>	20721004	</entityName>
			<rediviousTime>	15.000000	</rediviousTime>
			<rediviousTotal>	1	</rediviousTotal>
			<randomWalkRange>	3.000000	</randomWalkRange>
			<patrolList>	</patrolList>
			<lineNumber>	0	</lineNumber>
			<patrolPathNode>	</patrolPathNode>
			<actionDefaultName>	</actionDefaultName>
			<ownModelName>	</ownModelName>
		</properties>
	</entity_47>
	<entity_48>
		<stopLinkStation>	00000000.00000000.00000000.00000000	</stopLinkStation>
		<animation>	</animation>
		<animationEven>	</animationEven>
		<type>	MonsterSpawnPoint	</type>
		<transform>
			<row0>	-0.000003 0.000000 -0.999989	</row0>
			<row1>	0.000000 0.999999 0.000000	</row1>
			<row2>	0.999989 0.000000 -0.000003	</row2>
			<row3>	12.012275 38.632633 3.086275	</row3>
		</transform>
		<clientOnly>	false	</clientOnly>
		<properties>
			<entityName>	20721004	</entityName>
			<rediviousTime>	15.000000	</rediviousTime>
			<rediviousTotal>	1	</rediviousTotal>
			<randomWalkRange>	3.000000	</randomWalkRange>
			<patrolList>	</patrolList>
			<lineNumber>	0	</lineNumber>
