<root>
	<entity_1>
		<type>	MonsterSpawnPoint	</type>
		<transform>
			<row0>	-0.866017 0.000000 -0.499993	</row0>
			<row1>	0.000000 0.999996 0.000000	</row1>
			<row2>	0.499993 0.000000 -0.866017	</row2>
			<row3>	-54.772236 15.164567 65.792992	</row3>
		</transform>
		<clientOnly>	false	</clientOnly>
		<properties>
			<entityName>	20741012	</entityName>
			<rediviousTime>	15.000000	</rediviousTime>
			<rediviousTotal>	1	</rediviousTotal>
			<randomWalkRange>	3.000000	</randomWalkRange>
			<patrolList>	</patrolList>
			<lineNumber>	0	</lineNumber>
			<patrolPathNode>	</patrolPathNode>
		</properties>
	</entity_1>
	<entity_2>
		<type>	MonsterSpawnPoint	</type>
		<transform>
			<row0>	-0.866017 0.000000 -0.499993	</row0>
			<row1>	0.000000 0.999996 0.000000	</row1>
			<row2>	0.499993 0.000000 -0.866017	</row2>
			<row3>	-64.093918 15.164571 67.580025	</row3>
		</transform>
		<clientOnly>	false	</clientOnly>
		<properties>
			<entityName>	20741012	</entityName>
			<rediviousTime>	15.000000	</rediviousTime>
			<rediviousTotal>	1	</rediviousTotal>
			<randomWalkRange>	3.000000	</randomWalkRange>
			<patrolList>	</patrolList>
			<lineNumber>	0	</lineNumber>
			<patrolPathNode>	</patrolPathNode>
		</properties>
	</entity_2>
	<entity_3>
		<type>	MonsterSpawnPoint	</type>
		<transform>
			<row0>	-0.965915 0.000000 0.258818	</row0>
			<row1>	0.000000 0.999996 0.000000	</row1>
			<row2>	-0.258818 0.000000 -0.965915	</row2>
			<row3>	-64.601135 15.164567 39.254173	</row3>
		</transform>
		<clientOnly>	false	</clientOnly>
		<properties>
			<entityName>	20741012	</entityName>
			<rediviousTime>	15.000000	</rediviousTime>
			<rediviousTotal>	1	</rediviousTotal>
			<randomWalkRange>	3.000000	</randomWalkRange>
			<patrolList>	</patrolList>
			<lineNumber>	0	</lineNumber>
			<patrolPathNode>	</patrolPathNode>
		</properties>
	</entity_3>
	<entity_4>
		<type>	MonsterSpawnPoint	</type>
		<transform>
			<row0>	-0.499999 0.000000 -0.866020	</row0>
			<row1>	0.000000 0.999996 0.000000	</row1>
			<row2>	0.866020 0.000000 -0.499999	</row2>
			<row3>	-34.465210 15.164567 69.276100	</row3>
		</transform>
		<clientOnly>	false	</clientOnly>
		<properties>
			<entityName>	20741012	</entityName>
			<rediviousTime>	15.000000	</rediviousTime>
			<rediviousTotal>	1	</rediviousTotal>
			<randomWalkRange>	3.000000	</randomWalkRange>
			<patrolList>	</patrolList>
			<lineNumber>	0	</lineNumber>
			<patrolPathNode>	</patrolPathNode>
		</properties>
	</entity_4>
	<entity_5>
		<type>	MonsterSpawnPoint	</type>
		<transform>
			<row0>	-0.707100 0.000000 0.707102	</row0>
			<row1>	0.000000 0.999996 0.000000	</row1>
			<row2>	-0.707102 0.000000 -0.707100	</row2>
			<row3>	-34.435249 15.164568 37.934097	</row3>
		</transform>
		<clientOnly>	false	</clientOnly>
		<properties>
			<entityName>	20741012	</entityName>
			<rediviousTime>	15.000000	</rediviousTime>
			<rediviousTotal>	1	</rediviousTotal>
			<randomWalkRange>	3.000000	</randomWalkRange>
			<patrolList>	</patrolList>
			<lineNumber>	0	</lineNumber>
			<patrolPathNode>	</patrolPathNode>
		</properties>
	</entity_5>
	<entity_6>
		<type>	MonsterSpawnPoint	</type>
		<transform>
			<row0>	-0.707099 0.000000 0.707102	</row0>
			<row1>	0.000000 0.999996 0.000000	</row1>
			<row2>	-0.707102 0.000000 -0.707099	</row2>
			<row3>	-43.122433 15.164570 37.945072	</row3>
		</transform>
		<clientOnly>	false	</clientOnly>
		<properties>
			<entityName>	20741012	</entityName>
			<rediviousTime>	15.000000	</rediviousTime>
			<rediviousTotal>	1	</rediviousTotal>
			<randomWalkRange>	3.000000	</randomWalkRange>
			<patrolList>	</patrolList>
			<lineNumber>	0	</lineNumber>
			<patrolPathNode>	</patrolPathNode>
		</properties>
	</entity_6>
	<entity_7>
		<type>	MonsterSpawnPoint	</type>
		<transform>
			<row0>	0.965919 0.000000 -0.258819	</row0>
			<row1>	0.000000 0.999996 0.000000	</row1>
			<row2>	0.258819 0.000000 0.965919	</row2>
			<row3>	-37.950645 15.164565 61.304295	</row3>
		</transform>
		<clientOnly>	false	</clientOnly>
		<properties>
			<entityName>	20741012	</entityName>
			<rediviousTime>	15.000000	</rediviousTime>
			<rediviousTotal>	1	</rediviousTotal>
			<randomWalkRange>	3.000000	</randomWalkRange>
			<patrolList>	</patrolList>
			<lineNumber>	0	</lineNumber>
			<patrolPathNode>	</patrolPathNode>
		</properties>
	</entity_7>
	<entity_8>
		<type>	MonsterSpawnPoint	</type>
		<transform>
			<row0>	-0.965921 0.000000 0.258819	</row0>
			<row1>	0.000000 0.999997 0.000000	</row1>
			<row2>	-0.258819 0.000000 -0.965921	</row2>
			<row3>	-58.037998 15.164567 58.900131	</row3>
		</transform>
		<clientOnly>	false	</clientOnly>
		<properties>
			<entityName>	20741012	</entityName>
			<rediviousTime>	15.000000	</rediviousTime>
			<rediviousTotal>	1	</rediviousTotal>
			<randomWalkRange>	3.000000	</randomWalkRange>
			<patrolList>	</patrolList>
			<lineNumber>	0	</lineNumber>
			<patrolPathNode>	</patrolPathNode>
		</properties>
	</entity_8>
	<entity_9>
		<type>	MonsterSpawnPoint	</type>
		<transform>
			<row0>	-0.707104 0.000000 -0.707101	</row0>
			<row1>	0.000000 0.999996 0.000000	</row1>
			<row2>	0.707101 0.000000 -0.707104	</row2>
			<row3>	-65.336365 15.164566 55.843067	</row3>
		</transform>
		<clientOnly>	false	</clientOnly>
		<properties>
			<entityName>	20741012	</entityName>
			<rediviousTime>	15.000000	</rediviousTime>
			<rediviousTotal>	1	</rediviousTotal>
			<randomWalkRange>	3.000000	</randomWalkRange>
			<patrolList>	</patrolList>
			<lineNumber>	0	</lineNumber>
			<patrolPathNode>	</patrolPathNode>
		</properties>
	</entity_9>
	<entity_10>
		<type>	MonsterSpawnPoint	</type>
		<transform>
			<row0>	-0.999990 0.000000 0.000002	</row0>
			<row1>	0.000000 0.999995 0.000000	</row1>
			<row2>	-0.000002 0.000000 -0.999990	</row2>
			<row3>	-62.193436 15.164567 47.444420	</row3>
		</transform>
		<clientOnly>	false	</clientOnly>
		<properties>
			<entityName>	20741012	</entityName>
			<rediviousTime>	15.000000	</rediviousTime>
			<rediviousTotal>	1	</rediviousTotal>
			<randomWalkRange>	3.000000	</randomWalkRange>
			<patrolList>	</patrolList>
			<lineNumber>	0	</lineNumber>
			<patrolPathNode>	</patrolPathNode>
		</properties>
	</entity_10>
	<entity_11>
		<type>	MonsterSpawnPoint	</type>
		<transform>
			<row0>	-0.258819 0.000000 -0.965916	</row0>
			<row1>	0.000000 0.999995 0.000000	</row1>
			<row2>	0.965916 0.000000 -0.258819	</row2>
			<row3>	-54.185024 15.164568 37.738403	</row3>
		</transform>
		<clientOnly>	false	</clientOnly>
		<properties>
			<entityName>	20741012	</entityName>
			<rediviousTime>	15.000000	</rediviousTime>
			<rediviousTotal>	1	</rediviousTotal>
			<randomWalkRange>	3.000000	</randomWalkRange>
			<patrolList>	</patrolList>
			<lineNumber>	0	</lineNumber>
			<patrolPathNode>	</patrolPathNode>
		</properties>
	</entity_11>
	<entity_12>
		<type>	MonsterSpawnPoint	</type>
		<transform>
			<row0>	0.866020 0.000000 0.499995	</row0>
			<row1>	0.000000 0.999995 0.000000	</row1>
			<row2>	-0.499995 0.000000 0.866020	</row2>
			<row3>	-46.823673 15.164567 43.542416	</row3>
		</transform>
		<clientOnly>	false	</clientOnly>
		<properties>
			<entityName>	20741012	</entityName>
			<rediviousTime>	15.000000	</rediviousTime>
			<rediviousTotal>	1	</rediviousTotal>
			<randomWalkRange>	3.000000	</randomWalkRange>
			<patrolList>	</patrolList>
			<lineNumber>	0	</lineNumber>
			<patrolPathNode>	</patrolPathNode>
		</properties>
	</entity_12>
	<entity_13>
		<type>	MonsterSpawnPoint	</type>
		<transform>
			<row0>	-0.000002 0.000000 -0.999995	</row0>
			<row1>	0.000000 0.999996 0.000000	</row1>
			<row2>	0.999995 0.000000 -0.000002	</row2>
			<row3>	-38.658562 15.164569 66.189568	</row3>
		</transform>
		<clientOnly>	false	</clientOnly>
		<properties>
			<entityName>	20741012	</entityName>
			<rediviousTime>	15.000000	</rediviousTime>
			<rediviousTotal>	1	</rediviousTotal>
			<randomWalkRange>	3.000000	</randomWalkRange>
			<patrolList>	</patrolList>
			<lineNumber>	0	</lineNumber>
			<patrolPathNode>	</patrolPathNode>
		</properties>
	</entity_13>
	<entity_14>
		<type>	MonsterSpawnPoint	</type>
		<transform>
			<row0>	0.000002 0.000000 0.999992	</row0>
			<row1>	0.000000 0.999996 0.000000	</row1>
			<row2>	-0.999992 0.000000 0.000002	</row2>
			<row3>	-38.792381 15.164567 42.594368	</row3>
		</transform>
		<clientOnly>	false	</clientOnly>
		<properties>
			<entityName>	20741012	</entityName>
			<rediviousTime>	15.000000	</rediviousTime>
			<rediviousTotal>	1	</rediviousTotal>
			<randomWalkRange>	3.000000	</randomWalkRange>
			<patrolList>	</patrolList>
			<lineNumber>	0	</lineNumber>
			<patrolPathNode>	</patrolPathNode>
		</properties>
	</entity_14>
	<entity_15>
		<type>	MonsterSpawnPoint	</type>
		<transform>
			<row0>	-0.707097 0.000000 0.707100	</row0>
			<row1>	0.000000 0.999995 0.000000	</row1>
			<row2>	-0.707100 0.000000 -0.707097	</row2>
			<row3>	-57.798046 15.164568 42.704693	</row3>
		</transform>
		<clientOnly>	false	</clientOnly>
		<properties>
			<entityName>	20741012	</entityName>
			<rediviousTime>	15.000000	</rediviousTime>
			<rediviousTotal>	1	</rediviousTotal>
			<randomWalkRange>	3.000000	</randomWalkRange>
			<patrolList>	</patrolList>
			<lineNumber>	0	</lineNumber>
			<patrolPathNode>	</patrolPathNode>
		</properties>
	</entity_15>
	<entity_16>
		<type>	MonsterSpawnPoint	</type>
		<transform>
			<row0>	-0.499996 0.000000 -0.866015	</row0>
			<row1>	0.000000 0.999996 0.000000	</row1>
			<row2>	0.866015 0.000000 -0.499996	</row2>
			<row3>	-53.776169 15.164568 47.567993	</row3>
		</transform>
		<clientOnly>	false	</clientOnly>
		<properties>
			<entityName>	20741012	</entityName>
			<rediviousTime>	15.000000	</rediviousTime>
			<rediviousTotal>	1	</rediviousTotal>
			<randomWalkRange>	3.000000	</randomWalkRange>
			<patrolList>	</patrolList>
			<lineNumber>	0	</lineNumber>
			<patrolPathNode>	</patrolPathNode>
		</properties>
	</entity_16>
	<entity_17>
		<type>	MonsterSpawnPoint	</type>
		<transform>
			<row0>	0.499995 0.000000 -0.866021	</row0>
			<row1>	0.000000 0.999996 0.000000	</row1>
			<row2>	0.866021 0.000000 0.499995	</row2>
			<row3>	-50.867001 15.164570 52.666878	</row3>
		</transform>
		<clientOnly>	false	</clientOnly>
		<properties>
			<entityName>	20741012	</entityName>
			<rediviousTime>	15.000000	</rediviousTime>
			<rediviousTotal>	1	</rediviousTotal>
			<randomWalkRange>	3.000000	</randomWalkRange>
			<patrolList>	</patrolList>
			<lineNumber>	0	</lineNumber>
			<patrolPathNode>	</patrolPathNode>
		</properties>
	</entity_17>
	<entity_18>
		<type>	MonsterSpawnPoint	</type>
		<transform>
			<row0>	0.499998 0.000000 0.866018	</row0>
			<row1>	0.000000 0.999996 0.000000	</row1>
			<row2>	-0.866018 0.000000 0.499998	</row2>
			<row3>	-42.842518 15.164573 46.854633	</row3>
		</transform>
		<clientOnly>	false	</clientOnly>
		<properties>
			<entityName>	20741012	</entityName>
			<rediviousTime>	15.000000	</rediviousTime>
			<rediviousTotal>	1	</rediviousTotal>
			<randomWalkRange>	3.000000	</randomWalkRange>
			<patrolList>	</patrolList>
			<lineNumber>	0	</lineNumber>
			<patrolPathNode>	</patrolPathNode>
		</properties>
	</entity_18>
	<entity_19>
		<type>	SpaceDoor	</type>
		<transform>
			<row0>	0.000000 0.000000 -0.999999	</row0>
			<row1>	0.000000 0.999999 0.000000	</row1>
			<row2>	0.999999 0.000000 0.000000	</row2>
			<row3>	-50.114105 15.343678 152.573456	</row3>
		</transform>
		<clientOnly>	false	</clientOnly>
		<properties>
			<className>	</className>
			<useRectangle>	1	</useRectangle>
			<radius>	0.000000	</radius>
			<volume>	1.000000 6.000000 6.300000	</volume>
			<modelNumber>	gw7123	</modelNumber>
			<modelScale>	50.000000	</modelScale>
			<destSpace>	liu_wang_mu_004	</destSpace>
			<description>	</description>
			<uname>	</uname>
			<nickname>	</nickname>
			<destPosition>	137.001007 7.164000 -46.459000	</destPosition>
			<destDirection>	0.000000 -90.000000 0.000000	</destDirection>
			<patrolPathNode>	</patrolPathNode>
		</properties>
	</entity_19>
	<entity_20>
		<type>	MonsterSpawnPoint	</type>
		<transform>
			<row0>	0.000000 0.000000 -0.999998	</row0>
			<row1>	0.000000 0.999997 0.000000	</row1>
			<row2>	0.999998 0.000000 0.000000	</row2>
			<row3>	-63.872715 15.164566 142.383362	</row3>
		</transform>
		<clientOnly>	false	</clientOnly>
		<properties>
			<entityName>	20741012	</entityName>
			<rediviousTime>	15.000000	</rediviousTime>
			<rediviousTotal>	1	</rediviousTotal>
			<randomWalkRange>	3.000000	</randomWalkRange>
			<patrolList>	</patrolList>
			<lineNumber>	0	</lineNumber>
			<patrolPathNode>	</patrolPathNode>
		</properties>
	</entity_20>
	<entity_21>
		<type>	MonsterSpawnPoint	</type>
		<transform>
			<row0>	0.000001 0.000000 0.999996	</row0>
			<row1>	0.000000 0.999997 0.000000	</row1>
			<row2>	-0.999996 0.000000 0.000001	</row2>
			<row3>	-41.076290 15.164568 118.371643	</row3>
		</transform>
		<clientOnly>	false	</clientOnly>
		<properties>
			<entityName>	20741012	</entityName>
			<rediviousTime>	15.000000	</rediviousTime>
			<rediviousTotal>	1	</rediviousTotal>
			<randomWalkRange>	3.000000	</randomWalkRange>
			<patrolList>	</patrolList>
			<lineNumber>	0	</lineNumber>
			<patrolPathNode>	</patrolPathNode>
		</properties>
	</entity_21>
	<entity_22>
		<type>	MonsterSpawnPoint	</type>
		<transform>
			<row0>	0.258819 0.000000 0.965922	</row0>
			<row1>	0.000000 0.999997 0.000000	</row1>
			<row2>	-0.965922 0.000000 0.258819	</row2>
			<row3>	-36.122513 15.164572 126.139328	</row3>
		</transform>
		<clientOnly>	false	</clientOnly>
		<properties>
			<entityName>	20741012	</entityName>
			<rediviousTime>	15.000000	</rediviousTime>
			<rediviousTotal>	1	</rediviousTotal>
			<randomWalkRange>	3.000000	</randomWalkRange>
			<patrolList>	</patrolList>
			<lineNumber>	0	</lineNumber>
			<patrolPathNode>	</patrolPathNode>
		</properties>
	</entity_22>
	<entity_23>
		<type>	MonsterSpawnPoint	</type>
		<transform>
			<row0>	0.965923 0.000000 -0.258818	</row0>
			<row1>	0.000000 0.999997 0.000000	</row1>
			<row2>	0.258818 0.000000 0.965923	</row2>
			<row3>	-33.746689 15.164570 143.454041	</row3>
		</transform>
		<clientOnly>	false	</clientOnly>
		<properties>
			<entityName>	20741012	</entityName>
			<rediviousTime>	15.000000	</rediviousTime>
			<rediviousTotal>	1	</rediviousTotal>
			<randomWalkRange>	3.000000	</randomWalkRange>
			<patrolList>	</patrolList>
			<lineNumber>	0	</lineNumber>
			<patrolPathNode>	</patrolPathNode>
		</properties>
	</entity_23>
	<entity_24>
		<type>	MonsterSpawnPoint	</type>
		<transform>
			<row0>	-0.707105 0.000000 -0.707105	</row0>
			<row1>	0.000000 0.999997 0.000000	</row1>
			<row2>	0.707105 0.000000 -0.707105	</row2>
			<row3>	-40.354668 15.164567 147.067902	</row3>
		</transform>
		<clientOnly>	false	</clientOnly>
		<properties>
			<entityName>	20741012	</entityName>
			<rediviousTime>	15.000000	</rediviousTime>
			<rediviousTotal>	1	</rediviousTotal>
			<randomWalkRange>	3.000000	</randomWalkRange>
			<patrolList>	</patrolList>
			<lineNumber>	0	</lineNumber>
			<patrolPathNode>	</patrolPathNode>
		</properties>
	</entity_24>
	<entity_25>
		<type>	MonsterSpawnPoint	</type>
		<transform>
			<row0>	0.965923 0.000000 -0.258818	</row0>
			<row1>	0.000000 0.999997 0.000000	</row1>
			<row2>	0.258818 0.000000 0.965923	</row2>
			<row3>	-39.974964 15.164568 136.833099	</row3>
		</transform>
		<clientOnly>	false	</clientOnly>
		<properties>
			<entityName>	20741012	</entityName>
			<rediviousTime>	15.000000	</rediviousTime>
			<rediviousTotal>	1	</rediviousTotal>
			<randomWalkRange>	3.000000	</randomWalkRange>
			<patrolList>	</patrolList>
			<lineNumber>	0	</lineNumber>
			<patrolPathNode>	</patrolPathNode>
		</properties>
	</entity_25>
	<entity_26>
		<type>	MonsterSpawnPoint	</type>
		<transform>
			<row0>	0.499999 0.000000 -0.866023	</row0>
			<row1>	0.000000 0.999997 0.000000	</row1>
			<row2>	0.866023 0.000000 0.499999	</row2>
			<row3>	-58.332809 15.164571 145.039917	</row3>
		</transform>
		<clientOnly>	false	</clientOnly>
		<properties>
			<entityName>	20741012	</entityName>
			<rediviousTime>	15.000000	</rediviousTime>
			<rediviousTotal>	1	</rediviousTotal>
			<randomWalkRange>	3.000000	</randomWalkRange>
			<patrolList>	</patrolList>
			<lineNumber>	0	</lineNumber>
			<patrolPathNode>	</patrolPathNode>
		</properties>
	</entity_26>
	<entity_27>
		<type>	MonsterSpawnPoint	</type>
		<transform>
			<row0>	-0.707103 0.000000 0.707104	</row0>
			<row1>	0.000000 0.999997 0.000000	</row1>
			<row2>	-0.707104 0.000000 -0.707103	</row2>
			<row3>	-64.667389 15.164566 122.900124	</row3>
		</transform>
		<clientOnly>	false	</clientOnly>
		<properties>
			<entityName>	20741012	</entityName>
			<rediviousTime>	15.000000	</rediviousTime>
			<rediviousTotal>	1	</rediviousTotal>
			<randomWalkRange>	3.000000	</randomWalkRange>
			<patrolList>	</patrolList>
			<lineNumber>	0	</lineNumber>
			<patrolPathNode>	</patrolPathNode>
		</properties>
	</entity_27>
	<entity_28>
		<type>	MonsterSpawnPoint	</type>
		<transform>
			<row0>	-0.999995 0.000000 0.000001	</row0>
			<row1>	0.000000 0.999997 0.000000	</row1>
			<row2>	-0.000001 0.000000 -0.999995	</row2>
			<row3>	-57.603214 15.164570 119.556206	</row3>
		</transform>
		<clientOnly>	false	</clientOnly>
		<properties>
			<entityName>	20741012	</entityName>
			<rediviousTime>	15.000000	</rediviousTime>
			<rediviousTotal>	1	</rediviousTotal>
			<randomWalkRange>	3.000000	</randomWalkRange>
			<patrolList>	</patrolList>
			<lineNumber>	0	</lineNumber>
			<patrolPathNode>	</patrolPathNode>
		</properties>
	</entity_28>
	<entity_29>
		<type>	MonsterSpawnPoint	</type>
		<transform>
			<row0>	0.866023 0.000000 0.499997	</row0>
			<row1>	0.000000 0.999997 0.000000	</row1>
			<row2>	-0.499997 0.000000 0.866023	</row2>
			<row3>	-60.984562 15.164565 129.500519	</row3>
		</transform>
		<clientOnly>	false	</clientOnly>
		<properties>
			<entityName>	20741012	</entityName>
			<rediviousTime>	15.000000	</rediviousTime>
			<rediviousTotal>	1	</rediviousTotal>
			<randomWalkRange>	3.000000	</randomWalkRange>
			<patrolList>	</patrolList>
			<lineNumber>	0	</lineNumber>
			<patrolPathNode>	</patrolPathNode>
		</properties>
	</entity_29>
	<entity_30>
		<type>	MonsterSpawnPoint	</type>
		<transform>
			<row0>	0.965922 0.000000 0.258818	</row0>
			<row1>	0.000000 0.999997 0.000000	</row1>
			<row2>	-0.258818 0.000000 0.965922	</row2>
			<row3>	-39.630692 15.164570 130.607056	</row3>
		</transform>
		<clientOnly>	false	</clientOnly>
		<properties>
			<entityName>	20741012	</entityName>
			<rediviousTime>	15.000000	</rediviousTime>
			<rediviousTotal>	1	</rediviousTotal>
			<randomWalkRange>	3.000000	</randomWalkRange>
			<patrolList>	</patrolList>
			<lineNumber>	0	</lineNumber>
			<patrolPathNode>	</patrolPathNode>
		</properties>
	</entity_30>
	<entity_31>
		<type>	MonsterSpawnPoint	</type>
		<transform>
			<row0>	0.965923 0.000000 0.258817	</row0>
			<row1>	0.000000 0.999997 0.000000	</row1>
			<row2>	-0.258817 0.000000 0.965923	</row2>
			<row3>	-57.954880 15.164567 136.565765	</row3>
		</transform>
		<clientOnly>	false	</clientOnly>
		<properties>
			<entityName>	20741012	</entityName>
			<rediviousTime>	15.000000	</rediviousTime>
			<rediviousTotal>	1	</rediviousTotal>
			<randomWalkRange>	3.000000	</randomWalkRange>
			<patrolList>	</patrolList>
			<lineNumber>	0	</lineNumber>
			<patrolPathNode>	</patrolPathNode>
		</properties>
	</entity_31>
	<entity_32>
		<type>	MonsterSpawnPoint	</type>
		<transform>
			<row0>	-0.499990 0.000000 0.866016	</row0>
			<row1>	0.000000 0.999996 0.000000	</row1>
			<row2>	-0.866016 0.000000 -0.499990	</row2>
			<row3>	55.903946 8.355567 31.841934	</row3>
		</transform>
		<clientOnly>	false	</clientOnly>
		<properties>
			<entityName>	20751007	</entityName>
			<rediviousTime>	15.000000	</rediviousTime>
			<rediviousTotal>	1	</rediviousTotal>
			<randomWalkRange>	3.000000	</randomWalkRange>
			<patrolList>	</patrolList>
			<lineNumber>	0	</lineNumber>
			<patrolPathNode>	</patrolPathNode>
		</properties>
	</entity_32>
	<entity_33>
		<type>	MonsterSpawnPoint	</type>
		<transform>
			<row0>	-0.965912 0.000000 0.258819	</row0>
			<row1>	0.000000 0.999996 0.000000	</row1>
			<row2>	-0.258819 0.000000 -0.965912	</row2>
			<row3>	61.810688 8.355567 31.094873	</row3>
		</transform>
		<clientOnly>	false	</clientOnly>
		<properties>
			<entityName>	20751007	</entityName>
			<rediviousTime>	15.000000	</rediviousTime>
			<rediviousTotal>	1	</rediviousTotal>
			<randomWalkRange>	3.000000	</randomWalkRange>
			<patrolList>	</patrolList>
			<lineNumber>	0	</lineNumber>
			<patrolPathNode>	</patrolPathNode>
		</properties>
	</entity_33>
	<entity_34>
		<type>	MonsterSpawnPoint	</type>
		<transform>
			<row0>	0.499999 0.000000 0.866017	</row0>
			<row1>	0.000000 0.999996 0.000000	</row1>
			<row2>	-0.866017 0.000000 0.499999	</row2>
			<row3>	21.813921 8.355563 31.294458	</row3>
		</transform>
		<clientOnly>	false	</clientOnly>
		<properties>
			<entityName>	20751007	</entityName>
			<rediviousTime>	15.000000	</rediviousTime>
			<rediviousTotal>	1	</rediviousTotal>
			<randomWalkRange>	3.000000	</randomWalkRange>
			<patrolList>	</patrolList>
			<lineNumber>	0	</lineNumber>
			<patrolPathNode>	</patrolPathNode>
		</properties>
	</entity_34>
	<entity_35>
		<type>	MonsterSpawnPoint	</type>
		<transform>
			<row0>	0.866019 0.000000 -0.499999	</row0>
			<row1>	0.000000 0.999996 0.000000	</row1>
			<row2>	0.499999 0.000000 0.866019	</row2>
			<row3>	17.068209 7.164570 44.818943	</row3>
		</transform>
		<clientOnly>	false	</clientOnly>
		<properties>
			<entityName>	20751007	</entityName>
			<rediviousTime>	15.000000	</rediviousTime>
			<rediviousTotal>	1	</rediviousTotal>
			<randomWalkRange>	3.000000	</randomWalkRange>
			<patrolList>	</patrolList>
			<lineNumber>	0	</lineNumber>
			<patrolPathNode>	</patrolPathNode>
		</properties>
	</entity_35>
	<entity_36>
		<type>	MonsterSpawnPoint	</type>
		<transform>
			<row0>	0.999989 0.000000 -0.000003	</row0>
			<row1>	0.000000 0.999996 0.000000	</row1>
			<row2>	0.000003 0.000000 0.999989	</row2>
			<row3>	46.144100 8.355570 75.309517	</row3>
		</transform>
		<clientOnly>	false	</clientOnly>
		<properties>
			<entityName>	20751007	</entityName>
			<rediviousTime>	15.000000	</rediviousTime>
			<rediviousTotal>	1	</rediviousTotal>
			<randomWalkRange>	3.000000	</randomWalkRange>
			<patrolList>	</patrolList>
			<lineNumber>	0	</lineNumber>
			<patrolPathNode>	</patrolPathNode>
		</properties>
	</entity_36>
	<entity_37>
		<type>	MonsterSpawnPoint	</type>
		<transform>
			<row0>	-0.965917 0.000000 0.258820	</row0>
			<row1>	0.000000 0.999996 0.000000	</row1>
			<row2>	-0.258820 0.000000 -0.965917	</row2>
			<row3>	32.971664 8.355568 75.930473	</row3>
		</transform>
		<clientOnly>	false	</clientOnly>
		<properties>
			<entityName>	20751007	</entityName>
			<rediviousTime>	15.000000	</rediviousTime>
			<rediviousTotal>	1	</rediviousTotal>
			<randomWalkRange>	3.000000	</randomWalkRange>
			<patrolList>	</patrolList>
			<lineNumber>	0	</lineNumber>
			<patrolPathNode>	</patrolPathNode>
		</properties>
	</entity_37>
	<entity_38>
		<type>	MonsterSpawnPoint	</type>
		<transform>
			<row0>	0.499999 0.000000 0.866017	</row0>
			<row1>	0.000000 0.999996 0.000000	</row1>
			<row2>	-0.866017 0.000000 0.499999	</row2>
			<row3>	26.918566 7.164570 41.092377	</row3>
		</transform>
		<clientOnly>	false	</clientOnly>
		<properties>
			<entityName>	20751007	</entityName>
			<rediviousTime>	15.000000	</rediviousTime>
			<rediviousTotal>	1	</rediviousTotal>
			<randomWalkRange>	3.000000	</randomWalkRange>
			<patrolList>	</patrolList>
			<lineNumber>	0	</lineNumber>
			<patrolPathNode>	</patrolPathNode>
		</properties>
	</entity_38>
	<entity_39>
		<type>	MonsterSpawnPoint	</type>
		<transform>
			<row0>	-0.258814 0.000000 0.965919	</row0>
			<row1>	0.000000 0.999996 0.000000	</row1>
			<row2>	-0.965919 0.000000 -0.258814	</row2>
			<row3>	38.633968 7.164569 40.987133	</row3>
		</transform>
		<clientOnly>	false	</clientOnly>
		<properties>
			<entityName>	20751007	</entityName>
			<rediviousTime>	15.000000	</rediviousTime>
			<rediviousTotal>	1	</rediviousTotal>
			<randomWalkRange>	3.000000	</randomWalkRange>
			<patrolList>	</patrolList>
			<lineNumber>	0	</lineNumber>
			<patrolPathNode>	</patrolPathNode>
		</properties>
	</entity_39>
	<entity_40>
		<type>	MonsterSpawnPoint	</type>
		<transform>
			<row0>	0.707094 0.000000 -0.707099	</row0>
			<row1>	0.000000 0.999996 0.000000	</row1>
			<row2>	0.707099 0.000000 0.707094	</row2>
			<row3>	60.000519 7.164569 74.607979	</row3>
		</transform>
		<clientOnly>	false	</clientOnly>
		<properties>
			<entityName>	20751007	</entityName>
			<rediviousTime>	15.000000	</rediviousTime>
			<rediviousTotal>	1	</rediviousTotal>
			<randomWalkRange>	3.000000	</randomWalkRange>
			<patrolList>	</patrolList>
			<lineNumber>	0	</lineNumber>
			<patrolPathNode>	</patrolPathNode>
		</properties>
	</entity_40>
	<entity_41>
		<type>	MonsterSpawnPoint	</type>
		<transform>
			<row0>	-0.965914 0.000000 -0.258812	</row0>
			<row1>	0.000000 0.999996 0.000000	</row1>
			<row2>	0.258812 0.000000 -0.965914	</row2>
			<row3>	64.395729 7.164567 40.408619	</row3>
		</transform>
		<clientOnly>	false	</clientOnly>
		<properties>
			<entityName>	20751007	</entityName>
			<rediviousTime>	15.000000	</rediviousTime>
			<rediviousTotal>	1	</rediviousTotal>
			<randomWalkRange>	3.000000	</randomWalkRange>
			<patrolList>	</patrolList>
			<lineNumber>	0	</lineNumber>
			<patrolPathNode>	</patrolPathNode>
		</properties>
	</entity_41>
	<entity_42>
		<type>	MonsterSpawnPoint	</type>
		<transform>
			<row0>	0.707099 0.000000 0.707093	</row0>
			<row1>	0.000000 0.999995 0.000000	</row1>
			<row2>	-0.707093 0.000000 0.707099	</row2>
			<row3>	58.024555 7.164567 45.225067	</row3>
		</transform>
		<clientOnly>	false	</clientOnly>
		<properties>
			<entityName>	20751007	</entityName>
			<rediviousTime>	15.000000	</rediviousTime>
			<rediviousTotal>	1	</rediviousTotal>
			<randomWalkRange>	3.000000	</randomWalkRange>
			<patrolList>	</patrolList>
			<lineNumber>	0	</lineNumber>
			<patrolPathNode>	</patrolPathNode>
		</properties>
	</entity_42>
	<entity_43>
		<type>	MonsterSpawnPoint	</type>
		<transform>
			<row0>	-0.258812 0.000000 0.965914	</row0>
			<row1>	0.000000 0.999996 0.000000	</row1>
			<row2>	-0.965914 0.000000 -0.258812	</row2>
			<row3>	45.655540 7.164567 30.678551	</row3>
		</transform>
		<clientOnly>	false	</clientOnly>
		<properties>
			<entityName>	20751007	</entityName>
			<rediviousTime>	15.000000	</rediviousTime>
			<rediviousTotal>	1	</rediviousTotal>
			<randomWalkRange>	3.000000	</randomWalkRange>
			<patrolList>	</patrolList>
			<lineNumber>	0	</lineNumber>
			<patrolPathNode>	</patrolPathNode>
		</properties>
	</entity_43>
	<entity_44>
		<type>	MonsterSpawnPoint	</type>
		<transform>
			<row0>	-0.499993 0.000000 0.866020	</row0>
			<row1>	0.000000 0.999996 0.000000	</row1>
			<row2>	-0.866020 0.000000 -0.499993	</row2>
			<row3>	21.726789 7.164570 78.180840	</row3>
		</transform>
		<clientOnly>	false	</clientOnly>
		<properties>
			<entityName>	20751007	</entityName>
			<rediviousTime>	15.000000	</rediviousTime>
			<rediviousTotal>	1	</rediviousTotal>
			<randomWalkRange>	3.000000	</randomWalkRange>
			<patrolList>	</patrolList>
			<lineNumber>	0	</lineNumber>
			<patrolPathNode>	</patrolPathNode>
		</properties>
	</entity_44>
	<entity_45>
		<type>	MonsterSpawnPoint	</type>
		<transform>
			<row0>	0.965920 0.000000 0.258815	</row0>
			<row1>	0.000000 0.999996 0.000000	</row1>
			<row2>	-0.258815 0.000000 0.965920	</row2>
			<row3>	18.138750 7.164567 69.910484	</row3>
		</transform>
		<clientOnly>	false	</clientOnly>
		<properties>
			<entityName>	20751007	</entityName>
			<rediviousTime>	15.000000	</rediviousTime>
			<rediviousTotal>	1	</rediviousTotal>
			<randomWalkRange>	3.000000	</randomWalkRange>
			<patrolList>	</patrolList>
			<lineNumber>	0	</lineNumber>
			<patrolPathNode>	</patrolPathNode>
		</properties>
	</entity_45>
	<entity_46>
		<type>	MonsterSpawnPoint	</type>
		<transform>
			<row0>	0.999994 0.000000 -0.000002	</row0>
			<row1>	0.000000 0.999996 0.000000	</row1>
			<row2>	0.000002 0.000000 0.999994	</row2>
			<row3>	22.101572 7.164567 64.580544	</row3>
		</transform>
		<clientOnly>	false	</clientOnly>
		<properties>
			<entityName>	20751007	</entityName>
			<rediviousTime>	15.000000	</rediviousTime>
			<rediviousTotal>	1	</rediviousTotal>
			<randomWalkRange>	3.000000	</randomWalkRange>
			<patrolList>	</patrolList>
			<lineNumber>	0	</lineNumber>
			<patrolPathNode>	</patrolPathNode>
		</properties>
	</entity_46>
	<entity_47>
		<type>	MonsterSpawnPoint	</type>
		<transform>
			<row0>	0.866011 0.000000 -0.499996	</row0>
			<row1>	0.000000 0.999996 0.000000	</row1>
			<row2>	0.499996 0.000000 0.866011	</row2>
			<row3>	63.269333 7.164567 68.059258	</row3>
		</transform>
		<clientOnly>	false	</clientOnly>
		<properties>
			<entityName>	20751007	</entityName>
			<rediviousTime>	15.000000	</rediviousTime>
			<rediviousTotal>	1	</rediviousTotal>
			<randomWalkRange>	3.000000	</randomWalkRange>
			<patrolList>	</patrolList>
			<lineNumber>	0	</lineNumber>
			<patrolPathNode>	</patrolPathNode>
		</properties>
	</entity_47>
	<entity_48>
		<type>	MonsterSpawnPoint	</type>
		<transform>
			<row0>	0.965913 0.000000 0.258812	</row0>
			<row1>	0.000000 0.999996 0.000000	</row1>
			<row2>	-0.258812 0.000000 0.965913	</row2>
			<row3>	55.148819 7.164570 64.504814	</row3>
		</transform>
		<clientOnly>	false	</clientOnly>
		<properties>
			<entityName>	20751007	</entityName>
			<rediviousTime>	15.000000	</rediviousTime>
			<rediviousTotal>	1	</rediviousTotal>
			<randomWalkRange>	3.000000	</randomWalkRange>
			<patrolList>	</patrolList>
			<lineNumber>	0	</lineNumber>
			<patrolPathNode>	</patrolPathNode>
		</properties>
	</entity_48>
	<entity_49>
		<type>	MonsterSpawnPoint	</type>
		<transform>
			<row0>	0.866015 0.000000 -0.499997	</row0>
			<row1>	0.000000 0.999996 0.000000	</row1>
			<row2>	0.499997 0.000000 0.866015	</row2>
			<row3>	46.129704 7.164568 67.487175	</row3>
		</transform>
		<clientOnly>	false	</clientOnly>
		<properties>
			<entityName>	20751007	</entityName>
			<rediviousTime>	15.000000	</rediviousTime>
			<rediviousTotal>	1	</rediviousTotal>
			<randomWalkRange>	3.000000	</randomWalkRange>
			<patrolList>	</patrolList>
			<lineNumber>	0	</lineNumber>
			<patrolPathNode>	</patrolPathNode>
		</properties>
	</entity_49>
	<entity_50>
		<type>	MonsterSpawnPoint	</type>
		<transform>
			<row0>	-0.965918 0.000000 -0.258814	</row0>
			<row1>	0.000000 0.999996 0.000000	</row1>
			<row2>	0.258814 0.000000 -0.965918	</row2>
			<row3>	34.567841 7.164567 67.372353	</row3>
		</transform>
		<clientOnly>	false	</clientOnly>
		<properties>
			<entityName>	20751007	</entityName>
			<rediviousTime>	15.000000	</rediviousTime>
			<rediviousTotal>	1	</rediviousTotal>
			<randomWalkRange>	3.000000	</randomWalkRange>
			<patrolList>	</patrolList>
			<lineNumber>	0	</lineNumber>
			<patrolPathNode>	</patrolPathNode>
		</properties>
	</entity_50>
	<entity_51>
		<type>	MonsterSpawnPoint	</type>
		<transform>
			<row0>	0.258812 0.000000 -0.965913	</row0>
			<row1>	0.000000 0.999996 0.000000	</row1>
			<row2>	0.965913 0.000000 0.258812	</row2>
			<row3>	65.760979 7.164569 44.078579	</row3>
		</transform>
		<clientOnly>	false	</clientOnly>
		<properties>
			<entityName>	20751007	</entityName>
			<rediviousTime>	15.000000	</rediviousTime>
			<rediviousTotal>	1	</rediviousTotal>
			<randomWalkRange>	3.000000	</randomWalkRange>
			<patrolList>	</patrolList>
			<lineNumber>	0	</lineNumber>
			<patrolPathNode>	</patrolPathNode>
		</properties>
	</entity_51>
	<entity_52>
		<type>	MonsterSpawnPoint	</type>
		<transform>
			<row0>	0.965912 0.000000 0.258811	</row0>
			<row1>	0.000000 0.999996 0.000000	</row1>
			<row2>	-0.258811 0.000000 0.965912	</row2>
			<row3>	23.617273 8.432136 30.317120	</row3>
		</transform>
		<clientOnly>	false	</clientOnly>
		<properties>
			<entityName>	20751007	</entityName>
			<rediviousTime>	15.000000	</rediviousTime>
			<rediviousTotal>	1	</rediviousTotal>
			<randomWalkRange>	3.000000	</randomWalkRange>
			<patrolList>	</patrolList>
			<lineNumber>	0	</lineNumber>
			<patrolPathNode>	</patrolPathNode>
		</properties>
	</entity_52>
	<entity_53>
		<type>	MonsterSpawnPoint	</type>
		<transform>
			<row0>	0.499998 0.000000 0.866016	</row0>
			<row1>	0.000000 0.999995 0.000000	</row1>
			<row2>	-0.866016 0.000000 0.499998	</row2>
			<row3>	39.532333 7.164567 65.857445	</row3>
		</transform>
		<clientOnly>	false	</clientOnly>
		<properties>
			<entityName>	20751007	</entityName>
			<rediviousTime>	15.000000	</rediviousTime>
			<rediviousTotal>	1	</rediviousTotal>
			<randomWalkRange>	3.000000	</randomWalkRange>
			<patrolList>	</patrolList>
			<lineNumber>	0	</lineNumber>
			<patrolPathNode>	</patrolPathNode>
		</properties>
	</entity_53>
	<entity_54>
		<type>	MonsterSpawnPoint	</type>
		<transform>
			<row0>	0.499999 0.000000 0.866017	</row0>
			<row1>	0.000000 0.999996 0.000000	</row1>
			<row2>	-0.866017 0.000000 0.499999	</row2>
			<row3>	34.183029 7.164567 30.090599	</row3>
		</transform>
		<clientOnly>	false	</clientOnly>
		<properties>
			<entityName>	20751007	</entityName>
			<rediviousTime>	15.000000	</rediviousTime>
			<rediviousTotal>	1	</rediviousTotal>
			<randomWalkRange>	3.000000	</randomWalkRange>
			<patrolList>	</patrolList>
			<lineNumber>	0	</lineNumber>
			<patrolPathNode>	</patrolPathNode>
		</properties>
	</entity_54>
	<entity_55>
		<type>	MonsterSpawnPoint	</type>
		<transform>
			<row0>	0.258819 0.000000 0.965912	</row0>
			<row1>	0.000000 0.999995 0.000000	</row1>
			<row2>	-0.965912 0.000000 0.258819	</row2>
			<row3>	32.617912 7.164567 42.817520	</row3>
		</transform>
		<clientOnly>	false	</clientOnly>
		<properties>
			<entityName>	20751007	</entityName>
			<rediviousTime>	15.000000	</rediviousTime>
			<rediviousTotal>	1	</rediviousTotal>
			<randomWalkRange>	3.000000	</randomWalkRange>
			<patrolList>	</patrolList>
			<lineNumber>	0	</lineNumber>
			<patrolPathNode>	</patrolPathNode>
		</properties>
	</entity_55>
	<entity_56>
		<type>	MonsterSpawnPoint	</type>
		<transform>
			<row0>	-0.707099 0.000000 -0.707094	</row0>
			<row1>	0.000000 0.999996 0.000000	</row1>
			<row2>	0.707094 0.000000 -0.707099	</row2>
			<row3>	45.645649 7.164569 38.459007	</row3>
		</transform>
		<clientOnly>	false	</clientOnly>
		<properties>
			<entityName>	20751007	</entityName>
			<rediviousTime>	15.000000	</rediviousTime>
			<rediviousTotal>	1	</rediviousTotal>
			<randomWalkRange>	3.000000	</randomWalkRange>
			<patrolList>	</patrolList>
			<lineNumber>	0	</lineNumber>
			<patrolPathNode>	</patrolPathNode>
		</properties>
	</entity_56>
	<entity_57>
		<type>	MonsterSpawnPoint	</type>
		<transform>
			<row0>	-0.258819 0.000000 -0.965911	</row0>
			<row1>	0.000000 0.999996 0.000000	</row1>
			<row2>	0.965911 0.000000 -0.258819	</row2>
			<row3>	49.189846 7.164567 43.875008	</row3>
		</transform>
		<clientOnly>	false	</clientOnly>
		<properties>
			<entityName>	20751007	</entityName>
			<rediviousTime>	15.000000	</rediviousTime>
			<rediviousTotal>	1	</rediviousTotal>
			<randomWalkRange>	3.000000	</randomWalkRange>
			<patrolList>	</patrolList>
			<lineNumber>	0	</lineNumber>
			<patrolPathNode>	</patrolPathNode>
		</properties>
	</entity_57>
	<entity_58>
		<type>	MonsterSpawnPoint	</type>
		<transform>
			<row0>	0.866015 0.000000 0.499990	</row0>
			<row1>	0.000000 0.999996 0.000000	</row1>
			<row2>	-0.499990 0.000000 0.866015	</row2>
			<row3>	94.627907 7.164568 46.371666	</row3>
		</transform>
		<clientOnly>	false	</clientOnly>
		<properties>
			<entityName>	20751007	</entityName>
			<rediviousTime>	15.000000	</rediviousTime>
			<rediviousTotal>	1	</rediviousTotal>
			<randomWalkRange>	3.000000	</randomWalkRange>
			<patrolList>	</patrolList>
			<lineNumber>	0	</lineNumber>
			<patrolPathNode>	</patrolPathNode>
		</properties>
	</entity_58>
	<entity_59>
		<type>	MonsterSpawnPoint	</type>
		<transform>
			<row0>	0.707092 0.000000 -0.707096	</row0>
			<row1>	0.000000 0.999996 0.000000	</row1>
			<row2>	0.707096 0.000000 0.707092	</row2>
			<row3>	97.989067 7.164567 40.718456	</row3>
		</transform>
		<clientOnly>	false	</clientOnly>
		<properties>
			<entityName>	20751007	</entityName>
			<rediviousTime>	15.000000	</rediviousTime>
			<rediviousTotal>	1	</rediviousTotal>
			<randomWalkRange>	3.000000	</randomWalkRange>
			<patrolList>	</patrolList>
			<lineNumber>	0	</lineNumber>
			<patrolPathNode>	</patrolPathNode>
		</properties>
	</entity_59>
	<entity_60>
		<type>	MonsterSpawnPoint	</type>
		<transform>
			<row0>	-0.258811 0.000000 0.965913	</row0>
			<row1>	0.000000 0.999996 0.000000	</row1>
			<row2>	-0.965913 0.000000 -0.258811	</row2>
			<row3>	96.385956 7.164567 61.748142	</row3>
		</transform>
		<clientOnly>	false	</clientOnly>
		<properties>
			<entityName>	20751007	</entityName>
			<rediviousTime>	15.000000	</rediviousTime>
			<rediviousTotal>	1	</rediviousTotal>
			<randomWalkRange>	3.000000	</randomWalkRange>
			<patrolList>	</patrolList>
			<lineNumber>	0	</lineNumber>
			<patrolPathNode>	</patrolPathNode>
		</properties>
	</entity_60>
	<entity_61>
		<type>	SpaceDoor	</type>
		<transform>
			<row0>	-0.999998 0.000000 0.000000	</row0>
			<row1>	0.000000 0.999998 0.000000	</row1>
			<row2>	0.000000 0.000000 -0.999998	</row2>
			<row3>	129.166962 7.372593 53.569332	</row3>
		</transform>
		<clientOnly>	false	</clientOnly>
		<properties>
			<className>	</className>
			<useRectangle>	1	</useRectangle>
			<radius>	0.000000	</radius>
			<volume>	1.000000 6.000000 6.300000	</volume>
			<modelNumber>	gw7123	</modelNumber>
			<modelScale>	50.000000	</modelScale>
			<destSpace>	liu_wang_mu_006	</destSpace>
			<description>	</description>
			<uname>	</uname>
			<nickname>	</nickname>
			<destPosition>	122.554001 15.164000 167.350006	</destPosition>
			<destDirection>	0.000000 -180.000000 0.000000	</destDirection>
			<patrolPathNode>	</patrolPathNode>
		</properties>
	</entity_61>
	<entity_62>
		<type>	MonsterSpawnPoint	</type>
		<transform>
			<row0>	0.000004 0.000000 0.999985	</row0>
			<row1>	0.000000 0.999996 0.000000	</row1>
			<row2>	-0.999985 0.000000 0.000004	</row2>
			<row3>	100.736931 7.164567 63.753315	</row3>
		</transform>
		<clientOnly>	false	</clientOnly>
		<properties>
			<entityName>	20751007	</entityName>
			<rediviousTime>	15.000000	</rediviousTime>
			<rediviousTotal>	1	</rediviousTotal>
			<randomWalkRange>	3.000000	</randomWalkRange>
			<patrolList>	</patrolList>
			<lineNumber>	0	</lineNumber>
			<patrolPathNode>	</patrolPathNode>
		</properties>
	</entity_62>
	<entity_63>
		<type>	MonsterSpawnPoint	</type>
		<transform>
			<row0>	-0.965909 0.000000 0.258818	</row0>
			<row1>	0.000000 0.999996 0.000000	</row1>
			<row2>	-0.258818 0.000000 -0.965909	</row2>
			<row3>	123.308632 7.164569 61.000675	</row3>
		</transform>
		<clientOnly>	false	</clientOnly>
		<properties>
			<entityName>	20751007	</entityName>
			<rediviousTime>	15.000000	</rediviousTime>
			<rediviousTotal>	1	</rediviousTotal>
			<randomWalkRange>	3.000000	</randomWalkRange>
			<patrolList>	</patrolList>
			<lineNumber>	0	</lineNumber>
			<patrolPathNode>	</patrolPathNode>
		</properties>
	</entity_63>
	<entity_64>
		<type>	MonsterSpawnPoint	</type>
		<transform>
			<row0>	-0.258811 0.000000 0.965912	</row0>
			<row1>	0.000000 0.999996 0.000000	</row1>
			<row2>	-0.965912 0.000000 -0.258811	</row2>
			<row3>	107.760353 7.164567 66.330788	</row3>
		</transform>
		<clientOnly>	false	</clientOnly>
		<properties>
			<entityName>	20751007	</entityName>
			<rediviousTime>	15.000000	</rediviousTime>
			<rediviousTotal>	1	</rediviousTotal>
			<randomWalkRange>	3.000000	</randomWalkRange>
			<patrolList>	</patrolList>
			<lineNumber>	0	</lineNumber>
			<patrolPathNode>	</patrolPathNode>
		</properties>
	</entity_64>
	<entity_65>
		<type>	MonsterSpawnPoint	</type>
		<transform>
			<row0>	-0.866010 0.000000 0.499995	</row0>
