<root>
	<entity_1>
		<type>	MonsterSpawnPoint	</type>
		<transform>
			<row0>	0.707104 -0.000179 0.707104	</row0>
			<row1>	0.000000 0.999997 0.000253	</row1>
			<row2>	-0.707104 -0.000179 0.707104	</row2>
			<row3>	53.245045 15.164569 4.125113	</row3>
		</transform>
		<clientOnly>	false	</clientOnly>
		<properties>
			<entityName>	20721003	</entityName>
			<rediviousTime>	15.000000	</rediviousTime>
			<rediviousTotal>	1	</rediviousTotal>
			<randomWalkRange>	3.000000	</randomWalkRange>
			<patrolList>	</patrolList>
			<lineNumber>	0	</lineNumber>
			<patrolPathNode>	</patrolPathNode>
		</properties>
	</entity_1>
	<entity_2>
		<type>	MonsterSpawnPoint	</type>
		<transform>
			<row0>	-0.258818 0.000000 0.965922	</row0>
			<row1>	0.000000 0.999997 0.000000	</row1>
			<row2>	-0.965922 0.000000 -0.258818	</row2>
			<row3>	60.795204 15.164570 54.889317	</row3>
		</transform>
		<clientOnly>	false	</clientOnly>
		<properties>
			<entityName>	20721003	</entityName>
			<rediviousTime>	15.000000	</rediviousTime>
			<rediviousTotal>	1	</rediviousTotal>
			<randomWalkRange>	3.000000	</randomWalkRange>
			<patrolList>	</patrolList>
			<lineNumber>	0	</lineNumber>
			<patrolPathNode>	</patrolPathNode>
		</properties>
	</entity_2>
	<entity_3>
		<type>	MonsterSpawnPoint	</type>
		<transform>
			<row0>	-0.258818 0.000000 0.965922	</row0>
			<row1>	0.000000 0.999997 0.000000	</row1>
			<row2>	-0.965922 0.000000 -0.258818	</row2>
			<row3>	65.201088 15.164571 48.731937	</row3>
		</transform>
		<clientOnly>	false	</clientOnly>
		<properties>
			<entityName>	20721003	</entityName>
			<rediviousTime>	15.000000	</rediviousTime>
			<rediviousTotal>	1	</rediviousTotal>
			<randomWalkRange>	3.000000	</randomWalkRange>
			<patrolList>	</patrolList>
			<lineNumber>	0	</lineNumber>
			<patrolPathNode>	</patrolPathNode>
		</properties>
	</entity_3>
	<entity_4>
		<type>	MonsterSpawnPoint	</type>
		<transform>
			<row0>	0.000000 0.000000 0.999996	</row0>
			<row1>	0.000000 0.999997 0.000000	</row1>
			<row2>	-0.999996 0.000000 0.000000	</row2>
			<row3>	65.882500 15.164571 39.960323	</row3>
		</transform>
		<clientOnly>	false	</clientOnly>
		<properties>
			<entityName>	20721003	</entityName>
			<rediviousTime>	15.000000	</rediviousTime>
			<rediviousTotal>	1	</rediviousTotal>
			<randomWalkRange>	3.000000	</randomWalkRange>
			<patrolList>	</patrolList>
			<lineNumber>	0	</lineNumber>
			<patrolPathNode>	</patrolPathNode>
		</properties>
	</entity_4>
	<entity_5>
		<type>	MonsterSpawnPoint	</type>
		<transform>
			<row0>	-0.707104 0.000000 0.707104	</row0>
			<row1>	0.000000 0.999997 0.000000	</row1>
			<row2>	-0.707104 0.000000 -0.707104	</row2>
			<row3>	53.580547 15.164572 49.554333	</row3>
		</transform>
		<clientOnly>	false	</clientOnly>
		<properties>
			<entityName>	20721003	</entityName>
			<rediviousTime>	15.000000	</rediviousTime>
			<rediviousTotal>	1	</rediviousTotal>
			<randomWalkRange>	3.000000	</randomWalkRange>
			<patrolList>	</patrolList>
			<lineNumber>	0	</lineNumber>
			<patrolPathNode>	</patrolPathNode>
		</properties>
	</entity_5>
	<entity_6>
		<type>	MonsterSpawnPoint	</type>
		<transform>
			<row0>	-0.866022 0.000000 -0.499998	</row0>
			<row1>	0.000000 0.999997 0.000000	</row1>
			<row2>	0.499998 0.000000 -0.866022	</row2>
			<row3>	16.052469 15.164570 50.868183	</row3>
		</transform>
		<clientOnly>	false	</clientOnly>
		<properties>
			<entityName>	20721003	</entityName>
			<rediviousTime>	15.000000	</rediviousTime>
			<rediviousTotal>	1	</rediviousTotal>
			<randomWalkRange>	3.000000	</randomWalkRange>
			<patrolList>	</patrolList>
			<lineNumber>	0	</lineNumber>
			<patrolPathNode>	</patrolPathNode>
		</properties>
	</entity_6>
	<entity_7>
		<type>	MonsterSpawnPoint	</type>
		<transform>
			<row0>	-0.707104 0.000000 0.707104	</row0>
			<row1>	0.000000 0.999997 0.000000	</row1>
			<row2>	-0.707104 0.000000 -0.707104	</row2>
			<row3>	13.256644 15.164568 7.228775	</row3>
		</transform>
		<clientOnly>	false	</clientOnly>
		<properties>
			<entityName>	20721003	</entityName>
			<rediviousTime>	15.000000	</rediviousTime>
			<rediviousTotal>	1	</rediviousTotal>
			<randomWalkRange>	3.000000	</randomWalkRange>
			<patrolList>	</patrolList>
			<lineNumber>	0	</lineNumber>
			<patrolPathNode>	</patrolPathNode>
		</properties>
	</entity_7>
	<entity_8>
		<type>	MonsterSpawnPoint	</type>
		<transform>
			<row0>	0.707104 0.000000 0.707104	</row0>
			<row1>	0.000000 0.999997 0.000000	</row1>
			<row2>	-0.707104 0.000000 0.707104	</row2>
			<row3>	18.826103 15.164568 15.141051	</row3>
		</transform>
		<clientOnly>	false	</clientOnly>
		<properties>
			<entityName>	20721003	</entityName>
			<rediviousTime>	15.000000	</rediviousTime>
			<rediviousTotal>	1	</rediviousTotal>
			<randomWalkRange>	3.000000	</randomWalkRange>
			<patrolList>	</patrolList>
			<lineNumber>	0	</lineNumber>
			<patrolPathNode>	</patrolPathNode>
		</properties>
	</entity_8>
	<entity_9>
		<type>	MonsterSpawnPoint	</type>
		<transform>
			<row0>	-0.258818 0.000000 -0.965922	</row0>
			<row1>	0.000000 0.999997 0.000000	</row1>
			<row2>	0.965922 0.000000 -0.258818	</row2>
			<row3>	38.568424 15.164575 13.987017	</row3>
		</transform>
		<clientOnly>	false	</clientOnly>
		<properties>
			<entityName>	20721003	</entityName>
			<rediviousTime>	15.000000	</rediviousTime>
			<rediviousTotal>	1	</rediviousTotal>
			<randomWalkRange>	3.000000	</randomWalkRange>
			<patrolList>	</patrolList>
			<lineNumber>	0	</lineNumber>
			<patrolPathNode>	</patrolPathNode>
		</properties>
	</entity_9>
	<entity_10>
		<type>	MonsterSpawnPoint	</type>
		<transform>
			<row0>	0.000000 0.000000 -0.999996	</row0>
			<row1>	0.000000 0.999997 0.000000	</row1>
			<row2>	0.999996 0.000000 0.000000	</row2>
			<row3>	46.677151 15.164572 23.040829	</row3>
		</transform>
		<clientOnly>	false	</clientOnly>
		<properties>
			<entityName>	20721003	</entityName>
			<rediviousTime>	15.000000	</rediviousTime>
			<rediviousTotal>	1	</rediviousTotal>
			<randomWalkRange>	3.000000	</randomWalkRange>
			<patrolList>	</patrolList>
			<lineNumber>	0	</lineNumber>
			<patrolPathNode>	</patrolPathNode>
		</properties>
	</entity_10>
	<entity_11>
		<type>	MonsterSpawnPoint	</type>
		<transform>
			<row0>	-0.866021 0.000000 -0.499998	</row0>
			<row1>	0.000000 0.999996 0.000000	</row1>
			<row2>	0.499998 0.000000 -0.866021	</row2>
			<row3>	42.287472 15.164572 29.957445	</row3>
		</transform>
		<clientOnly>	false	</clientOnly>
		<properties>
			<entityName>	20721003	</entityName>
			<rediviousTime>	15.000000	</rediviousTime>
			<rediviousTotal>	1	</rediviousTotal>
			<randomWalkRange>	3.000000	</randomWalkRange>
			<patrolList>	</patrolList>
			<lineNumber>	0	</lineNumber>
			<patrolPathNode>	</patrolPathNode>
		</properties>
	</entity_11>
	<entity_12>
		<type>	MonsterSpawnPoint	</type>
		<transform>
			<row0>	0.000000 0.000000 0.999996	</row0>
			<row1>	0.000000 0.999997 0.000000	</row1>
			<row2>	-0.999996 0.000000 0.000000	</row2>
			<row3>	13.430289 15.164569 36.185261	</row3>
		</transform>
		<clientOnly>	false	</clientOnly>
		<properties>
			<entityName>	20721003	</entityName>
			<rediviousTime>	15.000000	</rediviousTime>
			<rediviousTotal>	1	</rediviousTotal>
			<randomWalkRange>	3.000000	</randomWalkRange>
			<patrolList>	</patrolList>
			<lineNumber>	0	</lineNumber>
			<patrolPathNode>	</patrolPathNode>
		</properties>
	</entity_12>
	<entity_13>
		<type>	MonsterSpawnPoint	</type>
		<transform>
			<row0>	0.965921 0.000000 0.258818	</row0>
			<row1>	0.000000 0.999996 0.000000	</row1>
			<row2>	-0.258818 0.000000 0.965921	</row2>
			<row3>	15.185737 15.164570 25.661058	</row3>
		</transform>
		<clientOnly>	false	</clientOnly>
		<properties>
			<entityName>	20721003	</entityName>
			<rediviousTime>	15.000000	</rediviousTime>
			<rediviousTotal>	1	</rediviousTotal>
			<randomWalkRange>	3.000000	</randomWalkRange>
			<patrolList>	</patrolList>
			<lineNumber>	0	</lineNumber>
			<patrolPathNode>	</patrolPathNode>
		</properties>
	</entity_13>
	<entity_14>
		<type>	MonsterSpawnPoint	</type>
		<transform>
			<row0>	-0.965922 0.000000 0.258818	</row0>
			<row1>	0.000000 0.999997 0.000000	</row1>
			<row2>	-0.258818 0.000000 -0.965922	</row2>
			<row3>	52.294815 15.164573 26.615854	</row3>
		</transform>
		<clientOnly>	false	</clientOnly>
		<properties>
			<entityName>	20721003	</entityName>
			<rediviousTime>	15.000000	</rediviousTime>
			<rediviousTotal>	1	</rediviousTotal>
			<randomWalkRange>	3.000000	</randomWalkRange>
			<patrolList>	</patrolList>
			<lineNumber>	0	</lineNumber>
			<patrolPathNode>	</patrolPathNode>
		</properties>
	</entity_14>
	<entity_15>
		<type>	MonsterSpawnPoint	</type>
		<transform>
			<row0>	-0.707104 0.000000 -0.707104	</row0>
			<row1>	0.000000 0.999997 0.000000	</row1>
			<row2>	0.707104 0.000000 -0.707104	</row2>
			<row3>	59.078999 15.164572 42.495533	</row3>
		</transform>
		<clientOnly>	false	</clientOnly>
		<properties>
			<entityName>	20721003	</entityName>
			<rediviousTime>	15.000000	</rediviousTime>
			<rediviousTotal>	1	</rediviousTotal>
			<randomWalkRange>	3.000000	</randomWalkRange>
			<patrolList>	</patrolList>
			<lineNumber>	0	</lineNumber>
			<patrolPathNode>	</patrolPathNode>
		</properties>
	</entity_15>
	<entity_16>
		<type>	MonsterSpawnPoint	</type>
		<transform>
			<row0>	-0.999996 0.000000 0.000000	</row0>
			<row1>	0.000000 0.999997 0.000000	</row1>
			<row2>	0.000000 0.000000 -0.999996	</row2>
			<row3>	39.942970 15.164571 41.153965	</row3>
		</transform>
		<clientOnly>	false	</clientOnly>
		<properties>
			<entityName>	20721003	</entityName>
			<rediviousTime>	15.000000	</rediviousTime>
			<rediviousTotal>	1	</rediviousTotal>
			<randomWalkRange>	3.000000	</randomWalkRange>
			<patrolList>	</patrolList>
			<lineNumber>	0	</lineNumber>
			<patrolPathNode>	</patrolPathNode>
		</properties>
	</entity_16>
	<entity_17>
		<type>	MonsterSpawnPoint	</type>
		<transform>
			<row0>	0.965922 0.000000 -0.258818	</row0>
			<row1>	0.000000 0.999997 0.000000	</row1>
			<row2>	0.258818 0.000000 0.965922	</row2>
			<row3>	33.282604 15.164575 31.179848	</row3>
		</transform>
		<clientOnly>	false	</clientOnly>
		<properties>
			<entityName>	20721003	</entityName>
			<rediviousTime>	15.000000	</rediviousTime>
			<rediviousTotal>	1	</rediviousTotal>
			<randomWalkRange>	3.000000	</randomWalkRange>
			<patrolList>	</patrolList>
			<lineNumber>	0	</lineNumber>
			<patrolPathNode>	</patrolPathNode>
		</properties>
	</entity_17>
	<entity_18>
		<type>	MonsterSpawnPoint	</type>
		<transform>
			<row0>	0.707104 0.000000 0.707104	</row0>
			<row1>	0.000000 0.999997 0.000000	</row1>
			<row2>	-0.707104 0.000000 0.707104	</row2>
			<row3>	21.507175 15.164567 28.416059	</row3>
		</transform>
		<clientOnly>	false	</clientOnly>
		<properties>
			<entityName>	20721003	</entityName>
			<rediviousTime>	15.000000	</rediviousTime>
			<rediviousTotal>	1	</rediviousTotal>
			<randomWalkRange>	3.000000	</randomWalkRange>
			<patrolList>	</patrolList>
			<lineNumber>	0	</lineNumber>
			<patrolPathNode>	</patrolPathNode>
		</properties>
	</entity_18>
	<entity_19>
		<type>	MonsterSpawnPoint	</type>
		<transform>
			<row0>	-0.866022 0.000000 -0.499998	</row0>
			<row1>	0.000000 0.999997 0.000000	</row1>
			<row2>	0.499998 0.000000 -0.866022	</row2>
			<row3>	22.350641 15.164569 35.383591	</row3>
		</transform>
		<clientOnly>	false	</clientOnly>
		<properties>
			<entityName>	20721003	</entityName>
			<rediviousTime>	15.000000	</rediviousTime>
			<rediviousTotal>	1	</rediviousTotal>
			<randomWalkRange>	3.000000	</randomWalkRange>
			<patrolList>	</patrolList>
			<lineNumber>	0	</lineNumber>
			<patrolPathNode>	</patrolPathNode>
		</properties>
	</entity_19>
	<entity_20>
		<type>	MonsterSpawnPoint	</type>
		<transform>
			<row0>	0.965922 0.000000 0.258818	</row0>
			<row1>	0.000000 0.999997 0.000000	</row1>
			<row2>	-0.258818 0.000000 0.965922	</row2>
			<row3>	67.643608 15.164573 6.343725	</row3>
		</transform>
		<clientOnly>	false	</clientOnly>
		<properties>
			<entityName>	20721003	</entityName>
			<rediviousTime>	15.000000	</rediviousTime>
			<rediviousTotal>	1	</rediviousTotal>
			<randomWalkRange>	3.000000	</randomWalkRange>
			<patrolList>	</patrolList>
			<lineNumber>	0	</lineNumber>
			<patrolPathNode>	</patrolPathNode>
		</properties>
	</entity_20>
	<entity_21>
		<type>	MonsterSpawnPoint	</type>
		<transform>
			<row0>	0.000000 0.000000 0.999996	</row0>
			<row1>	0.000000 0.999997 0.000000	</row1>
			<row2>	-0.999996 0.000000 0.000000	</row2>
			<row3>	64.027107 15.164568 11.848136	</row3>
		</transform>
		<clientOnly>	false	</clientOnly>
		<properties>
			<entityName>	20721003	</entityName>
			<rediviousTime>	15.000000	</rediviousTime>
			<rediviousTotal>	1	</rediviousTotal>
			<randomWalkRange>	3.000000	</randomWalkRange>
			<patrolList>	</patrolList>
			<lineNumber>	0	</lineNumber>
			<patrolPathNode>	</patrolPathNode>
		</properties>
	</entity_21>
	<entity_22>
		<type>	MonsterSpawnPoint	</type>
		<transform>
			<row0>	-0.707103 -0.000345 0.707103	</row0>
			<row1>	-0.000488 0.999996 0.000000	</row1>
			<row2>	-0.707103 -0.000345 -0.707103	</row2>
			<row3>	59.812634 15.164567 4.122890	</row3>
		</transform>
		<clientOnly>	false	</clientOnly>
		<properties>
			<entityName>	20721003	</entityName>
			<rediviousTime>	15.000000	</rediviousTime>
			<rediviousTotal>	1	</rediviousTotal>
			<randomWalkRange>	3.000000	</randomWalkRange>
			<patrolList>	</patrolList>
			<lineNumber>	0	</lineNumber>
			<patrolPathNode>	</patrolPathNode>
		</properties>
	</entity_22>
	<entity_23>
		<type>	MonsterSpawnPoint	</type>
		<transform>
			<row0>	0.499997 0.000000 0.866021	</row0>
			<row1>	0.000000 0.999996 0.000000	</row1>
			<row2>	-0.866021 0.000000 0.499997	</row2>
			<row3>	45.346714 15.164571 11.176173	</row3>
		</transform>
		<clientOnly>	false	</clientOnly>
		<properties>
			<entityName>	20721003	</entityName>
			<rediviousTime>	15.000000	</rediviousTime>
			<rediviousTotal>	1	</rediviousTotal>
			<randomWalkRange>	3.000000	</randomWalkRange>
			<patrolList>	</patrolList>
			<lineNumber>	0	</lineNumber>
			<patrolPathNode>	</patrolPathNode>
		</properties>
	</entity_23>
	<entity_24>
		<type>	MonsterSpawnPoint	</type>
		<transform>
			<row0>	-0.866020 -0.000248 0.499997	</row0>
			<row1>	-0.000286 0.999996 0.000000	</row1>
			<row2>	-0.499997 -0.000143 -0.866020	</row2>
			<row3>	52.517620 15.164572 14.836363	</row3>
		</transform>
		<clientOnly>	false	</clientOnly>
		<properties>
			<entityName>	20721003	</entityName>
			<rediviousTime>	15.000000	</rediviousTime>
			<rediviousTotal>	1	</rediviousTotal>
			<randomWalkRange>	3.000000	</randomWalkRange>
			<patrolList>	</patrolList>
			<lineNumber>	0	</lineNumber>
			<patrolPathNode>	</patrolPathNode>
		</properties>
	</entity_24>
	<entity_25>
		<type>	MonsterSpawnPoint	</type>
		<transform>
			<row0>	-0.866022 0.000000 0.499998	</row0>
			<row1>	0.000000 0.999997 0.000000	</row1>
			<row2>	-0.499998 0.000000 -0.866022	</row2>
			<row3>	30.890747 15.164571 4.394207	</row3>
		</transform>
		<clientOnly>	false	</clientOnly>
		<properties>
			<entityName>	20721003	</entityName>
			<rediviousTime>	15.000000	</rediviousTime>
			<rediviousTotal>	1	</rediviousTotal>
			<randomWalkRange>	3.000000	</randomWalkRange>
			<patrolList>	</patrolList>
			<lineNumber>	0	</lineNumber>
			<patrolPathNode>	</patrolPathNode>
		</properties>
	</entity_25>
	<entity_26>
		<type>	MonsterSpawnPoint	</type>
		<transform>
			<row0>	-0.999996 0.000000 0.000000	</row0>
			<row1>	0.000000 0.999997 0.000000	</row1>
			<row2>	0.000000 0.000000 -0.999996	</row2>
			<row3>	39.141766 15.164571 4.532159	</row3>
		</transform>
		<clientOnly>	false	</clientOnly>
		<properties>
			<entityName>	20721003	</entityName>
			<rediviousTime>	15.000000	</rediviousTime>
			<rediviousTotal>	1	</rediviousTotal>
			<randomWalkRange>	3.000000	</randomWalkRange>
			<patrolList>	</patrolList>
			<lineNumber>	0	</lineNumber>
			<patrolPathNode>	</patrolPathNode>
		</properties>
	</entity_26>
	<entity_27>
		<type>	MonsterSpawnPoint	</type>
		<transform>
			<row0>	-0.258818 0.000000 0.965922	</row0>
			<row1>	0.000000 0.999997 0.000000	</row1>
			<row2>	-0.965922 0.000000 -0.258818	</row2>
			<row3>	20.149572 15.164572 5.480599	</row3>
		</transform>
		<clientOnly>	false	</clientOnly>
		<properties>
			<entityName>	20721003	</entityName>
			<rediviousTime>	15.000000	</rediviousTime>
			<rediviousTotal>	1	</rediviousTotal>
			<randomWalkRange>	3.000000	</randomWalkRange>
			<patrolList>	</patrolList>
			<lineNumber>	0	</lineNumber>
			<patrolPathNode>	</patrolPathNode>
		</properties>
	</entity_27>
	<entity_28>
		<type>	MonsterSpawnPoint	</type>
		<transform>
			<row0>	-0.999996 0.000000 0.000000	</row0>
			<row1>	0.000000 0.999997 0.000000	</row1>
			<row2>	0.000000 0.000000 -0.999996	</row2>
			<row3>	24.900972 15.164568 53.507198	</row3>
		</transform>
		<clientOnly>	false	</clientOnly>
		<properties>
			<entityName>	20721003	</entityName>
			<rediviousTime>	15.000000	</rediviousTime>
			<rediviousTotal>	1	</rediviousTotal>
			<randomWalkRange>	3.000000	</randomWalkRange>
			<patrolList>	</patrolList>
			<lineNumber>	0	</lineNumber>
			<patrolPathNode>	</patrolPathNode>
		</properties>
	</entity_28>
	<entity_29>
		<type>	MonsterSpawnPoint	</type>
		<transform>
			<row0>	-0.866022 0.000000 -0.499998	</row0>
			<row1>	0.000000 0.999997 0.000000	</row1>
			<row2>	0.499998 0.000000 -0.866022	</row2>
			<row3>	34.458759 15.164566 52.234821	</row3>
		</transform>
		<clientOnly>	false	</clientOnly>
		<properties>
			<entityName>	20721003	</entityName>
			<rediviousTime>	15.000000	</rediviousTime>
			<rediviousTotal>	1	</rediviousTotal>
			<randomWalkRange>	3.000000	</randomWalkRange>
			<patrolList>	</patrolList>
			<lineNumber>	0	</lineNumber>
			<patrolPathNode>	</patrolPathNode>
		</properties>
	</entity_29>
	<entity_30>
		<type>	MonsterSpawnPoint	</type>
		<transform>
			<row0>	-0.707104 0.000000 0.707104	</row0>
			<row1>	0.000000 0.999997 0.000000	</row1>
			<row2>	-0.707104 0.000000 -0.707104	</row2>
			<row3>	28.621134 15.164569 37.968311	</row3>
		</transform>
		<clientOnly>	false	</clientOnly>
		<properties>
			<entityName>	20721003	</entityName>
			<rediviousTime>	15.000000	</rediviousTime>
			<rediviousTotal>	1	</rediviousTotal>
			<randomWalkRange>	3.000000	</randomWalkRange>
			<patrolList>	</patrolList>
			<lineNumber>	0	</lineNumber>
			<patrolPathNode>	</patrolPathNode>
		</properties>
	</entity_30>
	<entity_31>
		<type>	MonsterSpawnPoint	</type>
		<transform>
			<row0>	0.866020 -0.000219 0.499996	</row0>
			<row1>	0.000254 0.999995 0.000000	</row1>
			<row2>	-0.499996 0.000125 0.866020	</row2>
			<row3>	25.145111 15.164573 45.952717	</row3>
		</transform>
		<clientOnly>	false	</clientOnly>
		<properties>
			<entityName>	20721003	</entityName>
			<rediviousTime>	15.000000	</rediviousTime>
			<rediviousTotal>	1	</rediviousTotal>
			<randomWalkRange>	3.000000	</randomWalkRange>
			<patrolList>	</patrolList>
			<lineNumber>	0	</lineNumber>
			<patrolPathNode>	</patrolPathNode>
		</properties>
	</entity_31>
	<entity_32>
		<type>	MonsterSpawnPoint	</type>
		<transform>
			<row0>	-0.258818 0.000000 -0.965922	</row0>
			<row1>	0.000000 0.999997 0.000000	</row1>
			<row2>	0.965922 0.000000 -0.258818	</row2>
			<row3>	18.126751 15.164573 42.602852	</row3>
		</transform>
		<clientOnly>	false	</clientOnly>
		<properties>
			<entityName>	20721003	</entityName>
			<rediviousTime>	15.000000	</rediviousTime>
			<rediviousTotal>	1	</rediviousTotal>
			<randomWalkRange>	3.000000	</randomWalkRange>
			<patrolList>	</patrolList>
			<lineNumber>	0	</lineNumber>
			<patrolPathNode>	</patrolPathNode>
		</properties>
	</entity_32>
	<entity_33>
		<type>	MonsterSpawnPoint	</type>
		<transform>
			<row0>	-0.258818 0.000000 0.965922	</row0>
			<row1>	0.000000 0.999997 0.000000	</row1>
			<row2>	-0.965922 0.000000 -0.258818	</row2>
			<row3>	31.039312 15.164572 12.847724	</row3>
		</transform>
		<clientOnly>	false	</clientOnly>
		<properties>
			<entityName>	20721003	</entityName>
			<rediviousTime>	15.000000	</rediviousTime>
			<rediviousTotal>	1	</rediviousTotal>
			<randomWalkRange>	3.000000	</randomWalkRange>
			<patrolList>	</patrolList>
			<lineNumber>	0	</lineNumber>
			<patrolPathNode>	</patrolPathNode>
		</properties>
	</entity_33>
	<entity_34>
		<type>	MonsterSpawnPoint	</type>
		<transform>
			<row0>	-0.707104 0.000000 0.707103	</row0>
			<row1>	0.000000 0.999997 0.000000	</row1>
			<row2>	-0.707103 0.000000 -0.707104	</row2>
			<row3>	27.219652 15.164573 23.532187	</row3>
		</transform>
		<clientOnly>	false	</clientOnly>
		<properties>
			<entityName>	20721003	</entityName>
			<rediviousTime>	15.000000	</rediviousTime>
			<rediviousTotal>	1	</rediviousTotal>
			<randomWalkRange>	3.000000	</randomWalkRange>
			<patrolList>	</patrolList>
			<lineNumber>	0	</lineNumber>
			<patrolPathNode>	</patrolPathNode>
		</properties>
	</entity_34>
	<entity_35>
		<type>	MonsterSpawnPoint	</type>
		<transform>
			<row0>	-0.999996 0.000000 0.000000	</row0>
			<row1>	0.000000 0.999997 0.000000	</row1>
			<row2>	0.000000 0.000000 -0.999996	</row2>
			<row3>	22.599237 18.089611 20.058640	</row3>
		</transform>
		<clientOnly>	false	</clientOnly>
		<properties>
			<entityName>	20721003	</entityName>
			<rediviousTime>	15.000000	</rediviousTime>
			<rediviousTotal>	1	</rediviousTotal>
			<randomWalkRange>	3.000000	</randomWalkRange>
			<patrolList>	</patrolList>
			<lineNumber>	0	</lineNumber>
			<patrolPathNode>	</patrolPathNode>
		</properties>
	</entity_35>
	<entity_36>
		<type>	MonsterSpawnPoint	</type>
		<transform>
			<row0>	0.258818 0.000000 -0.965922	</row0>
			<row1>	0.000000 0.999997 0.000000	</row1>
			<row2>	0.965922 0.000000 0.258818	</row2>
			<row3>	64.713417 15.164572 21.844036	</row3>
		</transform>
		<clientOnly>	false	</clientOnly>
		<properties>
			<entityName>	20721003	</entityName>
			<rediviousTime>	15.000000	</rediviousTime>
			<rediviousTotal>	1	</rediviousTotal>
			<randomWalkRange>	3.000000	</randomWalkRange>
			<patrolList>	</patrolList>
			<lineNumber>	0	</lineNumber>
			<patrolPathNode>	</patrolPathNode>
		</properties>
	</entity_36>
	<entity_37>
		<type>	MonsterSpawnPoint	</type>
		<transform>
			<row0>	0.707104 0.000000 -0.707104	</row0>
			<row1>	0.000000 0.999997 0.000000	</row1>
			<row2>	0.707104 0.000000 0.707104	</row2>
			<row3>	58.094135 15.164569 20.220066	</row3>
		</transform>
		<clientOnly>	false	</clientOnly>
		<properties>
			<entityName>	20721003	</entityName>
			<rediviousTime>	15.000000	</rediviousTime>
			<rediviousTotal>	1	</rediviousTotal>
			<randomWalkRange>	3.000000	</randomWalkRange>
			<patrolList>	</patrolList>
			<lineNumber>	0	</lineNumber>
			<patrolPathNode>	</patrolPathNode>
		</properties>
	</entity_37>
	<entity_38>
		<stopLinkStation>	00000000.00000000.00000000.00000000	</stopLinkStation>
		<animation>	</animation>
		<animationEven>	</animationEven>
		<type>	MonsterSpawnPoint	</type>
		<transform>
			<row0>	0.866022 0.000000 -0.499998	</row0>
			<row1>	0.000000 0.999997 0.000000	</row1>
			<row2>	0.499998 0.000000 0.866022	</row2>
			<row3>	56.160797 15.164569 119.075027	</row3>
		</transform>
		<clientOnly>	false	</clientOnly>
		<properties>
			<entityName>	20721003	</entityName>
			<rediviousTime>	15.000000	</rediviousTime>
			<rediviousTotal>	1	</rediviousTotal>
			<randomWalkRange>	3.000000	</randomWalkRange>
			<patrolList>	</patrolList>
			<lineNumber>	0	</lineNumber>
			<patrolPathNode>	</patrolPathNode>
			<actionDefaultName>	</actionDefaultName>
			<ownModelName>	</ownModelName>
		</properties>
	</entity_38>
	<entity_39>
		<stopLinkStation>	00000000.00000000.00000000.00000000	</stopLinkStation>
		<animation>	</animation>
		<animationEven>	</animationEven>
		<type>	MonsterSpawnPoint	</type>
		<transform>
			<row0>	-0.707103 0.000000 -0.707104	</row0>
			<row1>	0.000000 0.999997 0.000000	</row1>
			<row2>	0.707104 0.000000 -0.707103	</row2>
			<row3>	32.542450 15.164568 134.048004	</row3>
		</transform>
		<clientOnly>	false	</clientOnly>
		<properties>
			<entityName>	20721003	</entityName>
			<rediviousTime>	15.000000	</rediviousTime>
			<rediviousTotal>	1	</rediviousTotal>
			<randomWalkRange>	3.000000	</randomWalkRange>
			<patrolList>	</patrolList>
			<lineNumber>	0	</lineNumber>
			<patrolPathNode>	</patrolPathNode>
			<actionDefaultName>	</actionDefaultName>
			<ownModelName>	</ownModelName>
		</properties>
	</entity_39>
	<entity_40>
		<stopLinkStation>	00000000.00000000.00000000.00000000	</stopLinkStation>
		<animation>	</animation>
		<animationEven>	</animationEven>
		<type>	MonsterSpawnPoint	</type>
		<transform>
			<row0>	-0.999996 0.000000 0.000000	</row0>
			<row1>	0.000000 0.999997 0.000000	</row1>
			<row2>	0.000000 0.000000 -0.999996	</row2>
			<row3>	24.990337 15.164567 134.108704	</row3>
		</transform>
		<clientOnly>	false	</clientOnly>
		<properties>
			<entityName>	20721003	</entityName>
			<rediviousTime>	15.000000	</rediviousTime>
			<rediviousTotal>	1	</rediviousTotal>
			<randomWalkRange>	3.000000	</randomWalkRange>
			<patrolList>	</patrolList>
			<lineNumber>	0	</lineNumber>
			<patrolPathNode>	</patrolPathNode>
			<actionDefaultName>	</actionDefaultName>
			<ownModelName>	</ownModelName>
		</properties>
	</entity_40>
	<entity_41>
		<stopLinkStation>	00000000.00000000.00000000.00000000	</stopLinkStation>
		<animation>	</animation>
		<animationEven>	</animationEven>
		<type>	MonsterSpawnPoint	</type>
		<transform>
			<row0>	-0.866022 0.000000 -0.499998	</row0>
			<row1>	0.000000 0.999997 0.000000	</row1>
			<row2>	0.499998 0.000000 -0.866022	</row2>
			<row3>	46.765518 15.164570 102.398933	</row3>
		</transform>
		<clientOnly>	false	</clientOnly>
		<properties>
			<entityName>	20721003	</entityName>
			<rediviousTime>	15.000000	</rediviousTime>
			<rediviousTotal>	1	</rediviousTotal>
			<randomWalkRange>	3.000000	</randomWalkRange>
			<patrolList>	</patrolList>
			<lineNumber>	0	</lineNumber>
			<patrolPathNode>	</patrolPathNode>
			<actionDefaultName>	</actionDefaultName>
			<ownModelName>	</ownModelName>
		</properties>
	</entity_41>
	<entity_42>
		<stopLinkStation>	00000000.00000000.00000000.00000000	</stopLinkStation>
		<animation>	</animation>
		<animationEven>	</animationEven>
		<type>	MonsterSpawnPoint	</type>
		<transform>
			<row0>	-0.499998 0.000000 -0.866022	</row0>
			<row1>	0.000000 0.999997 0.000000	</row1>
			<row2>	0.866022 0.000000 -0.499998	</row2>
			<row3>	28.791630 15.164566 129.718628	</row3>
		</transform>
		<clientOnly>	false	</clientOnly>
		<properties>
			<entityName>	20721003	</entityName>
			<rediviousTime>	15.000000	</rediviousTime>
			<rediviousTotal>	1	</rediviousTotal>
			<randomWalkRange>	3.000000	</randomWalkRange>
			<patrolList>	</patrolList>
			<lineNumber>	0	</lineNumber>
			<patrolPathNode>	</patrolPathNode>
			<actionDefaultName>	</actionDefaultName>
			<ownModelName>	</ownModelName>
		</properties>
	</entity_42>
	<entity_43>
		<stopLinkStation>	00000000.00000000.00000000.00000000	</stopLinkStation>
		<animation>	</animation>
		<animationEven>	</animationEven>
		<type>	MonsterSpawnPoint	</type>
		<transform>
			<row0>	0.965922 0.000000 -0.258818	</row0>
			<row1>	0.000000 0.999997 0.000000	</row1>
			<row2>	0.258818 0.000000 0.965922	</row2>
			<row3>	24.639074 15.164570 122.908859	</row3>
		</transform>
		<clientOnly>	false	</clientOnly>
		<properties>
			<entityName>	20721003	</entityName>
			<rediviousTime>	15.000000	</rediviousTime>
			<rediviousTotal>	1	</rediviousTotal>
			<randomWalkRange>	3.000000	</randomWalkRange>
			<patrolList>	</patrolList>
			<lineNumber>	0	</lineNumber>
			<patrolPathNode>	</patrolPathNode>
			<actionDefaultName>	</actionDefaultName>
			<ownModelName>	</ownModelName>
		</properties>
	</entity_43>
	<entity_44>
		<stopLinkStation>	00000000.00000000.00000000.00000000	</stopLinkStation>
		<animation>	</animation>
		<animationEven>	</animationEven>
		<type>	MonsterSpawnPoint	</type>
		<transform>
			<row0>	0.000000 0.000000 -0.999996	</row0>
			<row1>	0.000000 0.999997 0.000000	</row1>
			<row2>	0.999996 0.000000 0.000000	</row2>
			<row3>	31.535917 15.164569 122.313049	</row3>
		</transform>
		<clientOnly>	false	</clientOnly>
		<properties>
			<entityName>	20721003	</entityName>
			<rediviousTime>	15.000000	</rediviousTime>
			<rediviousTotal>	1	</rediviousTotal>
			<randomWalkRange>	3.000000	</randomWalkRange>
			<patrolList>	</patrolList>
			<lineNumber>	0	</lineNumber>
			<patrolPathNode>	</patrolPathNode>
			<actionDefaultName>	</actionDefaultName>
			<ownModelName>	</ownModelName>
		</properties>
	</entity_44>
	<entity_45>
		<stopLinkStation>	00000000.00000000.00000000.00000000	</stopLinkStation>
		<animation>	</animation>
		<animationEven>	</animationEven>
		<type>	MonsterSpawnPoint	</type>
		<transform>
			<row0>	0.707104 0.000000 0.707104	</row0>
			<row1>	0.000000 0.999997 0.000000	</row1>
			<row2>	-0.707104 0.000000 0.707104	</row2>
			<row3>	24.430624 15.164569 112.964493	</row3>
		</transform>
		<clientOnly>	false	</clientOnly>
		<properties>
			<entityName>	20721003	</entityName>
			<rediviousTime>	15.000000	</rediviousTime>
			<rediviousTotal>	1	</rediviousTotal>
			<randomWalkRange>	3.000000	</randomWalkRange>
			<patrolList>	</patrolList>
			<lineNumber>	0	</lineNumber>
			<patrolPathNode>	</patrolPathNode>
			<actionDefaultName>	</actionDefaultName>
			<ownModelName>	</ownModelName>
		</properties>
	</entity_45>
	<entity_46>
		<stopLinkStation>	00000000.00000000.00000000.00000000	</stopLinkStation>
		<animation>	</animation>
		<animationEven>	</animationEven>
		<type>	MonsterSpawnPoint	</type>
		<transform>
			<row0>	0.499998 0.000000 -0.866021	</row0>
			<row1>	0.000000 0.999996 0.000000	</row1>
			<row2>	0.866021 0.000000 0.499998	</row2>
			<row3>	25.330822 15.164570 104.172195	</row3>
		</transform>
		<clientOnly>	false	</clientOnly>
		<properties>
			<entityName>	20721003	</entityName>
			<rediviousTime>	15.000000	</rediviousTime>
			<rediviousTotal>	1	</rediviousTotal>
			<randomWalkRange>	3.000000	</randomWalkRange>
			<patrolList>	</patrolList>
			<lineNumber>	0	</lineNumber>
			<patrolPathNode>	</patrolPathNode>
			<actionDefaultName>	</actionDefaultName>
			<ownModelName>	</ownModelName>
		</properties>
	</entity_46>
	<entity_47>
		<stopLinkStation>	00000000.00000000.00000000.00000000	</stopLinkStation>
		<animation>	</animation>
		<animationEven>	</animationEven>
		<type>	MonsterSpawnPoint	</type>
		<transform>
			<row0>	0.000000 0.000000 -0.999996	</row0>
			<row1>	0.000000 0.999997 0.000000	</row1>
			<row2>	0.999996 0.000000 0.000000	</row2>
			<row3>	55.754284 15.164570 102.386322	</row3>
		</transform>
		<clientOnly>	false	</clientOnly>
		<properties>
			<entityName>	20721003	</entityName>
			<rediviousTime>	15.000000	</rediviousTime>
			<rediviousTotal>	1	</rediviousTotal>
			<randomWalkRange>	3.000000	</randomWalkRange>
			<patrolList>	</patrolList>
			<lineNumber>	0	</lineNumber>
			<patrolPathNode>	</patrolPathNode>
			<actionDefaultName>	</actionDefaultName>
			<ownModelName>	</ownModelName>
		</properties>
	</entity_47>
	<entity_48>
		<stopLinkStation>	00000000.00000000.00000000.00000000	</stopLinkStation>
		<animation>	</animation>
		<animationEven>	</animationEven>
		<type>	MonsterSpawnPoint	</type>
		<transform>
			<row0>	-0.499998 0.000000 -0.866022	</row0>
			<row1>	0.000000 0.999997 0.000000	</row1>
			<row2>	0.866022 0.000000 -0.499998	</row2>
			<row3>	34.951771 15.164568 110.219307	</row3>
		</transform>
		<clientOnly>	false	</clientOnly>
		<properties>
			<entityName>	20721003	</entityName>
			<rediviousTime>	15.000000	</rediviousTime>
			<rediviousTotal>	1	</rediviousTotal>
			<randomWalkRange>	3.000000	</randomWalkRange>
			<patrolList>	</patrolList>
			<lineNumber>	0	</lineNumber>
			<patrolPathNode>	</patrolPathNode>
			<actionDefaultName>	</actionDefaultName>
			<ownModelName>	</ownModelName>
		</properties>
	</entity_48>
	<entity_49>
		<stopLinkStation>	00000000.00000000.00000000.00000000	</stopLinkStation>
		<animation>	</animation>
		<animationEven>	</animationEven>
		<type>	MonsterSpawnPoint	</type>
		<transform>
			<row0>	0.000000 0.000000 -0.999996	</row0>
			<row1>	0.000000 0.999997 0.000000	</row1>
			<row2>	0.999996 0.000000 0.000000	</row2>
			<row3>	30.484911 15.164570 107.946808	</row3>
		</transform>
		<clientOnly>	false	</clientOnly>
		<properties>
			<entityName>	20721003	</entityName>
			<rediviousTime>	15.000000	</rediviousTime>
			<rediviousTotal>	1	</rediviousTotal>
			<randomWalkRange>	3.000000	</randomWalkRange>
			<patrolList>	</patrolList>
			<lineNumber>	0	</lineNumber>
			<patrolPathNode>	</patrolPathNode>
			<actionDefaultName>	</actionDefaultName>
			<ownModelName>	</ownModelName>
		</properties>
	</entity_49>
	<entity_50>
		<stopLinkStation>	00000000.00000000.00000000.00000000	</stopLinkStation>
		<animation>	</animation>
		<animationEven>	</animationEven>
		<type>	MonsterSpawnPoint	</type>
		<transform>
			<row0>	0.499997 0.000000 -0.866021	</row0>
			<row1>	0.000000 0.999996 0.000000	</row1>
			<row2>	0.866021 0.000000 0.499997	</row2>
			<row3>	32.499447 15.164571 127.682106	</row3>
		</transform>
		<clientOnly>	false	</clientOnly>
		<properties>
			<entityName>	20721003	</entityName>
			<rediviousTime>	15.000000	</rediviousTime>
			<rediviousTotal>	1	</rediviousTotal>
			<randomWalkRange>	3.000000	</randomWalkRange>
			<patrolList>	</patrolList>
			<lineNumber>	0	</lineNumber>
			<patrolPathNode>	</patrolPathNode>
			<actionDefaultName>	</actionDefaultName>
			<ownModelName>	</ownModelName>
		</properties>
	</entity_50>
	<entity_51>
		<stopLinkStation>	00000000.00000000.00000000.00000000	</stopLinkStation>
		<animation>	</animation>
		<animationEven>	</animationEven>
		<type>	MonsterSpawnPoint	</type>
		<transform>
			<row0>	0.866020 0.000000 -0.499997	</row0>
			<row1>	0.000000 0.999996 0.000000	</row1>
			<row2>	0.499997 0.000000 0.866020	</row2>
			<row3>	24.145943 15.164569 127.718452	</row3>
		</transform>
		<clientOnly>	false	</clientOnly>
		<properties>
			<entityName>	20721003	</entityName>
			<rediviousTime>	15.000000	</rediviousTime>
			<rediviousTotal>	1	</rediviousTotal>
			<randomWalkRange>	3.000000	</randomWalkRange>
			<patrolList>	</patrolList>
			<lineNumber>	0	</lineNumber>
			<patrolPathNode>	</patrolPathNode>
			<actionDefaultName>	</actionDefaultName>
			<ownModelName>	</ownModelName>
		</properties>
	</entity_51>
	<entity_52>
		<stopLinkStation>	00000000.00000000.00000000.00000000	</stopLinkStation>
		<animation>	</animation>
		<animationEven>	</animationEven>
		<type>	MonsterSpawnPoint	</type>
		<transform>
			<row0>	0.999994 0.000000 0.000000	</row0>
			<row1>	0.000000 0.999996 0.000000	</row1>
			<row2>	0.000000 0.000000 0.999994	</row2>
			<row3>	28.007284 15.164569 117.239029	</row3>
		</transform>
		<clientOnly>	false	</clientOnly>
		<properties>
			<entityName>	20721003	</entityName>
			<rediviousTime>	15.000000	</rediviousTime>
			<rediviousTotal>	1	</rediviousTotal>
			<randomWalkRange>	3.000000	</randomWalkRange>
			<patrolList>	</patrolList>
			<lineNumber>	0	</lineNumber>
			<patrolPathNode>	</patrolPathNode>
			<actionDefaultName>	</actionDefaultName>
			<ownModelName>	</ownModelName>
		</properties>
	</entity_52>
	<entity_53>
		<stopLinkStation>	00000000.00000000.00000000.00000000	</stopLinkStation>
		<animation>	</animation>
		<animationEven>	</animationEven>
		<type>	MonsterSpawnPoint	</type>
		<transform>
			<row0>	0.258818 0.000000 0.965922	</row0>
			<row1>	0.000000 0.999997 0.000000	</row1>
			<row2>	-0.965922 0.000000 0.258818	</row2>
			<row3>	56.733707 15.164567 134.694550	</row3>
		</transform>
		<clientOnly>	false	</clientOnly>
		<properties>
			<entityName>	20721003	</entityName>
			<rediviousTime>	15.000000	</rediviousTime>
			<rediviousTotal>	1	</rediviousTotal>
			<randomWalkRange>	3.000000	</randomWalkRange>
			<patrolList>	</patrolList>
			<lineNumber>	0	</lineNumber>
			<patrolPathNode>	</patrolPathNode>
			<actionDefaultName>	</actionDefaultName>
			<ownModelName>	</ownModelName>
		</properties>
	</entity_53>
	<entity_54>
		<stopLinkStation>	00000000.00000000.00000000.00000000	</stopLinkStation>
		<animation>	</animation>
		<animationEven>	</animationEven>
		<type>	MonsterSpawnPoint	</type>
		<transform>
			<row0>	0.499997 0.000000 0.866020	</row0>
			<row1>	0.000000 0.999996 0.000000	</row1>
			<row2>	-0.866020 0.000000 0.499997	</row2>
			<row3>	48.358227 15.164567 135.318878	</row3>
		</transform>
		<clientOnly>	false	</clientOnly>
		<properties>
			<entityName>	20721003	</entityName>
			<rediviousTime>	15.000000	</rediviousTime>
			<rediviousTotal>	1	</rediviousTotal>
			<randomWalkRange>	3.000000	</randomWalkRange>
			<patrolList>	</patrolList>
			<lineNumber>	0	</lineNumber>
			<patrolPathNode>	</patrolPathNode>
			<actionDefaultName>	</actionDefaultName>
			<ownModelName>	</ownModelName>
		</properties>
	</entity_54>
	<entity_55>
		<stopLinkStation>	00000000.00000000.00000000.00000000	</stopLinkStation>
		<animation>	</animation>
		<animationEven>	</animationEven>
		<type>	MonsterSpawnPoint	</type>
		<transform>
			<row0>	0.499998 0.000000 0.866022	</row0>
			<row1>	0.000000 0.999997 0.000000	</row1>
			<row2>	-0.866022 0.000000 0.499998	</row2>
			<row3>	52.239059 15.164567 131.104919	</row3>
		</transform>
		<clientOnly>	false	</clientOnly>
		<properties>
			<entityName>	20721003	</entityName>
			<rediviousTime>	15.000000	</rediviousTime>
			<rediviousTotal>	1	</rediviousTotal>
			<randomWalkRange>	3.000000	</randomWalkRange>
			<patrolList>	</patrolList>
			<lineNumber>	0	</lineNumber>
			<patrolPathNode>	</patrolPathNode>
			<actionDefaultName>	</actionDefaultName>
			<ownModelName>	</ownModelName>
		</properties>
	</entity_55>
	<entity_56>
		<stopLinkStation>	00000000.00000000.00000000.00000000	</stopLinkStation>
		<animation>	</animation>
		<animationEven>	</animationEven>
		<type>	MonsterSpawnPoint	</type>
		<transform>
			<row0>	0.499998 0.000000 -0.866022	</row0>
			<row1>	0.000000 0.999997 0.000000	</row1>
			<row2>	0.866022 0.000000 0.499998	</row2>
			<row3>	54.874966 15.164569 125.874054	</row3>
		</transform>
		<clientOnly>	false	</clientOnly>
		<properties>
			<entityName>	20721003	</entityName>
			<rediviousTime>	15.000000	</rediviousTime>
			<rediviousTotal>	1	</rediviousTotal>
			<randomWalkRange>	3.000000	</randomWalkRange>
			<patrolList>	</patrolList>
			<lineNumber>	0	</lineNumber>
			<patrolPathNode>	</patrolPathNode>
			<actionDefaultName>	</actionDefaultName>
			<ownModelName>	</ownModelName>
		</properties>
	</entity_56>
	<entity_57>
		<stopLinkStation>	00000000.00000000.00000000.00000000	</stopLinkStation>
		<animation>	</animation>
		<animationEven>	</animationEven>
		<type>	MonsterSpawnPoint	</type>
		<transform>
			<row0>	0.965921 0.000000 -0.258818	</row0>
			<row1>	0.000000 0.999997 0.000000	</row1>
			<row2>	0.258818 0.000000 0.965921	</row2>
			<row3>	49.650177 15.164568 124.914040	</row3>
		</transform>
		<clientOnly>	false	</clientOnly>
		<properties>
			<entityName>	20721003	</entityName>
			<rediviousTime>	15.000000	</rediviousTime>
			<rediviousTotal>	1	</rediviousTotal>
			<randomWalkRange>	3.000000	</randomWalkRange>
			<patrolList>	</patrolList>
			<lineNumber>	0	</lineNumber>
			<patrolPathNode>	</patrolPathNode>
			<actionDefaultName>	</actionDefaultName>
			<ownModelName>	</ownModelName>
		</properties>
	</entity_57>
	<entity_58>
		<stopLinkStation>	00000000.00000000.00000000.00000000	</stopLinkStation>
		<animation>	</animation>
		<animationEven>	</animationEven>
		<type>	MonsterSpawnPoint	</type>
		<transform>
			<row0>	0.866021 0.000000 0.499998	</row0>
			<row1>	0.000000 0.999996 0.000000	</row1>
			<row2>	-0.499998 0.000000 0.866021	</row2>
			<row3>	57.014378 15.164569 105.397003	</row3>
		</transform>
		<clientOnly>	false	</clientOnly>
		<properties>
			<entityName>	20721003	</entityName>
			<rediviousTime>	15.000000	</rediviousTime>
			<rediviousTotal>	1	</rediviousTotal>
