<root>
	<entity_1>
		<stopLinkStation>	00000000.00000000.00000000.00000000	</stopLinkStation>
		<animation>	</animation>
		<animationEven>	</animationEven>
		<type>	MonsterSpawnPoint	</type>
		<transform>
			<row0>	0.976101 0.000026 -0.217261	</row0>
			<row1>	0.000005 0.999991 0.000144	</row1>
			<row2>	0.217265 -0.000145 0.976100	</row2>
			<row3>	-332.173309 5.139997 -314.651825	</row3>
		</transform>
		<clientOnly>	false	</clientOnly>
		<properties>
			<entityName>	20621471	</entityName>
			<rediviousTime>	-1.000000	</rediviousTime>
			<rediviousTotal>	1	</rediviousTotal>
			<randomWalkRange>	0.000000	</randomWalkRange>
			<patrolList>	</patrolList>
			<lineNumber>	0	</lineNumber>
			<patrolPathNode>	</patrolPathNode>
			<actionDefaultName>	</actionDefaultName>
			<ownModelName>	</ownModelName>
		</properties>
	</entity_1>
	<entity_2>
		<stopLinkStation>	00000000.00000000.00000000.00000000	</stopLinkStation>
		<animation>	</animation>
		<animationEven>	</animationEven>
		<type>	MonsterSpawnPoint	</type>
		<transform>
			<row0>	0.976159 -0.003884 -0.216968	</row0>
			<row1>	-0.019523 0.994205 -0.105633	</row1>
			<row2>	0.216127 0.107349 0.970434	</row2>
			<row3>	-324.889771 5.245461 -315.582245	</row3>
		</transform>
		<clientOnly>	false	</clientOnly>
		<properties>
			<entityName>	20621472	</entityName>
			<rediviousTime>	-1.000000	</rediviousTime>
			<rediviousTotal>	1	</rediviousTotal>
			<randomWalkRange>	0.000000	</randomWalkRange>
			<patrolList>	</patrolList>
			<lineNumber>	0	</lineNumber>
			<patrolPathNode>	</patrolPathNode>
			<actionDefaultName>	</actionDefaultName>
			<ownModelName>	</ownModelName>
		</properties>
	</entity_2>
	<entity_3>
		<stopLinkStation>	00000000.00000000.00000000.00000000	</stopLinkStation>
		<animation>	</animation>
		<animationEven>	</animationEven>
		<type>	MonsterSpawnPoint	</type>
		<transform>
			<row0>	-0.462367 -0.021888 -0.886413	</row0>
			<row1>	-0.011650 0.999756 -0.018610	</row1>
			<row2>	0.886604 0.001719 -0.462513	</row2>
			<row3>	-336.149475 4.922172 -338.350739	</row3>
		</transform>
		<clientOnly>	false	</clientOnly>
		<properties>
			<entityName>	20621468	</entityName>
			<rediviousTime>	-1.000000	</rediviousTime>
			<rediviousTotal>	1	</rediviousTotal>
			<randomWalkRange>	0.000000	</randomWalkRange>
			<patrolList>	</patrolList>
			<lineNumber>	0	</lineNumber>
			<patrolPathNode>	</patrolPathNode>
			<actionDefaultName>	</actionDefaultName>
			<ownModelName>	</ownModelName>
		</properties>
	</entity_3>
	<entity_4>
		<stopLinkStation>	00000000.00000000.00000000.00000000	</stopLinkStation>
		<animation>	</animation>
		<animationEven>	</animationEven>
		<type>	MonsterSpawnPoint	</type>
		<transform>
			<row0>	0.843833 0.012435 0.536449	</row0>
			<row1>	-0.000784 0.999754 -0.021942	</row1>
			<row2>	-0.536589 0.018092 0.843642	</row2>
			<row3>	-308.634552 4.624999 -359.536438	</row3>
		</transform>
		<clientOnly>	false	</clientOnly>
		<properties>
			<entityName>	20621470	</entityName>
			<rediviousTime>	-1.000000	</rediviousTime>
			<rediviousTotal>	1	</rediviousTotal>
			<randomWalkRange>	0.000000	</randomWalkRange>
			<patrolList>	</patrolList>
			<lineNumber>	0	</lineNumber>
			<patrolPathNode>	</patrolPathNode>
			<actionDefaultName>	</actionDefaultName>
			<ownModelName>	</ownModelName>
		</properties>
	</entity_4>
	<entity_5>
		<stopLinkStation>	00000000.00000000.00000000.00000000	</stopLinkStation>
		<animation>	</animation>
		<animationEven>	</animationEven>
		<type>	MonsterSpawnPoint	</type>
		<transform>
			<row0>	-0.462367 -0.021888 -0.886413	</row0>
			<row1>	-0.011650 0.999756 -0.018610	</row1>
			<row2>	0.886604 0.001719 -0.462513	</row2>
			<row3>	-336.110657 4.834458 -338.370819	</row3>
		</transform>
		<clientOnly>	false	</clientOnly>
		<properties>
			<entityName>	20621467	</entityName>
			<rediviousTime>	-1.000000	</rediviousTime>
			<rediviousTotal>	1	</rediviousTotal>
			<randomWalkRange>	0.000000	</randomWalkRange>
			<patrolList>	</patrolList>
			<lineNumber>	0	</lineNumber>
			<patrolPathNode>	</patrolPathNode>
			<actionDefaultName>	</actionDefaultName>
			<ownModelName>	</ownModelName>
		</properties>
	</entity_5>
	<entity_6>
		<stopLinkStation>	00000000.00000000.00000000.00000000	</stopLinkStation>
		<animation>	</animation>
		<animationEven>	</animationEven>
		<type>	MonsterSpawnPoint	</type>
		<transform>
			<row0>	0.042781 -0.022599 -0.998824	</row0>
			<row1>	-0.005050 0.999723 -0.022836	</row1>
			<row2>	0.999066 0.006018 0.042652	</row2>
			<row3>	-320.088196 4.615232 -353.969055	</row3>
		</transform>
		<clientOnly>	false	</clientOnly>
		<link>
			<cameraNode>	9636366C.4588C722.2251EE95.48857093	</cameraNode>
			<startEven>	</startEven>
			<animationTime>	-0.000000	</animationTime>
			<magicGuiSound>	</magicGuiSound>
		</link>
		<properties>
			<entityName>	20651366	</entityName>
			<rediviousTime>	-1.000000	</rediviousTime>
			<rediviousTotal>	1	</rediviousTotal>
			<randomWalkRange>	0.000000	</randomWalkRange>
			<patrolList>	C9FAF2C2.4BB6092B.88C3EC90.63F1C6B6	</patrolList>
			<lineNumber>	0	</lineNumber>
			<patrolPathNode>	9636366C.4588C722.2251EE95.48857093	</patrolPathNode>
			<actionDefaultName>	</actionDefaultName>
			<ownModelName>	</ownModelName>
		</properties>
	</entity_6>
	<entity_7>
		<stopLinkStation>	00000000.00000000.00000000.00000000	</stopLinkStation>
		<animation>	</animation>
		<animationEven>	</animationEven>
		<type>	MonsterSpawnPoint	</type>
		<transform>
			<row0>	0.042790 -0.024943 -0.998768	</row0>
			<row1>	-0.002799 0.999678 -0.025086	</row1>
			<row2>	0.999075 0.003866 0.042704	</row2>
			<row3>	-316.189697 4.728515 -346.433838	</row3>
		</transform>
		<clientOnly>	false	</clientOnly>
		<link>
			<cameraNode>	9E6B7979.45959A47.6954D3A6.312C25C5	</cameraNode>
			<startEven>	</startEven>
			<animationTime>	-0.000000	</animationTime>
			<magicGuiSound>	</magicGuiSound>
		</link>
		<properties>
			<entityName>	20651366	</entityName>
			<rediviousTime>	-1.000000	</rediviousTime>
			<rediviousTotal>	1	</rediviousTotal>
			<randomWalkRange>	0.000000	</randomWalkRange>
			<patrolList>	C9FAF2C2.4BB6092B.88C3EC90.63F1C6B6	</patrolList>
			<lineNumber>	0	</lineNumber>
			<patrolPathNode>	9E6B7979.45959A47.6954D3A6.312C25C5	</patrolPathNode>
			<actionDefaultName>	</actionDefaultName>
			<ownModelName>	</ownModelName>
		</properties>
	</entity_7>
	<entity_8>
		<stopLinkStation>	00000000.00000000.00000000.00000000	</stopLinkStation>
		<animation>	</animation>
		<animationEven>	</animationEven>
		<type>	MonsterSpawnPoint	</type>
		<transform>
			<row0>	0.299912 -0.018325 -0.953782	</row0>
			<row1>	-0.003898 0.999778 -0.020434	</row1>
			<row2>	0.953952 0.009843 0.299771	</row2>
			<row3>	-333.047821 5.063515 -328.126801	</row3>
		</transform>
		<clientOnly>	false	</clientOnly>
		<properties>
			<entityName>	20621470	</entityName>
			<rediviousTime>	-1.000000	</rediviousTime>
			<rediviousTotal>	1	</rediviousTotal>
			<randomWalkRange>	0.000000	</randomWalkRange>
			<patrolList>	</patrolList>
			<lineNumber>	0	</lineNumber>
			<patrolPathNode>	</patrolPathNode>
			<actionDefaultName>	</actionDefaultName>
			<ownModelName>	</ownModelName>
		</properties>
	</entity_8>
	<entity_9>
		<stopLinkStation>	00000000.00000000.00000000.00000000	</stopLinkStation>
		<animation>	</animation>
		<animationEven>	</animationEven>
		<type>	MonsterSpawnPoint	</type>
		<transform>
			<row0>	-0.217239 -0.018011 -0.975945	</row0>
			<row1>	0.007705 0.999761 -0.020166	</row1>
			<row2>	0.976080 -0.011904 -0.217055	</row2>
			<row3>	-339.823700 4.749811 -342.133362	</row3>
		</transform>
		<clientOnly>	false	</clientOnly>
		<properties>
			<entityName>	20621470	</entityName>
			<rediviousTime>	-1.000000	</rediviousTime>
			<rediviousTotal>	1	</rediviousTotal>
			<randomWalkRange>	0.000000	</randomWalkRange>
			<patrolList>	</patrolList>
			<lineNumber>	0	</lineNumber>
			<patrolPathNode>	</patrolPathNode>
			<actionDefaultName>	</actionDefaultName>
			<ownModelName>	</ownModelName>
		</properties>
	</entity_9>
	<entity_10>
		<stopLinkStation>	00000000.00000000.00000000.00000000	</stopLinkStation>
		<animation>	</animation>
		<animationEven>	</animationEven>
		<type>	MonsterSpawnPoint	</type>
		<transform>
			<row0>	0.042781 -0.022560 -0.998825	</row0>
			<row1>	-0.006195 0.999716 -0.022845	</row1>
			<row2>	0.999059 0.007162 0.042626	</row2>
			<row3>	-326.589935 4.697980 -346.846130	</row3>
		</transform>
		<clientOnly>	false	</clientOnly>
		<link>
			<cameraNode>	C55CD78B.465EBF61.70ECA6AD.15708CE6	</cameraNode>
			<startEven>	</startEven>
			<animationTime>	-0.000000	</animationTime>
			<magicGuiSound>	</magicGuiSound>
		</link>
		<properties>
			<entityName>	20651366	</entityName>
			<rediviousTime>	-1.000000	</rediviousTime>
			<rediviousTotal>	1	</rediviousTotal>
			<randomWalkRange>	0.000000	</randomWalkRange>
			<patrolList>	C9FAF2C2.4BB6092B.88C3EC90.63F1C6B6	</patrolList>
			<lineNumber>	0	</lineNumber>
			<patrolPathNode>	C55CD78B.465EBF61.70ECA6AD.15708CE6	</patrolPathNode>
			<actionDefaultName>	</actionDefaultName>
			<ownModelName>	</ownModelName>
		</properties>
	</entity_10>
	<entity_11>
		<stopLinkStation>	00000000.00000000.00000000.00000000	</stopLinkStation>
		<animation>	</animation>
		<animationEven>	</animationEven>
		<type>	MonsterSpawnPoint	</type>
		<transform>
			<row0>	0.976109 -0.004002 -0.217217	</row0>
			<row1>	-0.000784 0.999754 -0.021942	</row1>
			<row2>	0.217256 0.021585 0.975870	</row2>
			<row3>	-322.014954 4.662107 -363.358185	</row3>
		</transform>
		<clientOnly>	false	</clientOnly>
		<properties>
			<entityName>	20621470	</entityName>
			<rediviousTime>	-1.000000	</rediviousTime>
			<rediviousTotal>	1	</rediviousTotal>
			<randomWalkRange>	0.000000	</randomWalkRange>
			<patrolList>	</patrolList>
			<lineNumber>	0	</lineNumber>
			<patrolPathNode>	</patrolPathNode>
			<actionDefaultName>	</actionDefaultName>
			<ownModelName>	</ownModelName>
		</properties>
	</entity_11>
	<entity_12>
		<stopLinkStation>	00000000.00000000.00000000.00000000	</stopLinkStation>
		<animation>	</animation>
		<animationEven>	</animationEven>
		<type>	MonsterSpawnPoint	</type>
		<transform>
			<row0>	0.299908 -0.020697 -0.953738	</row0>
			<row1>	-0.000784 0.999755 -0.021942	</row1>
			<row2>	0.953963 0.007325 0.299816	</row2>
			<row3>	-332.969879 4.468749 -354.448975	</row3>
		</transform>
		<clientOnly>	false	</clientOnly>
		<properties>
			<entityName>	20621469	</entityName>
			<rediviousTime>	-1.000000	</rediviousTime>
			<rediviousTotal>	1	</rediviousTotal>
			<randomWalkRange>	0.000000	</randomWalkRange>
			<patrolList>	</patrolList>
			<lineNumber>	0	</lineNumber>
			<patrolPathNode>	</patrolPathNode>
			<actionDefaultName>	</actionDefaultName>
			<ownModelName>	</ownModelName>
		</properties>
	</entity_12>
	<entity_13>
		<stopLinkStation>	00000000.00000000.00000000.00000000	</stopLinkStation>
		<animation>	</animation>
		<animationEven>	</animationEven>
		<type>	MonsterSpawnPoint	</type>
		<transform>
			<row0>	0.296116 0.071296 -0.952474	</row0>
			<row1>	-0.038011 0.997291 0.062833	</row1>
			<row2>	0.954385 0.017597 0.298022	</row2>
			<row3>	-286.942200 4.642385 -348.352448	</row3>
		</transform>
		<clientOnly>	false	</clientOnly>
		<properties>
			<entityName>	20621472	</entityName>
			<rediviousTime>	-1.000000	</rediviousTime>
			<rediviousTotal>	1	</rediviousTotal>
			<randomWalkRange>	0.000000	</randomWalkRange>
			<patrolList>	</patrolList>
			<lineNumber>	0	</lineNumber>
			<patrolPathNode>	</patrolPathNode>
			<actionDefaultName>	</actionDefaultName>
			<ownModelName>	</ownModelName>
		</properties>
	</entity_13>
	<entity_14>
		<stopLinkStation>	00000000.00000000.00000000.00000000	</stopLinkStation>
		<animation>	</animation>
		<animationEven>	</animationEven>
		<type>	MonsterSpawnPoint	</type>
		<transform>
			<row0>	0.290714 -0.156346 -0.943937	</row0>
			<row1>	0.085873 0.986832 -0.137003	</row1>
			<row2>	0.952937 -0.041233 0.300311	</row2>
			<row3>	-288.179047 4.660913 -343.529388	</row3>
		</transform>
		<clientOnly>	false	</clientOnly>
		<properties>
			<entityName>	20621471	</entityName>
			<rediviousTime>	-1.000000	</rediviousTime>
			<rediviousTotal>	1	</rediviousTotal>
			<randomWalkRange>	0.000000	</randomWalkRange>
			<patrolList>	</patrolList>
			<lineNumber>	0	</lineNumber>
			<patrolPathNode>	</patrolPathNode>
			<actionDefaultName>	</actionDefaultName>
			<ownModelName>	</ownModelName>
		</properties>
	</entity_14>
	<entity_15>
		<stopLinkStation>	00000000.00000000.00000000.00000000	</stopLinkStation>
		<animation>	</animation>
		<animationEven>	</animationEven>
		<type>	MonsterSpawnPoint	</type>
		<transform>
			<row0>	0.258819 0.000000 -0.965925	</row0>
			<row1>	0.000000 0.999999 0.000000	</row1>
			<row2>	0.965925 0.000000 0.258819	</row2>
			<row3>	-287.422699 4.599608 -346.112244	</row3>
		</transform>
		<clientOnly>	false	</clientOnly>
		<properties>
			<entityName>	20621650	</entityName>
			<rediviousTime>	60.000000	</rediviousTime>
			<rediviousTotal>	1	</rediviousTotal>
			<randomWalkRange>	0.000000	</randomWalkRange>
			<patrolList>	</patrolList>
			<lineNumber>	0	</lineNumber>
			<patrolPathNode>	</patrolPathNode>
			<actionDefaultName>	</actionDefaultName>
			<ownModelName>	</ownModelName>
		</properties>
	</entity_15>
</root>
