<root>
	<entity_1>
		<stopLinkStation>	00000000.00000000.00000000.00000000	</stopLinkStation>
		<animation>	</animation>
		<animationEven>	</animationEven>
		<type>	SpawnPointShuijing	</type>
		<transform>
			<row0>	0.865934 0.000052 0.500156	</row0>
			<row1>	-0.000061 0.999997 0.000009	</row1>
			<row2>	-0.500154 -0.000039 0.865930	</row2>
			<row3>	-73.547340 2.729461 43.118011	</row3>
		</transform>
		<clientOnly>	false	</clientOnly>
		<properties>
			<entityName>	20254007	</entityName>
			<rediviousTime>	60.000000	</rediviousTime>
			<rediviousTotal>	1	</rediviousTotal>
			<randomWalkRange>	3.000000	</randomWalkRange>
			<patrolList>	</patrolList>
			<lineNumber>	0	</lineNumber>
			<group>	10	</group>
			<checkpoints>	1	</checkpoints>
			<patrolPathNode>	</patrolPathNode>
			<actionDefaultName>	</actionDefaultName>
			<ownModelName>	</ownModelName>
		</properties>
	</entity_1>
	<entity_2>
		<stopLinkStation>	00000000.00000000.00000000.00000000	</stopLinkStation>
		<animation>	</animation>
		<animationEven>	</animationEven>
		<type>	SpawnPointShuijing	</type>
		<transform>
			<row0>	0.865934 0.000052 0.500156	</row0>
			<row1>	-0.000061 0.999997 0.000009	</row1>
			<row2>	-0.500154 -0.000039 0.865930	</row2>
			<row3>	-71.788055 2.729461 47.932053	</row3>
		</transform>
		<clientOnly>	false	</clientOnly>
		<properties>
			<entityName>	20254008	</entityName>
			<rediviousTime>	60.000000	</rediviousTime>
			<rediviousTotal>	1	</rediviousTotal>
			<randomWalkRange>	3.000000	</randomWalkRange>
			<patrolList>	</patrolList>
			<lineNumber>	0	</lineNumber>
			<group>	9	</group>
			<checkpoints>	1	</checkpoints>
			<patrolPathNode>	</patrolPathNode>
			<actionDefaultName>	</actionDefaultName>
			<ownModelName>	</ownModelName>
		</properties>
	</entity_2>
	<entity_3>
		<stopLinkStation>	00000000.00000000.00000000.00000000	</stopLinkStation>
		<animation>	</animation>
		<animationEven>	</animationEven>
		<type>	SpawnPointShuijing	</type>
		<transform>
			<row0>	0.865934 0.000138 0.500156	</row0>
			<row1>	-0.000169 0.999997 0.000024	</row1>
			<row2>	-0.500154 -0.000107 0.865930	</row2>
			<row3>	-68.770142 2.729467 36.542141	</row3>
		</transform>
		<clientOnly>	false	</clientOnly>
		<properties>
			<entityName>	20254007	</entityName>
			<rediviousTime>	60.000000	</rediviousTime>
			<rediviousTotal>	1	</rediviousTotal>
			<randomWalkRange>	3.000000	</randomWalkRange>
			<patrolList>	</patrolList>
			<lineNumber>	0	</lineNumber>
			<group>	0	</group>
			<checkpoints>	1	</checkpoints>
			<patrolPathNode>	</patrolPathNode>
			<actionDefaultName>	</actionDefaultName>
			<ownModelName>	</ownModelName>
		</properties>
	</entity_3>
	<entity_4>
		<stopLinkStation>	00000000.00000000.00000000.00000000	</stopLinkStation>
		<animation>	</animation>
		<animationEven>	</animationEven>
		<type>	SpawnPointShuijing	</type>
		<transform>
			<row0>	0.865934 0.000138 0.500156	</row0>
			<row1>	-0.000169 0.999997 0.000024	</row1>
			<row2>	-0.500154 -0.000107 0.865930	</row2>
			<row3>	-68.339096 2.729459 40.276451	</row3>
		</transform>
		<clientOnly>	false	</clientOnly>
		<properties>
			<entityName>	20254007	</entityName>
			<rediviousTime>	60.000000	</rediviousTime>
			<rediviousTotal>	1	</rediviousTotal>
			<randomWalkRange>	3.000000	</randomWalkRange>
			<patrolList>	</patrolList>
			<lineNumber>	0	</lineNumber>
			<group>	1	</group>
			<checkpoints>	1	</checkpoints>
			<patrolPathNode>	</patrolPathNode>
			<actionDefaultName>	</actionDefaultName>
			<ownModelName>	</ownModelName>
		</properties>
	</entity_4>
	<entity_5>
		<stopLinkStation>	00000000.00000000.00000000.00000000	</stopLinkStation>
		<animation>	</animation>
		<animationEven>	</animationEven>
		<type>	SpawnPointShuijing	</type>
		<transform>
			<row0>	0.865934 -0.000219 0.500156	</row0>
			<row1>	0.000281 0.999997 -0.000041	</row1>
			<row2>	-0.500154 0.000175 0.865930	</row2>
			<row3>	-67.321678 2.729457 54.112995	</row3>
		</transform>
		<clientOnly>	false	</clientOnly>
		<properties>
			<entityName>	20254008	</entityName>
			<rediviousTime>	60.000000	</rediviousTime>
			<rediviousTotal>	1	</rediviousTotal>
			<randomWalkRange>	3.000000	</randomWalkRange>
			<patrolList>	</patrolList>
			<lineNumber>	0	</lineNumber>
			<group>	11	</group>
			<checkpoints>	1	</checkpoints>
			<patrolPathNode>	</patrolPathNode>
			<actionDefaultName>	</actionDefaultName>
			<ownModelName>	</ownModelName>
		</properties>
	</entity_5>
	<entity_6>
		<stopLinkStation>	00000000.00000000.00000000.00000000	</stopLinkStation>
		<animation>	</animation>
		<animationEven>	</animationEven>
		<type>	SpawnPointShuijing	</type>
		<transform>
			<row0>	0.865934 0.000164 0.500156	</row0>
			<row1>	-0.000202 0.999997 0.000030	</row1>
			<row2>	-0.500154 -0.000128 0.865930	</row2>
			<row3>	-67.396370 2.729459 50.089584	</row3>
		</transform>
		<clientOnly>	false	</clientOnly>
		<properties>
			<entityName>	20254008	</entityName>
			<rediviousTime>	60.000000	</rediviousTime>
			<rediviousTotal>	1	</rediviousTotal>
			<randomWalkRange>	3.000000	</randomWalkRange>
			<patrolList>	</patrolList>
			<lineNumber>	0	</lineNumber>
			<group>	0	</group>
			<checkpoints>	1	</checkpoints>
			<patrolPathNode>	</patrolPathNode>
			<actionDefaultName>	</actionDefaultName>
			<ownModelName>	</ownModelName>
		</properties>
	</entity_6>
	<entity_7>
		<stopLinkStation>	00000000.00000000.00000000.00000000	</stopLinkStation>
		<animation>	</animation>
		<animationEven>	</animationEven>
		<type>	SpawnPointShuijing	</type>
		<transform>
			<row0>	0.865934 0.000138 0.500156	</row0>
			<row1>	-0.000169 0.999997 0.000024	</row1>
			<row2>	-0.500154 -0.000107 0.865930	</row2>
			<row3>	-66.956100 2.729461 39.554688	</row3>
		</transform>
		<clientOnly>	false	</clientOnly>
		<properties>
			<entityName>	20254007	</entityName>
			<rediviousTime>	60.000000	</rediviousTime>
			<rediviousTotal>	1	</rediviousTotal>
			<randomWalkRange>	3.000000	</randomWalkRange>
			<patrolList>	</patrolList>
			<lineNumber>	0	</lineNumber>
			<group>	2	</group>
			<checkpoints>	1	</checkpoints>
			<patrolPathNode>	</patrolPathNode>
			<actionDefaultName>	</actionDefaultName>
			<ownModelName>	</ownModelName>
		</properties>
	</entity_7>
	<entity_8>
		<stopLinkStation>	00000000.00000000.00000000.00000000	</stopLinkStation>
		<animation>	</animation>
		<animationEven>	</animationEven>
		<type>	SpawnPointShuijing	</type>
		<transform>
			<row0>	0.865934 -0.000219 0.500156	</row0>
			<row1>	0.000281 0.999997 -0.000041	</row1>
			<row2>	-0.500154 0.000175 0.865930	</row2>
			<row3>	-66.192101 2.729461 37.389214	</row3>
		</transform>
		<clientOnly>	false	</clientOnly>
		<properties>
			<entityName>	20254008	</entityName>
			<rediviousTime>	60.000000	</rediviousTime>
			<rediviousTotal>	1	</rediviousTotal>
			<randomWalkRange>	3.000000	</randomWalkRange>
			<patrolList>	</patrolList>
			<lineNumber>	0	</lineNumber>
			<group>	7	</group>
			<checkpoints>	1	</checkpoints>
			<patrolPathNode>	</patrolPathNode>
			<actionDefaultName>	</actionDefaultName>
			<ownModelName>	</ownModelName>
		</properties>
	</entity_8>
	<entity_9>
		<stopLinkStation>	00000000.00000000.00000000.00000000	</stopLinkStation>
		<animation>	</animation>
		<animationEven>	</animationEven>
		<type>	NPCSpawnPoint	</type>
		<transform>
			<row0>	-0.708418 0.000046 0.705787	</row0>
			<row1>	-0.000063 0.999997 -0.000128	</row1>
			<row2>	-0.705787 -0.000135 -0.708418	</row2>
			<row3>	-23.587730 1.408885 57.769146	</row3>
		</transform>
		<clientOnly>	false	</clientOnly>
		<properties>
			<entityName>	10121450	</entityName>
			<rediviousTime>	60.000000	</rediviousTime>
			<rediviousTotal>	1	</rediviousTotal>
			<randomWalkRange>	3.000000	</randomWalkRange>
			<patrolList>	</patrolList>
			<lineNumber>	0	</lineNumber>
			<patrolPathNode>	</patrolPathNode>
			<actionDefaultName>	</actionDefaultName>
			<ownModelName>	</ownModelName>
		</properties>
	</entity_9>
	<entity_10>
		<stopLinkStation>	00000000.00000000.00000000.00000000	</stopLinkStation>
		<animation>	</animation>
		<animationEven>	</animationEven>
		<type>	SpawnPointShuijing	</type>
		<transform>
			<row0>	0.865934 0.000052 0.500156	</row0>
			<row1>	-0.000061 0.999997 0.000009	</row1>
			<row2>	-0.500154 -0.000039 0.865930	</row2>
			<row3>	-65.399162 2.729465 43.075970	</row3>
		</transform>
		<clientOnly>	false	</clientOnly>
		<properties>
			<entityName>	20254007	</entityName>
			<rediviousTime>	60.000000	</rediviousTime>
			<rediviousTotal>	1	</rediviousTotal>
			<randomWalkRange>	3.000000	</randomWalkRange>
			<patrolList>	</patrolList>
			<lineNumber>	0	</lineNumber>
			<group>	4	</group>
			<checkpoints>	1	</checkpoints>
			<patrolPathNode>	</patrolPathNode>
			<actionDefaultName>	</actionDefaultName>
			<ownModelName>	</ownModelName>
		</properties>
	</entity_10>
	<entity_11>
		<stopLinkStation>	00000000.00000000.00000000.00000000	</stopLinkStation>
		<animation>	</animation>
		<animationEven>	</animationEven>
		<type>	SpawnPointShuijing	</type>
		<transform>
			<row0>	0.865934 -0.000134 0.500156	</row0>
			<row1>	0.000173 0.999997 -0.000025	</row1>
			<row2>	-0.500154 0.000106 0.865930	</row2>
			<row3>	-65.108253 2.729464 49.016819	</row3>
		</transform>
		<clientOnly>	false	</clientOnly>
		<properties>
			<entityName>	20254007	</entityName>
			<rediviousTime>	60.000000	</rediviousTime>
			<rediviousTotal>	1	</rediviousTotal>
			<randomWalkRange>	3.000000	</randomWalkRange>
			<patrolList>	</patrolList>
			<lineNumber>	0	</lineNumber>
			<group>	2	</group>
			<checkpoints>	1	</checkpoints>
			<patrolPathNode>	</patrolPathNode>
			<actionDefaultName>	</actionDefaultName>
			<ownModelName>	</ownModelName>
		</properties>
	</entity_11>
	<entity_12>
		<stopLinkStation>	00000000.00000000.00000000.00000000	</stopLinkStation>
		<animation>	</animation>
		<animationEven>	</animationEven>
		<type>	SpawnPointShuijing	</type>
		<transform>
			<row0>	0.865934 -0.000219 0.500156	</row0>
			<row1>	0.000281 0.999997 -0.000041	</row1>
			<row2>	-0.500154 0.000175 0.865930	</row2>
			<row3>	-64.798996 2.729465 55.897820	</row3>
		</transform>
		<clientOnly>	false	</clientOnly>
		<properties>
			<entityName>	20254007	</entityName>
			<rediviousTime>	60.000000	</rediviousTime>
			<rediviousTotal>	1	</rediviousTotal>
			<randomWalkRange>	3.000000	</randomWalkRange>
			<patrolList>	</patrolList>
			<lineNumber>	0	</lineNumber>
			<group>	10	</group>
			<checkpoints>	1	</checkpoints>
			<patrolPathNode>	</patrolPathNode>
			<actionDefaultName>	</actionDefaultName>
			<ownModelName>	</ownModelName>
		</properties>
	</entity_12>
	<entity_13>
		<stopLinkStation>	00000000.00000000.00000000.00000000	</stopLinkStation>
		<animation>	</animation>
		<animationEven>	</animationEven>
		<type>	SpawnPointShuijing	</type>
		<transform>
			<row0>	0.865934 0.000164 0.500156	</row0>
			<row1>	-0.000202 0.999997 0.000030	</row1>
			<row2>	-0.500154 -0.000128 0.865930	</row2>
			<row3>	-64.769539 2.729461 50.407333	</row3>
		</transform>
		<clientOnly>	false	</clientOnly>
		<properties>
			<entityName>	20254008	</entityName>
			<rediviousTime>	60.000000	</rediviousTime>
			<rediviousTotal>	1	</rediviousTotal>
			<randomWalkRange>	3.000000	</randomWalkRange>
			<patrolList>	</patrolList>
			<lineNumber>	0	</lineNumber>
			<group>	1	</group>
			<checkpoints>	1	</checkpoints>
			<patrolPathNode>	</patrolPathNode>
			<actionDefaultName>	</actionDefaultName>
			<ownModelName>	</ownModelName>
		</properties>
	</entity_13>
	<entity_14>
		<stopLinkStation>	00000000.00000000.00000000.00000000	</stopLinkStation>
		<animation>	</animation>
		<animationEven>	</animationEven>
		<type>	SpawnPointShuijing	</type>
		<transform>
			<row0>	0.865934 0.000052 0.500156	</row0>
			<row1>	-0.000061 0.999997 0.000009	</row1>
			<row2>	-0.500154 -0.000039 0.865930	</row2>
			<row3>	-64.573303 2.729469 34.591629	</row3>
		</transform>
		<clientOnly>	false	</clientOnly>
		<properties>
			<entityName>	20254007	</entityName>
			<rediviousTime>	60.000000	</rediviousTime>
			<rediviousTotal>	1	</rediviousTotal>
			<randomWalkRange>	3.000000	</randomWalkRange>
			<patrolList>	</patrolList>
			<lineNumber>	0	</lineNumber>
			<group>	11	</group>
			<checkpoints>	1	</checkpoints>
			<patrolPathNode>	</patrolPathNode>
			<actionDefaultName>	</actionDefaultName>
			<ownModelName>	</ownModelName>
		</properties>
	</entity_14>
	<entity_15>
		<stopLinkStation>	00000000.00000000.00000000.00000000	</stopLinkStation>
		<animation>	</animation>
		<animationEven>	</animationEven>
		<type>	SpawnPointShuijing	</type>
		<transform>
			<row0>	0.865934 0.000052 0.500156	</row0>
			<row1>	-0.000061 0.999997 0.000009	</row1>
			<row2>	-0.500154 -0.000039 0.865930	</row2>
			<row3>	-64.037857 2.729465 40.466343	</row3>
		</transform>
		<clientOnly>	false	</clientOnly>
		<properties>
			<entityName>	20254007	</entityName>
			<rediviousTime>	60.000000	</rediviousTime>
			<rediviousTotal>	1	</rediviousTotal>
			<randomWalkRange>	3.000000	</randomWalkRange>
			<patrolList>	</patrolList>
			<lineNumber>	0	</lineNumber>
			<group>	8	</group>
			<checkpoints>	1	</checkpoints>
			<patrolPathNode>	</patrolPathNode>
			<actionDefaultName>	</actionDefaultName>
			<ownModelName>	</ownModelName>
		</properties>
	</entity_15>
	<entity_16>
		<stopLinkStation>	00000000.00000000.00000000.00000000	</stopLinkStation>
		<animation>	</animation>
		<animationEven>	</animationEven>
		<type>	SpawnPointShuijing	</type>
		<transform>
			<row0>	0.865934 -0.000134 0.500156	</row0>
			<row1>	0.000173 0.999997 -0.000025	</row1>
			<row2>	-0.500154 0.000106 0.865930	</row2>
			<row3>	-63.528736 2.729465 44.876896	</row3>
		</transform>
		<clientOnly>	false	</clientOnly>
		<properties>
			<entityName>	20254007	</entityName>
			<rediviousTime>	60.000000	</rediviousTime>
			<rediviousTotal>	1	</rediviousTotal>
			<randomWalkRange>	3.000000	</randomWalkRange>
			<patrolList>	</patrolList>
			<lineNumber>	0	</lineNumber>
			<group>	3	</group>
			<checkpoints>	1	</checkpoints>
			<patrolPathNode>	</patrolPathNode>
			<actionDefaultName>	</actionDefaultName>
			<ownModelName>	</ownModelName>
		</properties>
	</entity_16>
	<entity_17>
		<stopLinkStation>	00000000.00000000.00000000.00000000	</stopLinkStation>
		<animation>	</animation>
		<animationEven>	</animationEven>
		<type>	SpawnPointShuijing	</type>
		<transform>
			<row0>	0.865934 0.000115 0.500156	</row0>
			<row1>	-0.000129 0.999997 0.000000	</row1>
			<row2>	-0.500154 -0.000066 0.865930	</row2>
			<row3>	-62.867229 2.729465 37.400459	</row3>
		</transform>
		<clientOnly>	false	</clientOnly>
		<properties>
			<entityName>	20254010	</entityName>
			<rediviousTime>	60.000000	</rediviousTime>
			<rediviousTotal>	1	</rediviousTotal>
			<randomWalkRange>	3.000000	</randomWalkRange>
			<patrolList>	</patrolList>
			<lineNumber>	0	</lineNumber>
			<group>	10	</group>
			<checkpoints>	1	</checkpoints>
			<patrolPathNode>	</patrolPathNode>
			<actionDefaultName>	</actionDefaultName>
			<ownModelName>	</ownModelName>
		</properties>
	</entity_17>
	<entity_18>
		<stopLinkStation>	00000000.00000000.00000000.00000000	</stopLinkStation>
		<animation>	</animation>
		<animationEven>	</animationEven>
		<type>	SpawnPointShuijing	</type>
		<transform>
			<row0>	0.865933 -0.000020 0.500155	</row0>
			<row1>	0.000045 0.999995 -0.000032	</row1>
			<row2>	-0.500153 0.000049 0.865928	</row2>
			<row3>	-62.852440 3.047465 44.554585	</row3>
		</transform>
		<clientOnly>	false	</clientOnly>
		<properties>
			<entityName>	20254010	</entityName>
			<rediviousTime>	60.000000	</rediviousTime>
			<rediviousTotal>	1	</rediviousTotal>
			<randomWalkRange>	3.000000	</randomWalkRange>
			<patrolList>	</patrolList>
			<lineNumber>	0	</lineNumber>
			<group>	11	</group>
			<checkpoints>	1	</checkpoints>
			<patrolPathNode>	</patrolPathNode>
			<actionDefaultName>	</actionDefaultName>
			<ownModelName>	</ownModelName>
		</properties>
	</entity_18>
	<entity_19>
		<stopLinkStation>	00000000.00000000.00000000.00000000	</stopLinkStation>
		<animation>	</animation>
		<animationEven>	</animationEven>
		<type>	SpawnPointShuijing	</type>
		<transform>
			<row0>	0.865934 -0.000219 0.500156	</row0>
			<row1>	0.000281 0.999997 -0.000041	</row1>
			<row2>	-0.500154 0.000175 0.865930	</row2>
			<row3>	-62.199444 2.729458 49.202835	</row3>
		</transform>
		<clientOnly>	false	</clientOnly>
		<properties>
			<entityName>	20254008	</entityName>
			<rediviousTime>	60.000000	</rediviousTime>
			<rediviousTotal>	1	</rediviousTotal>
			<randomWalkRange>	3.000000	</randomWalkRange>
			<patrolList>	</patrolList>
			<lineNumber>	0	</lineNumber>
			<group>	5	</group>
			<checkpoints>	1	</checkpoints>
			<patrolPathNode>	</patrolPathNode>
			<actionDefaultName>	</actionDefaultName>
			<ownModelName>	</ownModelName>
		</properties>
	</entity_19>
	<entity_20>
		<stopLinkStation>	00000000.00000000.00000000.00000000	</stopLinkStation>
		<animation>	</animation>
		<animationEven>	</animationEven>
		<type>	SpawnPointShuijing	</type>
		<transform>
			<row0>	0.865934 0.000115 0.500156	</row0>
			<row1>	-0.000129 0.999997 0.000000	</row1>
			<row2>	-0.500154 -0.000066 0.865930	</row2>
			<row3>	-61.569149 2.729467 39.601166	</row3>
		</transform>
		<clientOnly>	false	</clientOnly>
		<properties>
			<entityName>	20254010	</entityName>
			<rediviousTime>	60.000000	</rediviousTime>
			<rediviousTotal>	1	</rediviousTotal>
			<randomWalkRange>	3.000000	</randomWalkRange>
			<patrolList>	</patrolList>
			<lineNumber>	0	</lineNumber>
			<group>	8	</group>
			<checkpoints>	1	</checkpoints>
			<patrolPathNode>	</patrolPathNode>
			<actionDefaultName>	</actionDefaultName>
			<ownModelName>	</ownModelName>
		</properties>
	</entity_20>
	<entity_21>
		<stopLinkStation>	00000000.00000000.00000000.00000000	</stopLinkStation>
		<animation>	</animation>
		<animationEven>	</animationEven>
		<type>	SpawnPointShuijing	</type>
		<transform>
			<row0>	0.865934 -0.000106 0.500156	</row0>
			<row1>	0.000140 0.999997 -0.000021	</row1>
			<row2>	-0.500154 0.000087 0.865930	</row2>
			<row3>	-60.535549 2.729467 57.036438	</row3>
		</transform>
		<clientOnly>	false	</clientOnly>
		<properties>
			<entityName>	20254008	</entityName>
			<rediviousTime>	60.000000	</rediviousTime>
			<rediviousTotal>	1	</rediviousTotal>
			<randomWalkRange>	3.000000	</randomWalkRange>
			<patrolList>	</patrolList>
			<lineNumber>	0	</lineNumber>
			<group>	0	</group>
			<checkpoints>	1	</checkpoints>
			<patrolPathNode>	</patrolPathNode>
			<actionDefaultName>	</actionDefaultName>
			<ownModelName>	</ownModelName>
		</properties>
	</entity_21>
	<entity_22>
		<stopLinkStation>	00000000.00000000.00000000.00000000	</stopLinkStation>
		<animation>	</animation>
		<animationEven>	</animationEven>
		<type>	SpawnPointShuijing	</type>
		<transform>
			<row0>	0.865934 -0.000219 0.500156	</row0>
			<row1>	0.000281 0.999997 -0.000041	</row1>
			<row2>	-0.500154 0.000175 0.865930	</row2>
			<row3>	-60.235554 2.729464 53.776676	</row3>
		</transform>
		<clientOnly>	false	</clientOnly>
		<properties>
			<entityName>	20254007	</entityName>
			<rediviousTime>	60.000000	</rediviousTime>
			<rediviousTotal>	1	</rediviousTotal>
			<randomWalkRange>	3.000000	</randomWalkRange>
			<patrolList>	</patrolList>
			<lineNumber>	0	</lineNumber>
			<group>	4	</group>
			<checkpoints>	1	</checkpoints>
			<patrolPathNode>	</patrolPathNode>
			<actionDefaultName>	</actionDefaultName>
			<ownModelName>	</ownModelName>
		</properties>
	</entity_22>
	<entity_23>
		<stopLinkStation>	00000000.00000000.00000000.00000000	</stopLinkStation>
		<animation>	</animation>
		<animationEven>	</animationEven>
		<type>	SpawnPointShuijing	</type>
		<transform>
			<row0>	0.866167 0.000260 0.499756	</row0>
			<row1>	-0.000216 0.999997 -0.000145	</row1>
			<row2>	-0.499752 0.000017 0.866164	</row2>
			<row3>	-60.097305 2.729461 43.208984	</row3>
		</transform>
		<clientOnly>	false	</clientOnly>
		<properties>
			<entityName>	20254009	</entityName>
			<rediviousTime>	60.000000	</rediviousTime>
			<rediviousTotal>	1	</rediviousTotal>
			<randomWalkRange>	3.000000	</randomWalkRange>
			<patrolList>	</patrolList>
			<lineNumber>	0	</lineNumber>
			<group>	4	</group>
			<checkpoints>	1	</checkpoints>
			<patrolPathNode>	</patrolPathNode>
			<actionDefaultName>	</actionDefaultName>
			<ownModelName>	</ownModelName>
		</properties>
	</entity_23>
	<entity_24>
		<stopLinkStation>	00000000.00000000.00000000.00000000	</stopLinkStation>
		<animation>	</animation>
		<animationEven>	</animationEven>
		<type>	SpawnPointShuijing	</type>
		<transform>
			<row0>	0.865934 -0.000219 0.500156	</row0>
			<row1>	0.000281 0.999997 -0.000041	</row1>
			<row2>	-0.500154 0.000175 0.865930	</row2>
			<row3>	-59.187893 2.729464 50.305389	</row3>
		</transform>
		<clientOnly>	false	</clientOnly>
		<properties>
			<entityName>	20254008	</entityName>
			<rediviousTime>	60.000000	</rediviousTime>
			<rediviousTotal>	1	</rediviousTotal>
			<randomWalkRange>	3.000000	</randomWalkRange>
			<patrolList>	</patrolList>
			<lineNumber>	0	</lineNumber>
			<group>	6	</group>
			<checkpoints>	1	</checkpoints>
			<patrolPathNode>	</patrolPathNode>
			<actionDefaultName>	</actionDefaultName>
			<ownModelName>	</ownModelName>
		</properties>
	</entity_24>
	<entity_25>
		<stopLinkStation>	00000000.00000000.00000000.00000000	</stopLinkStation>
		<animation>	</animation>
		<animationEven>	</animationEven>
		<type>	SpawnPointShuijing	</type>
		<transform>
			<row0>	0.865934 -0.000333 0.500156	</row0>
			<row1>	0.000423 0.999997 -0.000060	</row1>
			<row2>	-0.500154 0.000262 0.865930	</row2>
			<row3>	-59.837917 2.729464 31.150047	</row3>
		</transform>
		<clientOnly>	false	</clientOnly>
		<properties>
			<entityName>	20254007	</entityName>
			<rediviousTime>	60.000000	</rediviousTime>
			<rediviousTotal>	1	</rediviousTotal>
			<randomWalkRange>	3.000000	</randomWalkRange>
			<patrolList>	</patrolList>
			<lineNumber>	0	</lineNumber>
			<group>	1	</group>
			<checkpoints>	1	</checkpoints>
			<patrolPathNode>	</patrolPathNode>
			<actionDefaultName>	</actionDefaultName>
			<ownModelName>	</ownModelName>
		</properties>
	</entity_25>
	<entity_26>
		<stopLinkStation>	00000000.00000000.00000000.00000000	</stopLinkStation>
		<animation>	</animation>
		<animationEven>	</animationEven>
		<type>	SpawnPointShuijing	</type>
		<transform>
			<row0>	0.865934 0.000137 0.500156	</row0>
			<row1>	-0.000169 0.999997 0.000024	</row1>
			<row2>	-0.500154 -0.000108 0.865930	</row2>
			<row3>	-58.813194 2.729461 55.785049	</row3>
		</transform>
		<clientOnly>	false	</clientOnly>
		<properties>
			<entityName>	20254007	</entityName>
			<rediviousTime>	60.000000	</rediviousTime>
			<rediviousTotal>	1	</rediviousTotal>
			<randomWalkRange>	3.000000	</randomWalkRange>
			<patrolList>	</patrolList>
			<lineNumber>	0	</lineNumber>
			<group>	2	</group>
			<checkpoints>	1	</checkpoints>
			<patrolPathNode>	</patrolPathNode>
			<actionDefaultName>	</actionDefaultName>
			<ownModelName>	</ownModelName>
		</properties>
	</entity_26>
	<entity_27>
		<stopLinkStation>	00000000.00000000.00000000.00000000	</stopLinkStation>
		<animation>	</animation>
		<animationEven>	</animationEven>
		<type>	SpawnPointShuijing	</type>
		<transform>
			<row0>	0.865934 0.000138 0.500156	</row0>
			<row1>	-0.000169 0.999997 0.000024	</row1>
			<row2>	-0.500154 -0.000107 0.865930	</row2>
			<row3>	-59.505806 2.729464 35.222618	</row3>
		</transform>
		<clientOnly>	false	</clientOnly>
		<properties>
			<entityName>	20254007	</entityName>
			<rediviousTime>	60.000000	</rediviousTime>
			<rediviousTotal>	1	</rediviousTotal>
			<randomWalkRange>	3.000000	</randomWalkRange>
			<patrolList>	</patrolList>
			<lineNumber>	0	</lineNumber>
			<group>	3	</group>
			<checkpoints>	1	</checkpoints>
			<patrolPathNode>	</patrolPathNode>
			<actionDefaultName>	</actionDefaultName>
			<ownModelName>	</ownModelName>
		</properties>
	</entity_27>
	<entity_28>
		<stopLinkStation>	00000000.00000000.00000000.00000000	</stopLinkStation>
		<animation>	</animation>
		<animationEven>	</animationEven>
		<type>	SpawnPointShuijing	</type>
		<transform>
			<row0>	0.865934 0.000115 0.500156	</row0>
			<row1>	-0.000129 0.999997 0.000000	</row1>
			<row2>	-0.500154 -0.000066 0.865930	</row2>
			<row3>	-59.468082 2.729459 45.289101	</row3>
		</transform>
		<clientOnly>	false	</clientOnly>
		<properties>
			<entityName>	20254010	</entityName>
			<rediviousTime>	60.000000	</rediviousTime>
			<rediviousTotal>	1	</rediviousTotal>
			<randomWalkRange>	3.000000	</randomWalkRange>
			<patrolList>	</patrolList>
			<lineNumber>	0	</lineNumber>
			<group>	5	</group>
			<checkpoints>	1	</checkpoints>
			<patrolPathNode>	</patrolPathNode>
			<actionDefaultName>	</actionDefaultName>
			<ownModelName>	</ownModelName>
		</properties>
	</entity_28>
	<entity_29>
		<stopLinkStation>	00000000.00000000.00000000.00000000	</stopLinkStation>
		<animation>	</animation>
		<animationEven>	</animationEven>
		<type>	SpawnPointShuijing	</type>
		<transform>
			<row0>	0.865934 -0.000106 0.500156	</row0>
			<row1>	0.000140 0.999997 -0.000021	</row1>
			<row2>	-0.500154 0.000087 0.865930	</row2>
			<row3>	-57.976192 2.729459 56.710732	</row3>
		</transform>
		<clientOnly>	false	</clientOnly>
		<properties>
			<entityName>	20254008	</entityName>
			<rediviousTime>	60.000000	</rediviousTime>
			<rediviousTotal>	1	</rediviousTotal>
			<randomWalkRange>	3.000000	</randomWalkRange>
			<patrolList>	</patrolList>
			<lineNumber>	0	</lineNumber>
			<group>	1	</group>
			<checkpoints>	1	</checkpoints>
			<patrolPathNode>	</patrolPathNode>
			<actionDefaultName>	</actionDefaultName>
			<ownModelName>	</ownModelName>
		</properties>
	</entity_29>
	<entity_30>
		<stopLinkStation>	00000000.00000000.00000000.00000000	</stopLinkStation>
		<animation>	</animation>
		<animationEven>	</animationEven>
		<type>	SpawnPointShuijing	</type>
		<transform>
			<row0>	0.865934 0.000115 0.500156	</row0>
			<row1>	-0.000129 0.999997 0.000000	</row1>
			<row2>	-0.500154 -0.000066 0.865930	</row2>
			<row3>	-58.316929 2.729461 47.210682	</row3>
		</transform>
		<clientOnly>	false	</clientOnly>
		<properties>
			<entityName>	20254010	</entityName>
			<rediviousTime>	60.000000	</rediviousTime>
			<rediviousTotal>	1	</rediviousTotal>
			<randomWalkRange>	3.000000	</randomWalkRange>
			<patrolList>	</patrolList>
			<lineNumber>	0	</lineNumber>
			<group>	6	</group>
			<checkpoints>	1	</checkpoints>
			<patrolPathNode>	</patrolPathNode>
			<actionDefaultName>	</actionDefaultName>
			<ownModelName>	</ownModelName>
		</properties>
	</entity_30>
	<entity_31>
		<stopLinkStation>	00000000.00000000.00000000.00000000	</stopLinkStation>
		<animation>	</animation>
		<animationEven>	</animationEven>
		<type>	SpawnPointShuijing	</type>
		<transform>
			<row0>	0.865934 0.000164 0.500156	</row0>
			<row1>	-0.000202 0.999997 0.000030	</row1>
			<row2>	-0.500154 -0.000128 0.865930	</row2>
			<row3>	-57.085728 2.729459 53.428223	</row3>
		</transform>
		<clientOnly>	false	</clientOnly>
		<properties>
			<entityName>	20254008	</entityName>
			<rediviousTime>	60.000000	</rediviousTime>
			<rediviousTotal>	1	</rediviousTotal>
			<randomWalkRange>	3.000000	</randomWalkRange>
			<patrolList>	</patrolList>
			<lineNumber>	0	</lineNumber>
			<group>	3	</group>
			<checkpoints>	1	</checkpoints>
			<patrolPathNode>	</patrolPathNode>
			<actionDefaultName>	</actionDefaultName>
			<ownModelName>	</ownModelName>
		</properties>
	</entity_31>
	<entity_32>
		<stopLinkStation>	00000000.00000000.00000000.00000000	</stopLinkStation>
		<animation>	</animation>
		<animationEven>	</animationEven>
		<type>	SpawnPointShuijing	</type>
		<transform>
			<row0>	0.865934 -0.000219 0.500156	</row0>
			<row1>	0.000281 0.999997 -0.000041	</row1>
			<row2>	-0.500154 0.000175 0.865930	</row2>
			<row3>	-57.824200 2.729467 34.315567	</row3>
		</transform>
		<clientOnly>	false	</clientOnly>
		<properties>
			<entityName>	20254007	</entityName>
			<rediviousTime>	60.000000	</rediviousTime>
			<rediviousTotal>	1	</rediviousTotal>
			<randomWalkRange>	3.000000	</randomWalkRange>
			<patrolList>	</patrolList>
			<lineNumber>	0	</lineNumber>
			<group>	4	</group>
			<checkpoints>	1	</checkpoints>
			<patrolPathNode>	</patrolPathNode>
			<actionDefaultName>	</actionDefaultName>
			<ownModelName>	</ownModelName>
		</properties>
	</entity_32>
	<entity_33>
		<stopLinkStation>	00000000.00000000.00000000.00000000	</stopLinkStation>
		<animation>	</animation>
		<animationEven>	</animationEven>
		<type>	SpawnPointShuijing	</type>
		<transform>
			<row0>	0.866167 0.000008 0.499756	</row0>
			<row1>	-0.000006 0.999997 -0.000004	</row1>
			<row2>	-0.499752 -0.000001 0.866164	</row2>
			<row3>	-57.056507 2.729467 51.503632	</row3>
		</transform>
		<clientOnly>	false	</clientOnly>
		<properties>
			<entityName>	20254009	</entityName>
			<rediviousTime>	60.000000	</rediviousTime>
			<rediviousTotal>	1	</rediviousTotal>
			<randomWalkRange>	3.000000	</randomWalkRange>
			<patrolList>	</patrolList>
			<lineNumber>	0	</lineNumber>
			<group>	7	</group>
			<checkpoints>	1	</checkpoints>
			<patrolPathNode>	</patrolPathNode>
			<actionDefaultName>	</actionDefaultName>
			<ownModelName>	</ownModelName>
		</properties>
	</entity_33>
	<entity_34>
		<stopLinkStation>	00000000.00000000.00000000.00000000	</stopLinkStation>
		<animation>	</animation>
		<animationEven>	</animationEven>
		<type>	SpawnPointShuijing	</type>
		<transform>
			<row0>	0.865934 -0.000333 0.500156	</row0>
			<row1>	0.000423 0.999997 -0.000060	</row1>
			<row2>	-0.500154 0.000262 0.865930	</row2>
			<row3>	-57.656631 2.729464 31.275066	</row3>
		</transform>
		<clientOnly>	false	</clientOnly>
		<properties>
			<entityName>	20254007	</entityName>
			<rediviousTime>	60.000000	</rediviousTime>
			<rediviousTotal>	1	</rediviousTotal>
			<randomWalkRange>	3.000000	</randomWalkRange>
			<patrolList>	</patrolList>
			<lineNumber>	0	</lineNumber>
			<group>	2	</group>
			<checkpoints>	1	</checkpoints>
			<patrolPathNode>	</patrolPathNode>
			<actionDefaultName>	</actionDefaultName>
			<ownModelName>	</ownModelName>
		</properties>
	</entity_34>
	<entity_35>
		<stopLinkStation>	00000000.00000000.00000000.00000000	</stopLinkStation>
		<animation>	</animation>
		<animationEven>	</animationEven>
		<type>	SpawnPointShuijing	</type>
		<transform>
			<row0>	0.865934 -0.000333 0.500156	</row0>
			<row1>	0.000423 0.999997 -0.000060	</row1>
			<row2>	-0.500154 0.000262 0.865930	</row2>
			<row3>	-56.813419 2.729461 28.863853	</row3>
		</transform>
		<clientOnly>	false	</clientOnly>
		<properties>
			<entityName>	20254007	</entityName>
			<rediviousTime>	60.000000	</rediviousTime>
			<rediviousTotal>	1	</rediviousTotal>
			<randomWalkRange>	3.000000	</randomWalkRange>
			<patrolList>	</patrolList>
			<lineNumber>	0	</lineNumber>
			<group>	0	</group>
			<checkpoints>	1	</checkpoints>
			<patrolPathNode>	</patrolPathNode>
			<actionDefaultName>	</actionDefaultName>
			<ownModelName>	</ownModelName>
		</properties>
	</entity_35>
	<entity_36>
		<stopLinkStation>	00000000.00000000.00000000.00000000	</stopLinkStation>
		<animation>	</animation>
		<animationEven>	</animationEven>
		<type>	SpawnPointShuijing	</type>
		<transform>
			<row0>	0.865934 0.000052 0.500156	</row0>
			<row1>	-0.000061 0.999997 0.000009	</row1>
			<row2>	-0.500154 -0.000039 0.865930	</row2>
			<row3>	-56.310356 2.729459 33.552124	</row3>
		</transform>
		<clientOnly>	false	</clientOnly>
		<properties>
			<entityName>	20254008	</entityName>
			<rediviousTime>	60.000000	</rediviousTime>
			<rediviousTotal>	1	</rediviousTotal>
			<randomWalkRange>	3.000000	</randomWalkRange>
			<patrolList>	</patrolList>
			<lineNumber>	0	</lineNumber>
			<group>	5	</group>
			<checkpoints>	1	</checkpoints>
			<patrolPathNode>	</patrolPathNode>
			<actionDefaultName>	</actionDefaultName>
			<ownModelName>	</ownModelName>
		</properties>
	</entity_36>
	<entity_37>
		<stopLinkStation>	00000000.00000000.00000000.00000000	</stopLinkStation>
		<animation>	</animation>
		<animationEven>	</animationEven>
		<type>	SpawnPointShuijing	</type>
		<transform>
			<row0>	0.865934 0.000052 0.500156	</row0>
			<row1>	-0.000061 0.999997 0.000009	</row1>
			<row2>	-0.500154 -0.000039 0.865930	</row2>
			<row3>	-55.489162 2.729464 57.387886	</row3>
		</transform>
		<clientOnly>	false	</clientOnly>
		<properties>
			<entityName>	20254007	</entityName>
			<rediviousTime>	60.000000	</rediviousTime>
			<rediviousTotal>	1	</rediviousTotal>
			<randomWalkRange>	3.000000	</randomWalkRange>
			<patrolList>	</patrolList>
			<lineNumber>	0	</lineNumber>
			<group>	8	</group>
			<checkpoints>	1	</checkpoints>
			<patrolPathNode>	</patrolPathNode>
			<actionDefaultName>	</actionDefaultName>
			<ownModelName>	</ownModelName>
		</properties>
	</entity_37>
	<entity_38>
		<stopLinkStation>	00000000.00000000.00000000.00000000	</stopLinkStation>
		<animation>	</animation>
		<animationEven>	</animationEven>
		<type>	SpawnPointShuijing	</type>
		<transform>
			<row0>	0.865934 -0.000219 0.500156	</row0>
			<row1>	0.000281 0.999997 -0.000041	</row1>
			<row2>	-0.500154 0.000175 0.865930	</row2>
			<row3>	-55.255875 2.729467 31.071552	</row3>
		</transform>
		<clientOnly>	false	</clientOnly>
		<properties>
			<entityName>	20254007	</entityName>
			<rediviousTime>	60.000000	</rediviousTime>
			<rediviousTotal>	1	</rediviousTotal>
			<randomWalkRange>	3.000000	</randomWalkRange>
			<patrolList>	</patrolList>
			<lineNumber>	0	</lineNumber>
			<group>	6	</group>
			<checkpoints>	1	</checkpoints>
			<patrolPathNode>	</patrolPathNode>
			<actionDefaultName>	</actionDefaultName>
			<ownModelName>	</ownModelName>
		</properties>
	</entity_38>
	<entity_39>
		<stopLinkStation>	00000000.00000000.00000000.00000000	</stopLinkStation>
		<animation>	</animation>
		<animationEven>	</animationEven>
		<type>	SpawnPointShuijing	</type>
		<transform>
			<row0>	0.865934 -0.000333 0.500156	</row0>
			<row1>	0.000423 0.999997 -0.000060	</row1>
			<row2>	-0.500154 0.000262 0.865930	</row2>
			<row3>	-54.912472 2.729465 40.796844	</row3>
		</transform>
		<clientOnly>	false	</clientOnly>
		<properties>
			<entityName>	20254011	</entityName>
			<rediviousTime>	60.000000	</rediviousTime>
			<rediviousTotal>	1	</rediviousTotal>
			<randomWalkRange>	3.000000	</randomWalkRange>
			<patrolList>	</patrolList>
			<lineNumber>	0	</lineNumber>
			<group>	11	</group>
			<checkpoints>	1	</checkpoints>
			<patrolPathNode>	</patrolPathNode>
			<actionDefaultName>	</actionDefaultName>
			<ownModelName>	</ownModelName>
		</properties>
	</entity_39>
	<entity_40>
		<stopLinkStation>	00000000.00000000.00000000.00000000	</stopLinkStation>
		<animation>	</animation>
		<animationEven>	</animationEven>
		<type>	SpawnPointShuijing	</type>
		<transform>
			<row0>	0.865934 -0.000333 0.500156	</row0>
			<row1>	0.000423 0.999997 -0.000060	</row1>
			<row2>	-0.500154 0.000262 0.865930	</row2>
			<row3>	-54.507183 2.729469 48.395790	</row3>
		</transform>
		<clientOnly>	false	</clientOnly>
		<properties>
			<entityName>	20254011	</entityName>
			<rediviousTime>	60.000000	</rediviousTime>
			<rediviousTotal>	1	</rediviousTotal>
			<randomWalkRange>	3.000000	</randomWalkRange>
			<patrolList>	</patrolList>
			<lineNumber>	0	</lineNumber>
			<group>	10	</group>
			<checkpoints>	1	</checkpoints>
			<patrolPathNode>	</patrolPathNode>
			<actionDefaultName>	</actionDefaultName>
			<ownModelName>	</ownModelName>
		</properties>
	</entity_40>
	<entity_41>
		<stopLinkStation>	00000000.00000000.00000000.00000000	</stopLinkStation>
		<animation>	</animation>
		<animationEven>	</animationEven>
		<type>	SpawnPointShuijing	</type>
		<transform>
			<row0>	0.865934 -0.000333 0.500156	</row0>
			<row1>	0.000423 0.999997 -0.000060	</row1>
			<row2>	-0.500154 0.000262 0.865930	</row2>
			<row3>	-54.442852 2.729464 44.426311	</row3>
		</transform>
		<clientOnly>	false	</clientOnly>
		<properties>
			<entityName>	20254011	</entityName>
			<rediviousTime>	60.000000	</rediviousTime>
			<rediviousTotal>	1	</rediviousTotal>
			<randomWalkRange>	3.000000	</randomWalkRange>
			<patrolList>	</patrolList>
			<lineNumber>	0	</lineNumber>
			<group>	7	</group>
			<checkpoints>	1	</checkpoints>
			<patrolPathNode>	</patrolPathNode>
			<actionDefaultName>	</actionDefaultName>
			<ownModelName>	</ownModelName>
		</properties>
	</entity_41>
	<entity_42>
		<stopLinkStation>	00000000.00000000.00000000.00000000	</stopLinkStation>
		<animation>	</animation>
		<animationEven>	</animationEven>
		<type>	SpawnPointShuijing	</type>
		<transform>
			<row0>	0.866167 -0.000337 0.499756	</row0>
			<row1>	0.000281 0.999997 0.000188	</row1>
			<row2>	-0.499752 -0.000023 0.866164	</row2>
			<row3>	-54.155846 2.729461 51.197109	</row3>
		</transform>
		<clientOnly>	false	</clientOnly>
		<properties>
			<entityName>	20254009	</entityName>
			<rediviousTime>	60.000000	</rediviousTime>
			<rediviousTotal>	1	</rediviousTotal>
			<randomWalkRange>	3.000000	</randomWalkRange>
			<patrolList>	</patrolList>
			<lineNumber>	0	</lineNumber>
			<group>	4	</group>
			<checkpoints>	1	</checkpoints>
			<patrolPathNode>	</patrolPathNode>
			<actionDefaultName>	</actionDefaultName>
			<ownModelName>	</ownModelName>
		</properties>
	</entity_42>
	<entity_43>
		<stopLinkStation>	00000000.00000000.00000000.00000000	</stopLinkStation>
		<animation>	</animation>
		<animationEven>	</animationEven>
		<type>	SpawnPointShuijing	</type>
		<transform>
			<row0>	0.866167 0.000008 0.499756	</row0>
			<row1>	-0.000006 0.999997 -0.000004	</row1>
			<row2>	-0.499752 -0.000001 0.866164	</row2>
			<row3>	-54.314831 2.729464 35.488419	</row3>
		</transform>
		<clientOnly>	false	</clientOnly>
		<properties>
			<entityName>	20254009	</entityName>
			<rediviousTime>	60.000000	</rediviousTime>
			<rediviousTotal>	1	</rediviousTotal>
			<randomWalkRange>	3.000000	</randomWalkRange>
			<patrolList>	</patrolList>
			<lineNumber>	0	</lineNumber>
			<group>	8	</group>
			<checkpoints>	1	</checkpoints>
			<patrolPathNode>	</patrolPathNode>
			<actionDefaultName>	</actionDefaultName>
			<ownModelName>	</ownModelName>
		</properties>
	</entity_43>
	<entity_44>
		<stopLinkStation>	00000000.00000000.00000000.00000000	</stopLinkStation>
		<animation>	</animation>
		<animationEven>	</animationEven>
		<type>	SpawnPointShuijing	</type>
		<transform>
			<row0>	0.865934 -0.000333 0.500156	</row0>
			<row1>	0.000423 0.999997 -0.000060	</row1>
			<row2>	-0.500154 0.000262 0.865930	</row2>
			<row3>	-53.993671 2.729461 42.099213	</row3>
		</transform>
		<clientOnly>	false	</clientOnly>
		<properties>
			<entityName>	20254011	</entityName>
			<rediviousTime>	60.000000	</rediviousTime>
			<rediviousTotal>	1	</rediviousTotal>
			<randomWalkRange>	3.000000	</randomWalkRange>
			<patrolList>	</patrolList>
			<lineNumber>	0	</lineNumber>
			<group>	8	</group>
			<checkpoints>	1	</checkpoints>
			<patrolPathNode>	</patrolPathNode>
			<actionDefaultName>	</actionDefaultName>
			<ownModelName>	</ownModelName>
		</properties>
	</entity_44>
	<entity_45>
		<stopLinkStation>	00000000.00000000.00000000.00000000	</stopLinkStation>
		<animation>	</animation>
		<animationEven>	</animationEven>
		<type>	SpawnPointShuijing	</type>
		<transform>
			<row0>	0.866167 0.000008 0.499756	</row0>
			<row1>	-0.000006 0.999997 -0.000004	</row1>
			<row2>	-0.499752 -0.000001 0.866164	</row2>
			<row3>	-52.627888 2.729461 55.904156	</row3>
		</transform>
		<clientOnly>	false	</clientOnly>
		<properties>
			<entityName>	20254009	</entityName>
			<rediviousTime>	60.000000	</rediviousTime>
			<rediviousTotal>	1	</rediviousTotal>
			<randomWalkRange>	3.000000	</randomWalkRange>
			<patrolList>	</patrolList>
			<lineNumber>	0	</lineNumber>
			<group>	10	</group>
			<checkpoints>	1	</checkpoints>
			<patrolPathNode>	</patrolPathNode>
			<actionDefaultName>	</actionDefaultName>
			<ownModelName>	</ownModelName>
		</properties>
	</entity_45>
	<entity_46>
