<root>
	<entity_1>
		<type>	SpawnPointCopyDragon	</type>
		<transform>
			<row0>	-0.965911 0.000000 -0.258815	</row0>
			<row1>	0.000000 0.999995 0.000000	</row1>
			<row2>	0.258815 0.000000 -0.965911	</row2>
			<row3>	-1.685081 0.785156 86.690674	</row3>
		</transform>
		<clientOnly>	false	</clientOnly>
		<properties>
			<entityName>	20311013	</entityName>
			<rediviousTime>	60.000000	</rediviousTime>
			<rediviousTotal>	1	</rediviousTotal>
			<randomWalkRange>	3.000000	</randomWalkRange>
			<patrolList>	</patrolList>
			<monsterType>	0	</monsterType>
			<patrolPathNode>	</patrolPathNode>
		</properties>
	</entity_1>
	<entity_2>
		<type>	SpawnPointCopyDragon	</type>
		<transform>
			<row0>	-0.499999 0.000000 -0.866023	</row0>
			<row1>	0.000000 0.999998 0.000000	</row1>
			<row2>	0.866023 0.000000 -0.499999	</row2>
			<row3>	-11.592789 1.189453 91.912766	</row3>
		</transform>
		<clientOnly>	false	</clientOnly>
		<properties>
			<entityName>	20314006	</entityName>
			<rediviousTime>	60.000000	</rediviousTime>
			<rediviousTotal>	1	</rediviousTotal>
			<randomWalkRange>	5.000000	</randomWalkRange>
			<patrolList>	</patrolList>
			<monsterType>	1	</monsterType>
			<patrolPathNode>	</patrolPathNode>
		</properties>
	</entity_2>
	<entity_3>
		<type>	SpawnPointCopyDragon	</type>
		<transform>
			<row0>	0.499993 0.000000 -0.866013	</row0>
			<row1>	0.000000 0.999995 0.000000	</row1>
			<row2>	0.866013 0.000000 0.499993	</row2>
			<row3>	71.361694 -0.843750 -12.001305	</row3>
		</transform>
		<clientOnly>	false	</clientOnly>
		<properties>
			<entityName>	20311013	</entityName>
			<rediviousTime>	60.000000	</rediviousTime>
			<rediviousTotal>	1	</rediviousTotal>
			<randomWalkRange>	3.000000	</randomWalkRange>
			<patrolList>	</patrolList>
			<monsterType>	0	</monsterType>
			<patrolPathNode>	</patrolPathNode>
		</properties>
	</entity_3>
	<entity_4>
		<type>	SpawnPointCopyDragon	</type>
		<transform>
			<row0>	0.965912 0.000000 -0.258815	</row0>
			<row1>	0.000000 0.999995 0.000000	</row1>
			<row2>	0.258815 0.000000 0.965912	</row2>
			<row3>	66.248116 -1.082031 -12.777649	</row3>
		</transform>
		<clientOnly>	false	</clientOnly>
		<properties>
			<entityName>	20311013	</entityName>
			<rediviousTime>	60.000000	</rediviousTime>
			<rediviousTotal>	1	</rediviousTotal>
			<randomWalkRange>	3.000000	</randomWalkRange>
			<patrolList>	</patrolList>
			<monsterType>	0	</monsterType>
			<patrolPathNode>	</patrolPathNode>
		</properties>
	</entity_4>
	<entity_5>
		<type>	SpawnPointCopyDragon	</type>
		<transform>
			<row0>	0.866013 0.000000 0.499993	</row0>
			<row1>	0.000000 0.999995 0.000000	</row1>
			<row2>	-0.499993 0.000000 0.866013	</row2>
			<row3>	73.986244 -1.025390 -8.909416	</row3>
		</transform>
		<clientOnly>	false	</clientOnly>
		<properties>
			<entityName>	20311013	</entityName>
			<rediviousTime>	60.000000	</rediviousTime>
			<rediviousTotal>	1	</rediviousTotal>
			<randomWalkRange>	3.000000	</randomWalkRange>
			<patrolList>	</patrolList>
			<monsterType>	0	</monsterType>
			<patrolPathNode>	</patrolPathNode>
		</properties>
	</entity_5>
	<entity_6>
		<type>	SpawnPointCopyDragon	</type>
		<transform>
			<row0>	0.999986 0.000000 0.000000	</row0>
			<row1>	0.000000 0.999995 0.000000	</row1>
			<row2>	0.000000 0.000000 0.999986	</row2>
			<row3>	68.164085 -0.841797 -6.187347	</row3>
		</transform>
		<clientOnly>	false	</clientOnly>
		<properties>
			<entityName>	20311013	</entityName>
			<rediviousTime>	60.000000	</rediviousTime>
			<rediviousTotal>	1	</rediviousTotal>
			<randomWalkRange>	3.000000	</randomWalkRange>
			<patrolList>	</patrolList>
			<monsterType>	0	</monsterType>
			<patrolPathNode>	</patrolPathNode>
		</properties>
	</entity_6>
	<entity_7>
		<type>	SpawnPointCopyDragon	</type>
		<transform>
			<row0>	0.999986 0.000000 0.000001	</row0>
			<row1>	0.000000 0.999995 0.000000	</row1>
			<row2>	-0.000001 0.000000 0.999986	</row2>
			<row3>	63.787491 -1.253906 -8.864357	</row3>
		</transform>
		<clientOnly>	false	</clientOnly>
		<properties>
			<entityName>	20311013	</entityName>
			<rediviousTime>	60.000000	</rediviousTime>
			<rediviousTotal>	1	</rediviousTotal>
			<randomWalkRange>	3.000000	</randomWalkRange>
			<patrolList>	</patrolList>
			<monsterType>	0	</monsterType>
			<patrolPathNode>	</patrolPathNode>
		</properties>
	</entity_7>
	<entity_8>
		<type>	SpawnPointCopyDragon	</type>
		<transform>
			<row0>	0.965912 0.000000 -0.258815	</row0>
			<row1>	0.000000 0.999995 0.000000	</row1>
			<row2>	0.258815 0.000000 0.965912	</row2>
			<row3>	67.754105 -1.164062 -10.311577	</row3>
		</transform>
		<clientOnly>	false	</clientOnly>
		<properties>
			<entityName>	20311021	</entityName>
			<rediviousTime>	60.000000	</rediviousTime>
			<rediviousTotal>	1	</rediviousTotal>
			<randomWalkRange>	3.000000	</randomWalkRange>
			<patrolList>	</patrolList>
			<monsterType>	0	</monsterType>
			<patrolPathNode>	</patrolPathNode>
		</properties>
	</entity_8>
	<entity_9>
		<type>	SpawnPointCopyDragon	</type>
		<transform>
			<row0>	-0.965915 0.000000 0.258818	</row0>
			<row1>	0.000000 0.999997 0.000000	</row1>
			<row2>	-0.258818 0.000000 -0.965915	</row2>
			<row3>	15.038494 0.078125 28.071266	</row3>
		</transform>
		<clientOnly>	false	</clientOnly>
		<properties>
			<entityName>	20311013	</entityName>
			<rediviousTime>	60.000000	</rediviousTime>
			<rediviousTotal>	1	</rediviousTotal>
			<randomWalkRange>	3.000000	</randomWalkRange>
			<patrolList>	</patrolList>
			<monsterType>	0	</monsterType>
			<patrolPathNode>	</patrolPathNode>
		</properties>
	</entity_9>
	<entity_10>
		<type>	SpawnPointCopyDragon	</type>
		<transform>
			<row0>	-0.866015 0.000000 -0.499994	</row0>
			<row1>	0.000000 0.999996 0.000000	</row1>
			<row2>	0.499994 0.000000 -0.866015	</row2>
			<row3>	20.301964 -0.349609 28.777035	</row3>
		</transform>
		<clientOnly>	false	</clientOnly>
		<properties>
			<entityName>	20311013	</entityName>
			<rediviousTime>	60.000000	</rediviousTime>
			<rediviousTotal>	1	</rediviousTotal>
			<randomWalkRange>	3.000000	</randomWalkRange>
			<patrolList>	</patrolList>
			<monsterType>	0	</monsterType>
			<patrolPathNode>	</patrolPathNode>
		</properties>
	</entity_10>
	<entity_11>
		<type>	SpawnPointCopyDragon	</type>
		<transform>
			<row0>	0.258815 0.000000 -0.965914	</row0>
			<row1>	0.000000 0.999995 0.000000	</row1>
			<row2>	0.965914 0.000000 0.258815	</row2>
			<row3>	23.207785 -0.550781 31.285610	</row3>
		</transform>
		<clientOnly>	false	</clientOnly>
		<properties>
			<entityName>	20311013	</entityName>
			<rediviousTime>	60.000000	</rediviousTime>
			<rediviousTotal>	1	</rediviousTotal>
			<randomWalkRange>	3.000000	</randomWalkRange>
			<patrolList>	</patrolList>
			<monsterType>	0	</monsterType>
			<patrolPathNode>	</patrolPathNode>
		</properties>
	</entity_11>
	<entity_12>
		<type>	SpawnPointCopyDragon	</type>
		<transform>
			<row0>	-0.965914 0.000000 0.258817	</row0>
			<row1>	0.000000 0.999996 0.000000	</row1>
			<row2>	-0.258817 0.000000 -0.965914	</row2>
			<row3>	18.544449 -0.230469 31.810574	</row3>
		</transform>
		<clientOnly>	false	</clientOnly>
		<properties>
			<entityName>	20311013	</entityName>
			<rediviousTime>	60.000000	</rediviousTime>
			<rediviousTotal>	1	</rediviousTotal>
			<randomWalkRange>	3.000000	</randomWalkRange>
			<patrolList>	</patrolList>
			<monsterType>	0	</monsterType>
			<patrolPathNode>	</patrolPathNode>
		</properties>
	</entity_12>
	<entity_13>
		<type>	SpawnPointCopyDragon	</type>
		<transform>
			<row0>	-0.258816 0.000000 -0.965914	</row0>
			<row1>	0.000000 0.999996 0.000000	</row1>
			<row2>	0.965914 0.000000 -0.258816	</row2>
			<row3>	32.567635 -0.433594 6.190412	</row3>
		</transform>
		<clientOnly>	false	</clientOnly>
		<properties>
			<entityName>	20311013	</entityName>
			<rediviousTime>	60.000000	</rediviousTime>
			<rediviousTotal>	1	</rediviousTotal>
			<randomWalkRange>	3.000000	</randomWalkRange>
			<patrolList>	</patrolList>
			<monsterType>	0	</monsterType>
			<patrolPathNode>	</patrolPathNode>
		</properties>
	</entity_13>
	<entity_14>
		<type>	SpawnPointCopyDragon	</type>
		<transform>
			<row0>	0.707098 0.000000 -0.707098	</row0>
			<row1>	0.000000 0.999996 0.000000	</row1>
			<row2>	0.707098 0.000000 0.707098	</row2>
			<row3>	36.460564 -0.689453 2.277805	</row3>
		</transform>
		<clientOnly>	false	</clientOnly>
		<properties>
			<entityName>	20311013	</entityName>
			<rediviousTime>	60.000000	</rediviousTime>
			<rediviousTotal>	1	</rediviousTotal>
			<randomWalkRange>	3.000000	</randomWalkRange>
			<patrolList>	</patrolList>
			<monsterType>	0	</monsterType>
			<patrolPathNode>	</patrolPathNode>
		</properties>
	</entity_14>
	<entity_15>
		<type>	SpawnPointCopyDragon	</type>
		<transform>
			<row0>	0.999987 0.000000 0.000000	</row0>
			<row1>	0.000000 0.999996 0.000000	</row1>
			<row2>	0.000000 0.000000 0.999987	</row2>
			<row3>	42.189793 -0.548828 3.363563	</row3>
		</transform>
		<clientOnly>	false	</clientOnly>
		<properties>
			<entityName>	20311013	</entityName>
			<rediviousTime>	60.000000	</rediviousTime>
			<rediviousTotal>	1	</rediviousTotal>
			<randomWalkRange>	3.000000	</randomWalkRange>
			<patrolList>	</patrolList>
			<monsterType>	0	</monsterType>
			<patrolPathNode>	</patrolPathNode>
		</properties>
	</entity_15>
	<entity_16>
		<type>	SpawnPointCopyDragon	</type>
		<transform>
			<row0>	0.999987 0.000000 0.000000	</row0>
			<row1>	0.000000 0.999996 0.000000	</row1>
			<row2>	0.000000 0.000000 0.999987	</row2>
			<row3>	39.058887 -0.785156 0.383414	</row3>
		</transform>
		<clientOnly>	false	</clientOnly>
		<properties>
			<entityName>	20311013	</entityName>
			<rediviousTime>	60.000000	</rediviousTime>
			<rediviousTotal>	1	</rediviousTotal>
			<randomWalkRange>	3.000000	</randomWalkRange>
			<patrolList>	</patrolList>
			<monsterType>	0	</monsterType>
			<patrolPathNode>	</patrolPathNode>
		</properties>
	</entity_16>
	<entity_17>
		<type>	SpawnPointCopyDragon	</type>
		<transform>
			<row0>	-0.999985 0.000000 0.000000	</row0>
			<row1>	0.000000 0.999996 0.000000	</row1>
			<row2>	0.000000 0.000000 -0.999985	</row2>
			<row3>	86.395218 -0.076172 41.038261	</row3>
		</transform>
		<clientOnly>	false	</clientOnly>
		<properties>
			<entityName>	20311013	</entityName>
			<rediviousTime>	60.000000	</rediviousTime>
			<rediviousTotal>	1	</rediviousTotal>
			<randomWalkRange>	3.000000	</randomWalkRange>
			<patrolList>	</patrolList>
			<monsterType>	0	</monsterType>
			<patrolPathNode>	</patrolPathNode>
		</properties>
	</entity_17>
	<entity_18>
		<type>	SpawnPointCopyDragon	</type>
		<transform>
			<row0>	0.000000 0.000000 0.999986	</row0>
			<row1>	0.000000 0.999996 0.000000	</row1>
			<row2>	-0.999986 0.000000 0.000000	</row2>
			<row3>	82.316986 0.152344 42.453342	</row3>
		</transform>
		<clientOnly>	false	</clientOnly>
		<properties>
			<entityName>	20311013	</entityName>
			<rediviousTime>	60.000000	</rediviousTime>
			<rediviousTotal>	1	</rediviousTotal>
			<randomWalkRange>	3.000000	</randomWalkRange>
			<patrolList>	</patrolList>
			<monsterType>	0	</monsterType>
			<patrolPathNode>	</patrolPathNode>
		</properties>
	</entity_18>
	<entity_19>
		<type>	SpawnPointCopyDragon	</type>
		<transform>
			<row0>	-0.866013 0.000000 0.499992	</row0>
			<row1>	0.000000 0.999995 0.000000	</row1>
			<row2>	-0.499992 0.000000 -0.866013	</row2>
			<row3>	82.537476 1.839844 50.627232	</row3>
		</transform>
		<clientOnly>	false	</clientOnly>
		<properties>
			<entityName>	20311013	</entityName>
			<rediviousTime>	60.000000	</rediviousTime>
			<rediviousTotal>	1	</rediviousTotal>
			<randomWalkRange>	3.000000	</randomWalkRange>
			<patrolList>	</patrolList>
			<monsterType>	0	</monsterType>
			<patrolPathNode>	</patrolPathNode>
		</properties>
	</entity_19>
	<entity_20>
		<type>	SpawnPointCopyDragon	</type>
		<transform>
			<row0>	-0.707097 0.000000 0.707096	</row0>
			<row1>	0.000000 0.999995 0.000000	</row1>
			<row2>	-0.707096 0.000000 -0.707097	</row2>
			<row3>	84.464973 0.941406 46.178120	</row3>
		</transform>
		<clientOnly>	false	</clientOnly>
		<properties>
			<entityName>	20311013	</entityName>
			<rediviousTime>	60.000000	</rediviousTime>
			<rediviousTotal>	1	</rediviousTotal>
			<randomWalkRange>	3.000000	</randomWalkRange>
			<patrolList>	</patrolList>
			<monsterType>	0	</monsterType>
			<patrolPathNode>	</patrolPathNode>
		</properties>
	</entity_20>
	<entity_21>
		<type>	SpawnPointCopyDragon	</type>
		<transform>
			<row0>	-0.258816 0.000000 -0.965914	</row0>
			<row1>	0.000000 0.999996 0.000000	</row1>
			<row2>	0.965914 0.000000 -0.258816	</row2>
			<row3>	35.271076 -0.343750 8.213962	</row3>
		</transform>
		<clientOnly>	false	</clientOnly>
		<properties>
			<entityName>	20311013	</entityName>
			<rediviousTime>	60.000000	</rediviousTime>
			<rediviousTotal>	1	</rediviousTotal>
			<randomWalkRange>	3.000000	</randomWalkRange>
			<patrolList>	</patrolList>
			<monsterType>	0	</monsterType>
			<patrolPathNode>	</patrolPathNode>
		</properties>
	</entity_21>
	<entity_22>
		<type>	SpawnPointCopyDragon	</type>
		<transform>
			<row0>	-0.866016 0.000000 -0.499994	</row0>
			<row1>	0.000000 0.999996 0.000000	</row1>
			<row2>	0.499994 0.000000 -0.866016	</row2>
			<row3>	10.860819 0.714844 28.245447	</row3>
		</transform>
		<clientOnly>	false	</clientOnly>
		<properties>
			<entityName>	20311013	</entityName>
			<rediviousTime>	60.000000	</rediviousTime>
			<rediviousTotal>	1	</rediviousTotal>
			<randomWalkRange>	3.000000	</randomWalkRange>
			<patrolList>	</patrolList>
			<monsterType>	0	</monsterType>
			<patrolPathNode>	</patrolPathNode>
		</properties>
	</entity_22>
	<entity_23>
		<type>	SpawnPointCopyDragon	</type>
		<transform>
			<row0>	0.258816 0.000000 -0.965911	</row0>
			<row1>	0.000000 0.999995 0.000000	</row1>
			<row2>	0.965911 0.000000 0.258816	</row2>
			<row3>	80.737076 4.687499 74.420784	</row3>
		</transform>
		<clientOnly>	false	</clientOnly>
		<properties>
			<entityName>	20311013	</entityName>
			<rediviousTime>	60.000000	</rediviousTime>
			<rediviousTotal>	1	</rediviousTotal>
			<randomWalkRange>	3.000000	</randomWalkRange>
			<patrolList>	</patrolList>
			<monsterType>	0	</monsterType>
			<patrolPathNode>	</patrolPathNode>
		</properties>
	</entity_23>
	<entity_24>
		<type>	SpawnPointCopyDragon	</type>
		<transform>
			<row0>	0.258816 0.000000 -0.965911	</row0>
			<row1>	0.000000 0.999994 0.000000	</row1>
			<row2>	0.965911 0.000000 0.258816	</row2>
			<row3>	82.599609 3.789062 70.578217	</row3>
		</transform>
		<clientOnly>	false	</clientOnly>
		<properties>
			<entityName>	20311013	</entityName>
			<rediviousTime>	60.000000	</rediviousTime>
			<rediviousTotal>	1	</rediviousTotal>
			<randomWalkRange>	3.000000	</randomWalkRange>
			<patrolList>	</patrolList>
			<monsterType>	0	</monsterType>
			<patrolPathNode>	</patrolPathNode>
		</properties>
	</entity_24>
	<entity_25>
		<type>	SpawnPointCopyDragon	</type>
		<transform>
			<row0>	-0.707096 0.000000 -0.707095	</row0>
			<row1>	0.000000 0.999994 0.000000	</row1>
			<row2>	0.707095 0.000000 -0.707096	</row2>
			<row3>	85.321182 3.857421 67.828346	</row3>
		</transform>
		<clientOnly>	false	</clientOnly>
		<properties>
			<entityName>	20311013	</entityName>
			<rediviousTime>	60.000000	</rediviousTime>
			<rediviousTotal>	1	</rediviousTotal>
			<randomWalkRange>	3.000000	</randomWalkRange>
			<patrolList>	</patrolList>
			<monsterType>	0	</monsterType>
			<patrolPathNode>	</patrolPathNode>
		</properties>
	</entity_25>
	<entity_26>
		<type>	SpawnPointCopyDragon	</type>
		<transform>
			<row0>	0.000001 0.000000 -0.999986	</row0>
			<row1>	0.000000 0.999995 0.000000	</row1>
			<row2>	0.999986 0.000000 0.000001	</row2>
			<row3>	76.899208 4.757812 73.669754	</row3>
		</transform>
		<clientOnly>	false	</clientOnly>
		<properties>
			<entityName>	20311013	</entityName>
			<rediviousTime>	60.000000	</rediviousTime>
			<rediviousTotal>	1	</rediviousTotal>
			<randomWalkRange>	3.000000	</randomWalkRange>
			<patrolList>	</patrolList>
			<monsterType>	0	</monsterType>
			<patrolPathNode>	</patrolPathNode>
		</properties>
	</entity_26>
	<entity_27>
		<type>	SpawnPointCopyDragon	</type>
		<transform>
			<row0>	0.258816 0.000000 -0.965911	</row0>
			<row1>	0.000000 0.999993 0.000000	</row1>
			<row2>	0.965911 0.000000 0.258816	</row2>
			<row3>	57.669201 0.609375 53.104382	</row3>
		</transform>
		<clientOnly>	false	</clientOnly>
		<properties>
			<entityName>	20311013	</entityName>
			<rediviousTime>	60.000000	</rediviousTime>
			<rediviousTotal>	1	</rediviousTotal>
			<randomWalkRange>	3.000000	</randomWalkRange>
			<patrolList>	</patrolList>
			<monsterType>	0	</monsterType>
			<patrolPathNode>	</patrolPathNode>
		</properties>
	</entity_27>
	<entity_28>
		<type>	SpawnPointCopyDragon	</type>
		<transform>
			<row0>	0.499993 0.000000 -0.866012	</row0>
			<row1>	0.000000 0.999994 0.000000	</row1>
			<row2>	0.866012 0.000000 0.499993	</row2>
			<row3>	63.569622 -0.392578 53.228947	</row3>
		</transform>
		<clientOnly>	false	</clientOnly>
		<properties>
			<entityName>	20311013	</entityName>
			<rediviousTime>	60.000000	</rediviousTime>
			<rediviousTotal>	1	</rediviousTotal>
			<randomWalkRange>	3.000000	</randomWalkRange>
			<patrolList>	</patrolList>
			<monsterType>	0	</monsterType>
			<patrolPathNode>	</patrolPathNode>
		</properties>
	</entity_28>
	<entity_29>
		<type>	SpawnPointCopyDragon	</type>
		<transform>
			<row0>	0.866012 0.000000 -0.499992	</row0>
			<row1>	0.000000 0.999994 0.000000	</row1>
			<row2>	0.499992 0.000000 0.866012	</row2>
			<row3>	61.840374 0.431641 60.361404	</row3>
		</transform>
		<clientOnly>	false	</clientOnly>
		<properties>
			<entityName>	20311013	</entityName>
			<rediviousTime>	60.000000	</rediviousTime>
			<rediviousTotal>	1	</rediviousTotal>
			<randomWalkRange>	3.000000	</randomWalkRange>
			<patrolList>	</patrolList>
			<monsterType>	0	</monsterType>
			<patrolPathNode>	</patrolPathNode>
		</properties>
	</entity_29>
	<entity_30>
		<type>	SpawnPointCopyDragon	</type>
		<transform>
			<row0>	0.000000 0.000000 -0.999985	</row0>
			<row1>	0.000000 0.999993 0.000000	</row1>
			<row2>	0.999985 0.000000 0.000000	</row2>
			<row3>	86.327591 3.994140 72.265244	</row3>
		</transform>
		<clientOnly>	false	</clientOnly>
		<properties>
			<entityName>	20311013	</entityName>
			<rediviousTime>	60.000000	</rediviousTime>
			<rediviousTotal>	1	</rediviousTotal>
			<randomWalkRange>	3.000000	</randomWalkRange>
			<patrolList>	</patrolList>
			<monsterType>	0	</monsterType>
			<patrolPathNode>	</patrolPathNode>
		</properties>
	</entity_30>
	<entity_31>
		<type>	SpawnPointCopyDragon	</type>
		<transform>
			<row0>	0.499992 0.000000 0.866013	</row0>
			<row1>	0.000000 0.999995 0.000000	</row1>
			<row2>	-0.866013 0.000000 0.499992	</row2>
			<row3>	85.723824 0.515625 12.221617	</row3>
		</transform>
		<clientOnly>	false	</clientOnly>
		<properties>
			<entityName>	20311013	</entityName>
			<rediviousTime>	60.000000	</rediviousTime>
			<rediviousTotal>	1	</rediviousTotal>
			<randomWalkRange>	3.000000	</randomWalkRange>
			<patrolList>	</patrolList>
			<monsterType>	0	</monsterType>
			<patrolPathNode>	</patrolPathNode>
		</properties>
	</entity_31>
	<entity_32>
		<type>	SpawnPointCopyDragon	</type>
		<transform>
			<row0>	0.499992 0.000000 0.866013	</row0>
			<row1>	0.000000 0.999995 0.000000	</row1>
			<row2>	-0.866013 0.000000 0.499992	</row2>
			<row3>	87.123917 0.958984 16.255743	</row3>
		</transform>
		<clientOnly>	false	</clientOnly>
		<properties>
			<entityName>	20311013	</entityName>
			<rediviousTime>	60.000000	</rediviousTime>
			<rediviousTotal>	1	</rediviousTotal>
			<randomWalkRange>	3.000000	</randomWalkRange>
			<patrolList>	</patrolList>
			<monsterType>	0	</monsterType>
			<patrolPathNode>	</patrolPathNode>
		</properties>
	</entity_32>
	<entity_33>
		<type>	SpawnPointCopyDragon	</type>
		<transform>
			<row0>	0.999986 0.000000 -0.000001	</row0>
			<row1>	0.000000 0.999995 0.000000	</row1>
			<row2>	0.000001 0.000000 0.999986	</row2>
			<row3>	87.143929 0.994141 20.124630	</row3>
		</transform>
		<clientOnly>	false	</clientOnly>
		<properties>
			<entityName>	20311013	</entityName>
			<rediviousTime>	60.000000	</rediviousTime>
			<rediviousTotal>	1	</rediviousTotal>
			<randomWalkRange>	3.000000	</randomWalkRange>
			<patrolList>	</patrolList>
			<monsterType>	0	</monsterType>
			<patrolPathNode>	</patrolPathNode>
		</properties>
	</entity_33>
	<entity_34>
		<type>	SpawnPointCopyDragon	</type>
		<transform>
			<row0>	0.258815 0.000000 0.965913	</row0>
			<row1>	0.000000 0.999996 0.000000	</row1>
			<row2>	-0.965913 0.000000 0.258815	</row2>
			<row3>	82.372116 0.517578 13.424165	</row3>
		</transform>
		<clientOnly>	false	</clientOnly>
		<properties>
			<entityName>	20311013	</entityName>
			<rediviousTime>	60.000000	</rediviousTime>
			<rediviousTotal>	1	</rediviousTotal>
			<randomWalkRange>	3.000000	</randomWalkRange>
			<patrolList>	</patrolList>
			<monsterType>	0	</monsterType>
			<patrolPathNode>	</patrolPathNode>
		</properties>
	</entity_34>
	<entity_35>
		<type>	SpawnPointCopyDragon	</type>
		<transform>
			<row0>	0.258815 0.000000 0.965912	</row0>
			<row1>	0.000000 0.999994 0.000000	</row1>
			<row2>	-0.965912 0.000000 0.258815	</row2>
			<row3>	89.835800 1.000000 16.764236	</row3>
		</transform>
		<clientOnly>	false	</clientOnly>
		<properties>
			<entityName>	20311013	</entityName>
			<rediviousTime>	60.000000	</rediviousTime>
			<rediviousTotal>	1	</rediviousTotal>
			<randomWalkRange>	3.000000	</randomWalkRange>
			<patrolList>	</patrolList>
			<monsterType>	0	</monsterType>
			<patrolPathNode>	</patrolPathNode>
		</properties>
	</entity_35>
	<entity_36>
		<type>	SpawnPointCopyDragon	</type>
		<transform>
			<row0>	-0.999985 0.000000 0.000000	</row0>
			<row1>	0.000000 0.999995 0.000000	</row1>
			<row2>	0.000000 0.000000 -0.999985	</row2>
			<row3>	57.336273 1.138672 30.490612	</row3>
		</transform>
		<clientOnly>	false	</clientOnly>
		<properties>
			<entityName>	20311013	</entityName>
			<rediviousTime>	60.000000	</rediviousTime>
			<rediviousTotal>	1	</rediviousTotal>
			<randomWalkRange>	3.000000	</randomWalkRange>
			<patrolList>	</patrolList>
			<monsterType>	0	</monsterType>
			<patrolPathNode>	</patrolPathNode>
		</properties>
	</entity_36>
	<entity_37>
		<type>	SpawnPointCopyDragon	</type>
		<transform>
			<row0>	-0.707095 0.000000 -0.707096	</row0>
			<row1>	0.000000 0.999995 0.000000	</row1>
			<row2>	0.707096 0.000000 -0.707095	</row2>
			<row3>	54.173485 1.224609 31.506020	</row3>
		</transform>
		<clientOnly>	false	</clientOnly>
		<properties>
			<entityName>	20311013	</entityName>
			<rediviousTime>	60.000000	</rediviousTime>
			<rediviousTotal>	1	</rediviousTotal>
			<randomWalkRange>	3.000000	</randomWalkRange>
			<patrolList>	</patrolList>
			<monsterType>	0	</monsterType>
			<patrolPathNode>	</patrolPathNode>
		</properties>
	</entity_37>
	<entity_38>
		<type>	SpawnPointCopyDragon	</type>
		<transform>
			<row0>	-0.965912 0.000000 0.258814	</row0>
			<row1>	0.000000 0.999995 0.000000	</row1>
			<row2>	-0.258814 0.000000 -0.965912	</row2>
			<row3>	53.371330 1.320312 34.347626	</row3>
		</transform>
		<clientOnly>	false	</clientOnly>
		<properties>
			<entityName>	20311013	</entityName>
			<rediviousTime>	60.000000	</rediviousTime>
			<rediviousTotal>	1	</rediviousTotal>
			<randomWalkRange>	3.000000	</randomWalkRange>
			<patrolList>	</patrolList>
			<monsterType>	0	</monsterType>
			<patrolPathNode>	</patrolPathNode>
		</properties>
	</entity_38>
	<entity_39>
		<type>	SpawnPointCopyDragon	</type>
		<transform>
			<row0>	-0.258814 0.000000 0.965911	</row0>
			<row1>	0.000000 0.999995 0.000000	</row1>
			<row2>	-0.965911 0.000000 -0.258814	</row2>
			<row3>	49.629093 1.513672 33.365616	</row3>
		</transform>
		<clientOnly>	false	</clientOnly>
		<properties>
			<entityName>	20311013	</entityName>
			<rediviousTime>	60.000000	</rediviousTime>
			<rediviousTotal>	1	</rediviousTotal>
			<randomWalkRange>	3.000000	</randomWalkRange>
			<patrolList>	</patrolList>
			<monsterType>	0	</monsterType>
			<patrolPathNode>	</patrolPathNode>
		</properties>
	</entity_39>
	<entity_40>
		<type>	SpawnPointCopyDragon	</type>
		<transform>
			<row0>	0.499993 0.000000 -0.866011	</row0>
			<row1>	0.000000 0.999994 0.000000	</row1>
			<row2>	0.866011 0.000000 0.499993	</row2>
			<row3>	58.340652 -0.556641 58.524113	</row3>
		</transform>
		<clientOnly>	false	</clientOnly>
		<properties>
			<entityName>	20311013	</entityName>
			<rediviousTime>	60.000000	</rediviousTime>
			<rediviousTotal>	1	</rediviousTotal>
			<randomWalkRange>	3.000000	</randomWalkRange>
			<patrolList>	</patrolList>
			<monsterType>	0	</monsterType>
			<patrolPathNode>	</patrolPathNode>
		</properties>
	</entity_40>
	<entity_41>
		<type>	SpawnPointCopyDragon	</type>
		<transform>
			<row0>	-0.499991 0.000000 0.866012	</row0>
			<row1>	0.000000 0.999995 0.000000	</row1>
			<row2>	-0.866012 0.000000 -0.499991	</row2>
			<row3>	4.603844 0.958984 88.837196	</row3>
		</transform>
		<clientOnly>	false	</clientOnly>
		<properties>
			<entityName>	20311013	</entityName>
			<rediviousTime>	60.000000	</rediviousTime>
			<rediviousTotal>	1	</rediviousTotal>
			<randomWalkRange>	3.000000	</randomWalkRange>
			<patrolList>	</patrolList>
			<monsterType>	0	</monsterType>
			<patrolPathNode>	</patrolPathNode>
		</properties>
	</entity_41>
	<entity_42>
		<type>	SpawnPointCopyDragon	</type>
		<transform>
			<row0>	-0.499991 0.000000 -0.866012	</row0>
			<row1>	0.000000 0.999995 0.000000	</row1>
			<row2>	0.866012 0.000000 -0.499991	</row2>
			<row3>	4.402729 0.804687 83.253342	</row3>
		</transform>
		<clientOnly>	false	</clientOnly>
		<properties>
			<entityName>	20311013	</entityName>
			<rediviousTime>	60.000000	</rediviousTime>
			<rediviousTotal>	1	</rediviousTotal>
			<randomWalkRange>	3.000000	</randomWalkRange>
			<patrolList>	</patrolList>
			<monsterType>	0	</monsterType>
			<patrolPathNode>	</patrolPathNode>
		</properties>
	</entity_42>
	<entity_43>
		<type>	SpawnPointCopyDragon	</type>
		<transform>
			<row0>	-0.999984 0.000000 -0.000001	</row0>
			<row1>	0.000000 0.999995 0.000000	</row1>
			<row2>	0.000001 0.000000 -0.999984	</row2>
			<row3>	1.078834 0.732422 84.124100	</row3>
		</transform>
		<clientOnly>	false	</clientOnly>
		<properties>
			<entityName>	20311013	</entityName>
			<rediviousTime>	60.000000	</rediviousTime>
			<rediviousTotal>	1	</rediviousTotal>
			<randomWalkRange>	3.000000	</randomWalkRange>
			<patrolList>	</patrolList>
			<monsterType>	0	</monsterType>
			<patrolPathNode>	</patrolPathNode>
		</properties>
	</entity_43>
	<entity_44>
		<type>	SpawnPointCopyDragon	</type>
		<transform>
			<row0>	-0.965911 0.000000 -0.258815	</row0>
			<row1>	0.000000 0.999994 0.000000	</row1>
			<row2>	0.258815 0.000000 -0.965911	</row2>
			<row3>	29.049114 1.269531 77.746185	</row3>
		</transform>
		<clientOnly>	false	</clientOnly>
		<properties>
			<entityName>	20311013	</entityName>
			<rediviousTime>	60.000000	</rediviousTime>
			<rediviousTotal>	1	</rediviousTotal>
			<randomWalkRange>	3.000000	</randomWalkRange>
			<patrolList>	</patrolList>
			<monsterType>	0	</monsterType>
			<patrolPathNode>	</patrolPathNode>
		</properties>
	</entity_44>
	<entity_45>
		<type>	SpawnPointCopyDragon	</type>
		<transform>
			<row0>	-0.965911 0.000000 -0.258815	</row0>
			<row1>	0.000000 0.999995 0.000000	</row1>
			<row2>	0.258815 0.000000 -0.965911	</row2>
			<row3>	35.673531 0.716797 72.952492	</row3>
		</transform>
		<clientOnly>	false	</clientOnly>
		<properties>
			<entityName>	20311013	</entityName>
			<rediviousTime>	60.000000	</rediviousTime>
			<rediviousTotal>	1	</rediviousTotal>
			<randomWalkRange>	3.000000	</randomWalkRange>
			<patrolList>	</patrolList>
			<monsterType>	0	</monsterType>
			<patrolPathNode>	</patrolPathNode>
		</properties>
	</entity_45>
	<entity_46>
		<type>	SpawnPointCopyDragon	</type>
		<transform>
			<row0>	-0.499991 0.000000 -0.866012	</row0>
			<row1>	0.000000 0.999995 0.000000	</row1>
			<row2>	0.866012 0.000000 -0.499991	</row2>
			<row3>	32.355705 0.763672 73.114708	</row3>
		</transform>
		<clientOnly>	false	</clientOnly>
		<properties>
			<entityName>	20311013	</entityName>
			<rediviousTime>	60.000000	</rediviousTime>
			<rediviousTotal>	1	</rediviousTotal>
			<randomWalkRange>	3.000000	</randomWalkRange>
			<patrolList>	</patrolList>
			<monsterType>	0	</monsterType>
			<patrolPathNode>	</patrolPathNode>
		</properties>
	</entity_46>
	<entity_47>
		<type>	SpawnPointCopyDragon	</type>
		<transform>
			<row0>	-0.999984 0.000000 -0.000001	</row0>
			<row1>	0.000000 0.999995 0.000000	</row1>
			<row2>	0.000001 0.000000 -0.999984	</row2>
			<row3>	35.094257 1.123047 76.597214	</row3>
		</transform>
		<clientOnly>	false	</clientOnly>
		<properties>
			<entityName>	20311013	</entityName>
			<rediviousTime>	60.000000	</rediviousTime>
			<rediviousTotal>	1	</rediviousTotal>
			<randomWalkRange>	3.000000	</randomWalkRange>
			<patrolList>	</patrolList>
			<monsterType>	0	</monsterType>
			<patrolPathNode>	</patrolPathNode>
		</properties>
	</entity_47>
	<entity_48>
		<type>	SpawnPointCopyDragon	</type>
		<transform>
			<row0>	-0.999985 0.000000 0.000000	</row0>
			<row1>	0.000000 0.999994 0.000000	</row1>
			<row2>	0.000000 0.000000 -0.999985	</row2>
			<row3>	52.373222 1.328125 29.101645	</row3>
		</transform>
		<clientOnly>	false	</clientOnly>
		<properties>
			<entityName>	20311013	</entityName>
			<rediviousTime>	60.000000	</rediviousTime>
			<rediviousTotal>	1	</rediviousTotal>
			<randomWalkRange>	3.000000	</randomWalkRange>
			<patrolList>	</patrolList>
			<monsterType>	0	</monsterType>
			<patrolPathNode>	</patrolPathNode>
		</properties>
	</entity_48>
	<entity_49>
		<type>	SpawnPointCopyDragon	</type>
		<transform>
			<row0>	-0.707100 0.000000 -0.707098	</row0>
			<row1>	0.000000 0.999997 0.000000	</row1>
			<row2>	0.707098 0.000000 -0.707100	</row2>
			<row3>	14.002102 0.234375 31.912273	</row3>
		</transform>
		<clientOnly>	false	</clientOnly>
		<properties>
			<entityName>	20311021	</entityName>
			<rediviousTime>	60.000000	</rediviousTime>
			<rediviousTotal>	1	</rediviousTotal>
			<randomWalkRange>	3.000000	</randomWalkRange>
			<patrolList>	</patrolList>
			<monsterType>	0	</monsterType>
			<patrolPathNode>	</patrolPathNode>
		</properties>
	</entity_49>
	<entity_50>
		<type>	SpawnPointCopyDragon	</type>
		<transform>
			<row0>	-0.999987 0.000000 0.000000	</row0>
			<row1>	0.000000 0.999996 0.000000	</row1>
			<row2>	0.000000 0.000000 -0.999987	</row2>
			<row3>	37.705379 -0.474609 5.382679	</row3>
		</transform>
		<clientOnly>	false	</clientOnly>
		<properties>
			<entityName>	20311021	</entityName>
			<rediviousTime>	60.000000	</rediviousTime>
			<rediviousTotal>	1	</rediviousTotal>
			<randomWalkRange>	3.000000	</randomWalkRange>
			<patrolList>	</patrolList>
			<monsterType>	0	</monsterType>
			<patrolPathNode>	</patrolPathNode>
		</properties>
	</entity_50>
	<entity_51>
		<type>	SpawnPointCopyDragon	</type>
		<transform>
			<row0>	-0.499993 0.000000 0.866012	</row0>
			<row1>	0.000000 0.999996 0.000000	</row1>
			<row2>	-0.866012 0.000000 -0.499993	</row2>
			<row3>	84.171516 0.818359 16.216372	</row3>
		</transform>
		<clientOnly>	false	</clientOnly>
		<properties>
			<entityName>	20311021	</entityName>
			<rediviousTime>	60.000000	</rediviousTime>
			<rediviousTotal>	1	</rediviousTotal>
			<randomWalkRange>	3.000000	</randomWalkRange>
			<patrolList>	</patrolList>
			<monsterType>	0	</monsterType>
			<patrolPathNode>	</patrolPathNode>
		</properties>
	</entity_51>
	<entity_52>
		<type>	SpawnPointCopyDragon	</type>
		<transform>
			<row0>	-0.965912 0.000000 0.258814	</row0>
			<row1>	0.000000 0.999995 0.000000	</row1>
			<row2>	-0.258814 0.000000 -0.965912	</row2>
			<row3>	57.630363 1.066406 34.039352	</row3>
		</transform>
		<clientOnly>	false	</clientOnly>
		<properties>
			<entityName>	20311021	</entityName>
			<rediviousTime>	60.000000	</rediviousTime>
			<rediviousTotal>	1	</rediviousTotal>
			<randomWalkRange>	3.000000	</randomWalkRange>
			<patrolList>	</patrolList>
			<monsterType>	0	</monsterType>
			<patrolPathNode>	</patrolPathNode>
		</properties>
	</entity_52>
	<entity_53>
		<type>	SpawnPointCopyDragon	</type>
		<transform>
			<row0>	-0.866013 0.000000 0.499992	</row0>
			<row1>	0.000000 0.999995 0.000000	</row1>
			<row2>	-0.499992 0.000000 -0.866013	</row2>
			<row3>	81.331398 0.900391 46.350544	</row3>
		</transform>
		<clientOnly>	false	</clientOnly>
		<properties>
			<entityName>	20311021	</entityName>
			<rediviousTime>	60.000000	</rediviousTime>
			<rediviousTotal>	1	</rediviousTotal>
			<randomWalkRange>	3.000000	</randomWalkRange>
			<patrolList>	</patrolList>
			<monsterType>	0	</monsterType>
			<patrolPathNode>	</patrolPathNode>
		</properties>
	</entity_53>
	<entity_54>
		<type>	SpawnPointCopyDragon	</type>
		<transform>
			<row0>	-0.707097 0.000000 0.707096	</row0>
			<row1>	0.000000 0.999995 0.000000	</row1>
			<row2>	-0.707096 0.000000 -0.707097	</row2>
			<row3>	86.379051 1.472656 49.408627	</row3>
		</transform>
		<clientOnly>	false	</clientOnly>
		<properties>
			<entityName>	20311021	</entityName>
			<rediviousTime>	60.000000	</rediviousTime>
			<rediviousTotal>	1	</rediviousTotal>
			<randomWalkRange>	3.000000	</randomWalkRange>
			<patrolList>	</patrolList>
			<monsterType>	0	</monsterType>
			<patrolPathNode>	</patrolPathNode>
		</properties>
	</entity_54>
	<entity_55>
		<type>	SpawnPointCopyDragon	</type>
		<transform>
			<row0>	0.707096 0.000000 -0.707095	</row0>
			<row1>	0.000000 0.999994 0.000000	</row1>
			<row2>	0.707095 0.000000 0.707096	</row2>
			<row3>	79.278954 3.580078 70.107353	</row3>
		</transform>
		<clientOnly>	false	</clientOnly>
		<properties>
			<entityName>	20311021	</entityName>
			<rediviousTime>	60.000000	</rediviousTime>
			<rediviousTotal>	1	</rediviousTotal>
			<randomWalkRange>	3.000000	</randomWalkRange>
			<patrolList>	</patrolList>
			<monsterType>	0	</monsterType>
			<patrolPathNode>	</patrolPathNode>
		</properties>
	</entity_55>
	<entity_56>
		<type>	SpawnPointCopyDragon	</type>
		<transform>
			<row0>	0.258816 0.000000 -0.965911	</row0>
			<row1>	0.000000 0.999994 0.000000	</row1>
			<row2>	0.965911 0.000000 0.258816	</row2>
			<row3>	60.942089 -0.716797 54.945030	</row3>
		</transform>
		<clientOnly>	false	</clientOnly>
		<properties>
			<entityName>	20311021	</entityName>
			<rediviousTime>	60.000000	</rediviousTime>
			<rediviousTotal>	1	</rediviousTotal>
			<randomWalkRange>	3.000000	</randomWalkRange>
			<patrolList>	</patrolList>
			<monsterType>	0	</monsterType>
			<patrolPathNode>	</patrolPathNode>
		</properties>
	</entity_56>
	<entity_57>
		<type>	SpawnPointCopyDragon	</type>
		<transform>
			<row0>	-0.499993 0.000000 -0.866013	</row0>
			<row1>	0.000000 0.999994 0.000000	</row1>
			<row2>	0.866013 0.000000 -0.499993	</row2>
			<row3>	64.664673 0.496094 57.096806	</row3>
		</transform>
		<clientOnly>	false	</clientOnly>
		<properties>
			<entityName>	20311021	</entityName>
			<rediviousTime>	60.000000	</rediviousTime>
			<rediviousTotal>	1	</rediviousTotal>
			<randomWalkRange>	3.000000	</randomWalkRange>
			<patrolList>	</patrolList>
			<monsterType>	0	</monsterType>
			<patrolPathNode>	</patrolPathNode>
		</properties>
	</entity_57>
	<entity_58>
		<type>	SpawnPointCopyDragon	</type>
		<transform>
			<row0>	-0.999984 0.000000 -0.000001	</row0>
			<row1>	0.000000 0.999995 0.000000	</row1>
			<row2>	0.000001 0.000000 -0.999984	</row2>
			<row3>	32.441780 1.041015 75.511589	</row3>
		</transform>
		<clientOnly>	false	</clientOnly>
		<properties>
			<entityName>	20311021	</entityName>
			<rediviousTime>	60.000000	</rediviousTime>
			<rediviousTotal>	1	</rediviousTotal>
			<randomWalkRange>	3.000000	</randomWalkRange>
			<patrolList>	</patrolList>
			<monsterType>	0	</monsterType>
			<patrolPathNode>	</patrolPathNode>
		</properties>
	</entity_58>
	<entity_59>
		<type>	SpawnPointCopyDragon	</type>
		<transform>
			<row0>	-0.499991 0.000000 0.866012	</row0>
			<row1>	0.000000 0.999995 0.000000	</row1>
			<row2>	-0.866012 0.000000 -0.499991	</row2>
			<row3>	29.671577 1.144531 75.039467	</row3>
		</transform>
		<clientOnly>	false	</clientOnly>
		<properties>
			<entityName>	20311021	</entityName>
			<rediviousTime>	60.000000	</rediviousTime>
			<rediviousTotal>	1	</rediviousTotal>
			<randomWalkRange>	3.000000	</randomWalkRange>
			<patrolList>	</patrolList>
			<monsterType>	0	</monsterType>
			<patrolPathNode>	</patrolPathNode>
		</properties>
	</entity_59>
	<entity_60>
		<type>	SpawnPointCopyDragon	</type>
		<transform>
			<row0>	-0.999984 0.000000 -0.000001	</row0>
			<row1>	0.000000 0.999995 0.000000	</row1>
			<row2>	0.000001 0.000000 -0.999984	</row2>
			<row3>	4.488804 0.898437 85.650223	</row3>
		</transform>
		<clientOnly>	false	</clientOnly>
		<properties>
			<entityName>	20311021	</entityName>
			<rediviousTime>	60.000000	</rediviousTime>
			<rediviousTotal>	1	</rediviousTotal>
			<randomWalkRange>	3.000000	</randomWalkRange>
			<patrolList>	</patrolList>
			<monsterType>	0	</monsterType>
			<patrolPathNode>	</patrolPathNode>
		</properties>
	</entity_60>
	<entity_61>
		<type>	SpawnPointCopyDragon	</type>
		<transform>
			<row0>	-0.965911 0.000000 -0.258815	</row0>
			<row1>	0.000000 0.999994 0.000000	</row1>
			<row2>	0.258815 0.000000 -0.965911	</row2>
			<row3>	1.096133 0.886719 87.884819	</row3>
		</transform>
		<clientOnly>	false	</clientOnly>
		<properties>
			<entityName>	20311021	</entityName>
			<rediviousTime>	60.000000	</rediviousTime>
			<rediviousTotal>	1	</rediviousTotal>
			<randomWalkRange>	3.000000	</randomWalkRange>
			<patrolList>	</patrolList>
			<monsterType>	0	</monsterType>
			<patrolPathNode>	</patrolPathNode>
		</properties>
	</entity_61>
</root>
