<root>
	<entity_1>
		<type>	MonsterSpawnPoint	</type>
		<transform>
			<row0>	0.499998 0.000000 -0.866021	</row0>
			<row1>	0.000000 0.999998 0.000000	</row1>
			<row2>	0.866021 0.000000 0.499998	</row2>
			<row3>	-145.915344 -39.726517 198.740723	</row3>
		</transform>
		<clientOnly>	false	</clientOnly>
		<properties>
			<entityName>	20331005	</entityName>
			<rediviousTime>	30.000000	</rediviousTime>
			<rediviousTotal>	1	</rediviousTotal>
			<randomWalkRange>	5.000000	</randomWalkRange>
			<patrolList>	</patrolList>
			<lineNumber>	0	</lineNumber>
			<patrolPathNode>	</patrolPathNode>
		</properties>
	</entity_1>
	<entity_2>
		<type>	MonsterSpawnPoint	</type>
		<transform>
			<row0>	0.707102 0.000000 0.707103	</row0>
			<row1>	0.000000 0.999995 0.000000	</row1>
			<row2>	-0.707103 0.000000 0.707102	</row2>
			<row3>	-138.987061 -40.236282 174.297363	</row3>
		</transform>
		<clientOnly>	false	</clientOnly>
		<properties>
			<entityName>	20331005	</entityName>
			<rediviousTime>	30.000000	</rediviousTime>
			<rediviousTotal>	1	</rediviousTotal>
			<randomWalkRange>	5.000000	</randomWalkRange>
			<patrolList>	</patrolList>
			<lineNumber>	0	</lineNumber>
			<patrolPathNode>	</patrolPathNode>
		</properties>
	</entity_2>
	<entity_3>
		<type>	MonsterSpawnPoint	</type>
		<transform>
			<row0>	-0.499996 0.000000 -0.866018	</row0>
			<row1>	0.000000 0.999992 0.000000	</row1>
			<row2>	0.866018 0.000000 -0.499996	</row2>
			<row3>	-101.847237 -37.156223 194.563324	</row3>
		</transform>
		<clientOnly>	false	</clientOnly>
		<properties>
			<entityName>	20331005	</entityName>
			<rediviousTime>	30.000000	</rediviousTime>
			<rediviousTotal>	1	</rediviousTotal>
			<randomWalkRange>	3.000000	</randomWalkRange>
			<patrolList>	</patrolList>
			<lineNumber>	0	</lineNumber>
			<patrolPathNode>	</patrolPathNode>
		</properties>
	</entity_3>
	<entity_4>
		<type>	CollectPoint	</type>
		<transform>
			<row0>	0.847330 0.000000 -0.530995	</row0>
			<row1>	0.000000 0.999972 0.000000	</row1>
			<row2>	0.530997 0.000000 0.847330	</row2>
			<row3>	-101.334641 -37.863258 198.429260	</row3>
		</transform>
		<clientOnly>	false	</clientOnly>
		<properties>
			<className>	30112073	</className>
			<rediviousTime>	1000.000000	</rediviousTime>
			<lineNumber>	1	</lineNumber>
			<patrolPathNode>	</patrolPathNode>
		</properties>
	</entity_4>
	<entity_5>
		<type>	MonsterSpawnPoint	</type>
		<transform>
			<row0>	0.258817 0.000000 -0.965920	</row0>
			<row1>	0.000000 0.999995 0.000000	</row1>
			<row2>	0.965920 0.000000 0.258817	</row2>
			<row3>	-144.578751 -40.165970 216.883408	</row3>
		</transform>
		<clientOnly>	false	</clientOnly>
		<properties>
			<entityName>	20331005	</entityName>
			<rediviousTime>	30.000000	</rediviousTime>
			<rediviousTotal>	1	</rediviousTotal>
			<randomWalkRange>	5.000000	</randomWalkRange>
			<patrolList>	</patrolList>
			<lineNumber>	0	</lineNumber>
			<patrolPathNode>	</patrolPathNode>
		</properties>
	</entity_5>
	<entity_6>
		<type>	Flock	</type>
		<transform>
			<row0>	-0.866014 0.000000 0.499994	</row0>
			<row1>	0.000000 0.999987 0.000000	</row1>
			<row2>	-0.499994 0.000000 -0.866014	</row2>
			<row3>	-145.807571 -41.927216 242.789276	</row3>
		</transform>
		<clientOnly>	true	</clientOnly>
		<properties>
			<maxFlightTime>	200.000000	</maxFlightTime>
			<modelFile>	space/tong_yong/dong_wu/dong_wu/ty_yu_006.model	</modelFile>
			<amount>	4	</amount>
			<modelScale>	0.500000	</modelScale>
			<radius>	5.000000	</radius>
			<approachRadius>	5.000000	</approachRadius>
			<collisionFraction>	0.100000	</collisionFraction>
			<influenceRadius>	1.000000	</influenceRadius>
			<speed>	0.050000	</speed>
			<stopRadius>	1.000000	</stopRadius>
			<patrolPathNode>	</patrolPathNode>
		</properties>
	</entity_6>
	<entity_7>
		<type>	Flock	</type>
		<transform>
			<row0>	-0.866014 0.000000 0.499994	</row0>
			<row1>	0.000000 0.999987 0.000000	</row1>
			<row2>	-0.499994 0.000000 -0.866014	</row2>
			<row3>	-137.980026 -42.221058 250.624329	</row3>
		</transform>
		<clientOnly>	true	</clientOnly>
		<properties>
			<maxFlightTime>	200.000000	</maxFlightTime>
			<modelFile>	space/tong_yong/dong_wu/dong_wu/ty_yu_005.model	</modelFile>
			<amount>	4	</amount>
			<modelScale>	0.500000	</modelScale>
			<radius>	5.000000	</radius>
			<approachRadius>	5.000000	</approachRadius>
			<collisionFraction>	0.100000	</collisionFraction>
			<influenceRadius>	1.000000	</influenceRadius>
			<speed>	0.050000	</speed>
			<stopRadius>	1.000000	</stopRadius>
			<patrolPathNode>	</patrolPathNode>
		</properties>
	</entity_7>
	<entity_8>
		<type>	Flock	</type>
		<transform>
			<row0>	-0.866014 0.000000 0.499994	</row0>
			<row1>	0.000000 0.999987 0.000000	</row1>
			<row2>	-0.499994 0.000000 -0.866014	</row2>
			<row3>	-121.055176 -42.316353 262.665894	</row3>
		</transform>
		<clientOnly>	true	</clientOnly>
		<properties>
			<maxFlightTime>	200.000000	</maxFlightTime>
			<modelFile>	space/tong_yong/dong_wu/dong_wu/ty_yu_007.model	</modelFile>
			<amount>	5	</amount>
			<modelScale>	0.500000	</modelScale>
			<radius>	5.000000	</radius>
			<approachRadius>	5.000000	</approachRadius>
			<collisionFraction>	0.100000	</collisionFraction>
			<influenceRadius>	1.000000	</influenceRadius>
			<speed>	0.050000	</speed>
			<stopRadius>	1.000000	</stopRadius>
			<patrolPathNode>	</patrolPathNode>
		</properties>
	</entity_8>
	<entity_9>
		<type>	Creature	</type>
		<transform>
			<row0>	0.866023 0.000000 -0.499999	</row0>
			<row1>	0.000000 0.999998 0.000000	</row1>
			<row2>	0.499998 0.000000 0.866023	</row2>
			<row3>	-106.884346 -39.140598 226.440063	</row3>
		</transform>
		<clientOnly>	true	</clientOnly>
		<properties>
			<modelNumber>	cr0003	</modelNumber>
			<modelScale>	1.000000	</modelScale>
			<walkSpeed>	2.000000	</walkSpeed>
			<runSpeed>	3.000000	</runSpeed>
			<radius>	4.000000	</radius>
			<patrolList>	</patrolList>
			<patrolPathNode>	</patrolPathNode>
		</properties>
	</entity_9>
	<entity_10>
		<type>	Creature	</type>
		<transform>
			<row0>	0.499998 0.000000 0.866022	</row0>
			<row1>	0.000000 0.999997 0.000000	</row1>
			<row2>	-0.866022 0.000000 0.499998	</row2>
			<row3>	-121.079979 -39.275364 221.901688	</row3>
		</transform>
		<clientOnly>	true	</clientOnly>
		<properties>
			<modelNumber>	cr0003	</modelNumber>
			<modelScale>	1.000000	</modelScale>
			<walkSpeed>	2.000000	</walkSpeed>
			<runSpeed>	3.000000	</runSpeed>
			<radius>	4.000000	</radius>
			<patrolList>	</patrolList>
			<patrolPathNode>	</patrolPathNode>
		</properties>
	</entity_10>
	<entity_11>
		<type>	Creature	</type>
		<transform>
			<row0>	0.499998 0.000000 -0.866023	</row0>
			<row1>	0.000000 0.999996 0.000000	</row1>
			<row2>	0.866021 0.000000 0.499998	</row2>
			<row3>	-122.761429 -39.208958 220.666351	</row3>
		</transform>
		<clientOnly>	true	</clientOnly>
		<properties>
			<modelNumber>	cr0003	</modelNumber>
			<modelScale>	1.000000	</modelScale>
			<walkSpeed>	2.000000	</walkSpeed>
			<runSpeed>	3.000000	</runSpeed>
			<radius>	4.000000	</radius>
			<patrolList>	</patrolList>
			<patrolPathNode>	</patrolPathNode>
		</properties>
	</entity_11>
	<entity_12>
		<type>	CollectPoint	</type>
		<transform>
			<row0>	0.826805 0.000002 -0.562455	</row0>
			<row1>	0.000000 0.999981 0.000000	</row1>
			<row2>	0.562453 0.000001 0.826807	</row2>
			<row3>	-158.079376 -41.883041 210.044159	</row3>
		</transform>
		<clientOnly>	false	</clientOnly>
		<properties>
			<className>	30112063	</className>
			<rediviousTime>	1000.000000	</rediviousTime>
			<lineNumber>	1	</lineNumber>
			<patrolPathNode>	</patrolPathNode>
		</properties>
	</entity_12>
	<entity_13>
		<type>	SoundEntity	</type>
		<transform>
			<row0>	0.965357 0.000001 -0.260937	</row0>
			<row1>	0.000001 0.999998 0.000000	</row1>
			<row2>	0.260938 -0.000002 0.965355	</row2>
			<row3>	-48.896885 -41.206852 -226.878296	</row3>
		</transform>
		<clientOnly>	true	</clientOnly>
		<properties>
			<soundEvent>	scene/river	</soundEvent>
			<flags>	0	</flags>
			<patrolPathNode>	</patrolPathNode>
		</properties>
	</entity_13>
	<entity_14>
		<type>	SoundEntity	</type>
		<transform>
			<row0>	0.827477 -0.500953 0.253632	</row0>
			<row1>	0.258331 -0.061414 -0.964100	</row1>
			<row2>	0.498547 0.863292 0.078595	</row2>
			<row3>	-29.804543 -13.471489 -226.989090	</row3>
		</transform>
		<clientOnly>	true	</clientOnly>
		<properties>
			<soundEvent>	scene/bird	</soundEvent>
			<flags>	0	</flags>
			<patrolPathNode>	</patrolPathNode>
		</properties>
	</entity_14>
	<entity_15>
		<type>	SoundEntity	</type>
		<transform>
			<row0>	0.960042 0.096688 -0.262623	</row0>
			<row1>	-0.109553 0.993370 -0.034764	</row1>
			<row2>	0.257523 0.062145 0.964270	</row2>
			<row3>	-7.585724 -31.871080 -210.225845	</row3>
		</transform>
		<clientOnly>	true	</clientOnly>
		<properties>
			<soundEvent>	scene/fox	</soundEvent>
			<flags>	0	</flags>
			<patrolPathNode>	</patrolPathNode>
		</properties>
	</entity_15>
	<entity_16>
		<type>	Flock	</type>
		<transform>
			<row0>	-0.258816 0.000000 0.965915	</row0>
			<row1>	0.000000 0.999989 0.000000	</row1>
			<row2>	-0.965915 0.000000 -0.258816	</row2>
			<row3>	-60.719521 -43.545021 -234.236633	</row3>
		</transform>
		<clientOnly>	true	</clientOnly>
		<properties>
			<maxFlightTime>	200.000000	</maxFlightTime>
			<modelFile>	space/tong_yong/dong_wu/dong_wu/ty_yu_007.model	</modelFile>
			<amount>	6	</amount>
			<modelScale>	0.500000	</modelScale>
			<radius>	5.000000	</radius>
			<approachRadius>	5.000000	</approachRadius>
			<collisionFraction>	0.100000	</collisionFraction>
			<influenceRadius>	1.000000	</influenceRadius>
			<speed>	0.050000	</speed>
			<stopRadius>	1.000000	</stopRadius>
			<patrolPathNode>	</patrolPathNode>
		</properties>
	</entity_16>
	<entity_17>
		<type>	Flock	</type>
		<transform>
			<row0>	-0.258816 0.000000 0.965915	</row0>
			<row1>	0.000000 0.999989 0.000000	</row1>
			<row2>	-0.965915 0.000000 -0.258816	</row2>
			<row3>	-62.173405 -43.567043 -223.962311	</row3>
		</transform>
		<clientOnly>	true	</clientOnly>
		<properties>
			<maxFlightTime>	200.000000	</maxFlightTime>
			<modelFile>	space/tong_yong/dong_wu/dong_wu/ty_yu_006.model	</modelFile>
			<amount>	4	</amount>
			<modelScale>	0.500000	</modelScale>
			<radius>	5.000000	</radius>
			<approachRadius>	5.000000	</approachRadius>
			<collisionFraction>	0.100000	</collisionFraction>
			<influenceRadius>	1.000000	</influenceRadius>
			<speed>	0.050000	</speed>
			<stopRadius>	1.000000	</stopRadius>
			<patrolPathNode>	</patrolPathNode>
		</properties>
	</entity_17>
	<entity_18>
		<type>	Flock	</type>
		<transform>
			<row0>	0.999994 0.000500 0.000001	</row0>
			<row1>	-0.000500 0.999989 0.003502	</row1>
			<row2>	0.000001 -0.003502 0.999988	</row2>
			<row3>	-5.500092 -27.266081 -185.199997	</row3>
		</transform>
		<clientOnly>	true	</clientOnly>
		<properties>
			<maxFlightTime>	200.000000	</maxFlightTime>
			<modelFile>	space/tong_yong/dong_wu/dong_wu/ty_hu_die_004.model	</modelFile>
			<amount>	4	</amount>
			<modelScale>	1.000000	</modelScale>
			<radius>	4.000000	</radius>
			<approachRadius>	10.000000	</approachRadius>
			<collisionFraction>	10.000000	</collisionFraction>
			<influenceRadius>	1.000000	</influenceRadius>
			<speed>	0.030000	</speed>
			<stopRadius>	1.000000	</stopRadius>
			<patrolPathNode>	</patrolPathNode>
		</properties>
	</entity_18>
	<entity_19>
		<type>	Flock	</type>
		<transform>
			<row0>	0.999994 0.000500 0.000001	</row0>
			<row1>	-0.000500 0.999989 0.003502	</row1>
			<row2>	0.000001 -0.003502 0.999988	</row2>
			<row3>	-10.010345 -25.652481 -143.708542	</row3>
		</transform>
		<clientOnly>	true	</clientOnly>
		<properties>
			<maxFlightTime>	200.000000	</maxFlightTime>
			<modelFile>	space/tong_yong/dong_wu/dong_wu/ty_hu_die_001.model	</modelFile>
			<amount>	4	</amount>
			<modelScale>	1.000000	</modelScale>
			<radius>	4.000000	</radius>
			<approachRadius>	10.000000	</approachRadius>
			<collisionFraction>	10.000000	</collisionFraction>
			<influenceRadius>	1.000000	</influenceRadius>
			<speed>	0.030000	</speed>
			<stopRadius>	1.000000	</stopRadius>
			<patrolPathNode>	</patrolPathNode>
		</properties>
	</entity_19>
	<entity_20>
		<type>	MonsterSpawnPoint	</type>
		<transform>
			<row0>	-0.866014 0.000000 0.499995	</row0>
			<row1>	0.000000 0.999995 0.000000	</row1>
			<row2>	-0.499995 0.000000 -0.866014	</row2>
			<row3>	-8.748016 -26.560534 -159.432266	</row3>
		</transform>
		<clientOnly>	false	</clientOnly>
		<properties>
			<entityName>	20741001	</entityName>
			<rediviousTime>	30.000000	</rediviousTime>
			<rediviousTotal>	1	</rediviousTotal>
			<randomWalkRange>	9.000000	</randomWalkRange>
			<patrolList>	</patrolList>
			<lineNumber>	0	</lineNumber>
			<patrolPathNode>	</patrolPathNode>
		</properties>
	</entity_20>
	<entity_21>
		<type>	MonsterSpawnPoint	</type>
		<transform>
			<row0>	0.965913 0.000000 0.258815	</row0>
			<row1>	0.000000 0.999994 0.000000	</row1>
			<row2>	-0.258815 0.000000 0.965913	</row2>
			<row3>	-38.535721 -28.619127 -112.572823	</row3>
		</transform>
		<clientOnly>	false	</clientOnly>
		<properties>
			<entityName>	20741001	</entityName>
			<rediviousTime>	30.000000	</rediviousTime>
			<rediviousTotal>	1	</rediviousTotal>
			<randomWalkRange>	5.000000	</randomWalkRange>
			<patrolList>	</patrolList>
			<lineNumber>	0	</lineNumber>
			<patrolPathNode>	</patrolPathNode>
		</properties>
	</entity_21>
	<entity_22>
		<type>	MonsterSpawnPoint	</type>
		<transform>
			<row0>	-0.499995 0.000000 -0.866015	</row0>
			<row1>	0.000000 0.999996 0.000000	</row1>
			<row2>	0.866015 0.000000 -0.499995	</row2>
			<row3>	-41.277397 -31.162096 -132.663483	</row3>
		</transform>
		<clientOnly>	false	</clientOnly>
		<properties>
			<entityName>	20741001	</entityName>
			<rediviousTime>	30.000000	</rediviousTime>
			<rediviousTotal>	1	</rediviousTotal>
			<randomWalkRange>	5.000000	</randomWalkRange>
			<patrolList>	</patrolList>
			<lineNumber>	0	</lineNumber>
			<patrolPathNode>	</patrolPathNode>
		</properties>
	</entity_22>
	<entity_23>
		<type>	MonsterSpawnPoint	</type>
		<transform>
			<row0>	-0.965917 0.000000 -0.258815	</row0>
			<row1>	0.000000 0.999997 0.000000	</row1>
			<row2>	0.258815 0.000000 -0.965917	</row2>
			<row3>	-57.218872 -32.173801 -120.268959	</row3>
		</transform>
		<clientOnly>	false	</clientOnly>
		<properties>
			<entityName>	20741001	</entityName>
			<rediviousTime>	30.000000	</rediviousTime>
			<rediviousTotal>	1	</rediviousTotal>
			<randomWalkRange>	5.000000	</randomWalkRange>
			<patrolList>	</patrolList>
			<lineNumber>	0	</lineNumber>
			<patrolPathNode>	</patrolPathNode>
		</properties>
	</entity_23>
	<entity_24>
		<type>	CollectPoint	</type>
		<transform>
			<row0>	0.178126 -0.102840 -0.978610	</row0>
			<row1>	0.500002 0.866016 0.000000	</row1>
			<row2>	0.847499 -0.489310 0.205682	</row2>
			<row3>	-7.176605 -27.445320 -169.229431	</row3>
		</transform>
		<clientOnly>	false	</clientOnly>
		<properties>
			<className>	30112033	</className>
			<rediviousTime>	1000.000000	</rediviousTime>
			<lineNumber>	1	</lineNumber>
			<patrolPathNode>	</patrolPathNode>
		</properties>
	</entity_24>
	<entity_25>
		<type>	CollectPoint	</type>
		<transform>
			<row0>	-0.974633 0.000000 -0.223685	</row0>
			<row1>	0.000000 0.999973 0.000000	</row1>
			<row2>	0.223683 0.000000 -0.974634	</row2>
			<row3>	-2.376495 -28.732410 -191.184616	</row3>
		</transform>
		<clientOnly>	false	</clientOnly>
		<properties>
			<className>	30112053	</className>
			<rediviousTime>	1000.000000	</rediviousTime>
			<lineNumber>	1	</lineNumber>
			<patrolPathNode>	</patrolPathNode>
		</properties>
	</entity_25>
	<entity_26>
		<type>	MonsterSpawnPoint	</type>
		<transform>
			<row0>	0.866015 0.000000 -0.499996	</row0>
			<row1>	0.000000 0.999997 0.000000	</row1>
			<row2>	0.499996 0.000000 0.866015	</row2>
			<row3>	-41.099892 -26.398424 -95.728218	</row3>
		</transform>
		<clientOnly>	false	</clientOnly>
		<properties>
			<entityName>	20741001	</entityName>
			<rediviousTime>	30.000000	</rediviousTime>
			<rediviousTotal>	1	</rediviousTotal>
			<randomWalkRange>	9.000000	</randomWalkRange>
			<patrolList>	</patrolList>
			<lineNumber>	0	</lineNumber>
			<patrolPathNode>	</patrolPathNode>
		</properties>
	</entity_26>
	<entity_27>
		<type>	MonsterSpawnPoint	</type>
		<transform>
			<row0>	0.499993 0.000000 -0.866015	</row0>
			<row1>	0.000000 0.999997 0.000000	</row1>
			<row2>	0.866015 0.000000 0.499993	</row2>
			<row3>	-65.671562 -32.460911 -96.746727	</row3>
		</transform>
		<clientOnly>	false	</clientOnly>
		<properties>
			<entityName>	20741001	</entityName>
			<rediviousTime>	30.000000	</rediviousTime>
			<rediviousTotal>	1	</rediviousTotal>
			<randomWalkRange>	5.000000	</randomWalkRange>
			<patrolList>	</patrolList>
			<lineNumber>	0	</lineNumber>
			<patrolPathNode>	</patrolPathNode>
		</properties>
	</entity_27>
	<entity_28>
		<type>	MonsterSpawnPoint	</type>
		<transform>
			<row0>	0.866013 0.000000 0.499991	</row0>
			<row1>	0.000000 0.999992 0.000000	</row1>
			<row2>	-0.499991 0.000000 0.866013	</row2>
			<row3>	-30.773537 -23.531237 -63.921482	</row3>
		</transform>
		<clientOnly>	false	</clientOnly>
		<properties>
			<entityName>	20741001	</entityName>
			<rediviousTime>	30.000000	</rediviousTime>
			<rediviousTotal>	1	</rediviousTotal>
			<randomWalkRange>	3.000000	</randomWalkRange>
			<patrolList>	</patrolList>
			<lineNumber>	0	</lineNumber>
			<patrolPathNode>	</patrolPathNode>
		</properties>
	</entity_28>
	<entity_29>
		<type>	MonsterSpawnPoint	</type>
		<transform>
			<row0>	0.000001 0.000000 0.999981	</row0>
			<row1>	0.000000 0.999989 0.000000	</row1>
			<row2>	-0.999981 0.000000 0.000001	</row2>
			<row3>	-39.870274 -22.857409 -57.944187	</row3>
		</transform>
		<clientOnly>	false	</clientOnly>
		<properties>
			<entityName>	20741001	</entityName>
			<rediviousTime>	30.000000	</rediviousTime>
			<rediviousTotal>	1	</rediviousTotal>
			<randomWalkRange>	3.000000	</randomWalkRange>
			<patrolList>	</patrolList>
			<lineNumber>	0	</lineNumber>
			<patrolPathNode>	</patrolPathNode>
		</properties>
	</entity_29>
	<entity_30>
		<type>	MonsterSpawnPoint	</type>
		<transform>
			<row0>	0.258813 0.000000 -0.965905	</row0>
			<row1>	0.000000 0.999990 0.000000	</row1>
			<row2>	0.965905 0.000000 0.258813	</row2>
			<row3>	-32.669052 -23.177721 -56.244255	</row3>
		</transform>
		<clientOnly>	false	</clientOnly>
		<properties>
			<entityName>	20741001	</entityName>
			<rediviousTime>	30.000000	</rediviousTime>
			<rediviousTotal>	1	</rediviousTotal>
			<randomWalkRange>	3.000000	</randomWalkRange>
			<patrolList>	</patrolList>
			<lineNumber>	0	</lineNumber>
			<patrolPathNode>	</patrolPathNode>
		</properties>
	</entity_30>
	<entity_31>
		<type>	MonsterSpawnPoint	</type>
		<transform>
			<row0>	0.499992 0.000000 0.866009	</row0>
			<row1>	0.000000 0.999990 0.000000	</row1>
			<row2>	-0.866009 0.000000 0.499992	</row2>
			<row3>	-27.191032 -23.478502 -56.423386	</row3>
		</transform>
		<clientOnly>	false	</clientOnly>
		<properties>
			<entityName>	20741001	</entityName>
			<rediviousTime>	30.000000	</rediviousTime>
			<rediviousTotal>	1	</rediviousTotal>
			<randomWalkRange>	3.000000	</randomWalkRange>
			<patrolList>	</patrolList>
			<lineNumber>	0	</lineNumber>
			<patrolPathNode>	</patrolPathNode>
		</properties>
	</entity_31>
	<entity_32>
		<type>	MonsterSpawnPoint	</type>
		<transform>
			<row0>	0.866006 0.000000 0.499988	</row0>
			<row1>	0.000000 0.999990 0.000000	</row1>
			<row2>	-0.499988 0.000000 0.866006	</row2>
			<row3>	-30.780769 -23.365221 -47.487827	</row3>
		</transform>
		<clientOnly>	false	</clientOnly>
		<properties>
			<entityName>	20741001	</entityName>
			<rediviousTime>	30.000000	</rediviousTime>
			<rediviousTotal>	1	</rediviousTotal>
			<randomWalkRange>	3.000000	</randomWalkRange>
			<patrolList>	</patrolList>
			<lineNumber>	0	</lineNumber>
			<patrolPathNode>	</patrolPathNode>
		</properties>
	</entity_32>
	<entity_33>
		<type>	MonsterSpawnPoint	</type>
		<transform>
			<row0>	0.965904 0.000000 -0.258814	</row0>
			<row1>	0.000000 0.999990 0.000000	</row1>
			<row2>	0.258814 0.000000 0.965904	</row2>
			<row3>	-37.569038 -23.380846 -48.221626	</row3>
		</transform>
		<clientOnly>	false	</clientOnly>
		<properties>
			<entityName>	20741001	</entityName>
			<rediviousTime>	30.000000	</rediviousTime>
			<rediviousTotal>	1	</rediviousTotal>
			<randomWalkRange>	3.000000	</randomWalkRange>
			<patrolList>	</patrolList>
			<lineNumber>	0	</lineNumber>
			<patrolPathNode>	</patrolPathNode>
		</properties>
	</entity_33>
	<entity_34>
		<type>	CollectPoint	</type>
		<transform>
			<row0>	-0.531000 0.000000 -0.847339	</row0>
			<row1>	0.000000 0.999973 0.000000	</row1>
			<row2>	0.847338 0.000000 -0.531002	</row2>
			<row3>	-34.002838 -23.728504 -89.840698	</row3>
		</transform>
		<clientOnly>	false	</clientOnly>
		<properties>
			<className>	30112053	</className>
			<rediviousTime>	1000.000000	</rediviousTime>
			<lineNumber>	1	</lineNumber>
			<patrolPathNode>	</patrolPathNode>
		</properties>
	</entity_34>
	<entity_35>
		<type>	MonsterSpawnPoint	</type>
		<transform>
			<row0>	0.499996 0.000000 0.866017	</row0>
			<row1>	0.000000 0.999998 0.000000	</row1>
			<row2>	-0.866017 0.000000 0.499996	</row2>
			<row3>	-22.754723 -25.583973 -4.346107	</row3>
		</transform>
		<clientOnly>	false	</clientOnly>
		<properties>
			<entityName>	20741001	</entityName>
			<rediviousTime>	30.000000	</rediviousTime>
			<rediviousTotal>	1	</rediviousTotal>
			<randomWalkRange>	9.000000	</randomWalkRange>
			<patrolList>	</patrolList>
			<lineNumber>	0	</lineNumber>
			<patrolPathNode>	</patrolPathNode>
		</properties>
	</entity_35>
	<entity_36>
		<type>	MonsterSpawnPoint	</type>
		<transform>
			<row0>	-0.258816 0.000000 0.965917	</row0>
			<row1>	0.000000 0.999997 0.000000	</row1>
			<row2>	-0.965917 0.000000 -0.258816	</row2>
			<row3>	-26.485741 -25.259754 -25.366135	</row3>
		</transform>
		<clientOnly>	false	</clientOnly>
		<properties>
			<entityName>	20741001	</entityName>
			<rediviousTime>	30.000000	</rediviousTime>
			<rediviousTotal>	1	</rediviousTotal>
			<randomWalkRange>	9.000000	</randomWalkRange>
			<patrolList>	</patrolList>
			<lineNumber>	0	</lineNumber>
			<patrolPathNode>	</patrolPathNode>
		</properties>
	</entity_36>
	<entity_37>
		<type>	MonsterSpawnPoint	</type>
		<transform>
			<row0>	0.000000 0.000000 0.999997	</row0>
			<row1>	0.000000 0.999999 0.000000	</row1>
			<row2>	-0.999997 0.000000 0.000000	</row2>
			<row3>	-23.733315 -39.669876 65.133224	</row3>
		</transform>
		<clientOnly>	false	</clientOnly>
		<properties>
			<entityName>	20331005	</entityName>
			<rediviousTime>	30.000000	</rediviousTime>
			<rediviousTotal>	1	</rediviousTotal>
			<randomWalkRange>	5.000000	</randomWalkRange>
			<patrolList>	</patrolList>
			<lineNumber>	0	</lineNumber>
			<patrolPathNode>	</patrolPathNode>
		</properties>
	</entity_37>
	<entity_38>
		<type>	MonsterSpawnPoint	</type>
		<transform>
			<row0>	-0.258818 0.000000 0.965922	</row0>
			<row1>	0.000000 0.999998 0.000000	</row1>
			<row2>	-0.965922 0.000000 -0.258818	</row2>
			<row3>	-13.891945 -39.472630 91.074463	</row3>
		</transform>
		<clientOnly>	false	</clientOnly>
		<properties>
			<entityName>	20331005	</entityName>
			<rediviousTime>	30.000000	</rediviousTime>
			<rediviousTotal>	1	</rediviousTotal>
			<randomWalkRange>	5.000000	</randomWalkRange>
			<patrolList>	</patrolList>
			<lineNumber>	0	</lineNumber>
			<patrolPathNode>	</patrolPathNode>
		</properties>
	</entity_38>
	<entity_39>
		<type>	MonsterSpawnPoint	</type>
		<transform>
			<row0>	-0.000001 0.000000 -0.999992	</row0>
			<row1>	0.000000 0.999996 0.000000	</row1>
			<row2>	0.999992 0.000000 -0.000001	</row2>
			<row3>	-10.925529 -38.910130 88.356949	</row3>
		</transform>
		<clientOnly>	false	</clientOnly>
		<properties>
			<entityName>	20331005	</entityName>
			<rediviousTime>	30.000000	</rediviousTime>
			<rediviousTotal>	1	</rediviousTotal>
			<randomWalkRange>	5.000000	</randomWalkRange>
			<patrolList>	</patrolList>
			<lineNumber>	0	</lineNumber>
			<patrolPathNode>	</patrolPathNode>
		</properties>
	</entity_39>
	<entity_40>
		<type>	Flock	</type>
		<transform>
			<row0>	-0.258816 0.000000 0.965914	</row0>
			<row1>	0.000000 0.999988 0.000000	</row1>
			<row2>	-0.965914 0.000000 -0.258816	</row2>
			<row3>	-56.079025 -41.925976 58.660568	</row3>
		</transform>
		<clientOnly>	true	</clientOnly>
		<properties>
			<maxFlightTime>	200.000000	</maxFlightTime>
			<modelFile>	space/tong_yong/dong_wu/dong_wu/ty_yu_005.model	</modelFile>
			<amount>	4	</amount>
			<modelScale>	0.500000	</modelScale>
			<radius>	5.000000	</radius>
			<approachRadius>	5.000000	</approachRadius>
			<collisionFraction>	0.100000	</collisionFraction>
			<influenceRadius>	1.000000	</influenceRadius>
			<speed>	0.050000	</speed>
			<stopRadius>	1.000000	</stopRadius>
			<patrolPathNode>	</patrolPathNode>
		</properties>
	</entity_40>
	<entity_41>
		<type>	Flock	</type>
		<transform>
			<row0>	-0.866014 0.000000 0.499994	</row0>
			<row1>	0.000000 0.999988 0.000000	</row1>
			<row2>	-0.499994 0.000000 -0.866014	</row2>
			<row3>	-57.481522 -42.021992 65.501350	</row3>
		</transform>
		<clientOnly>	true	</clientOnly>
		<properties>
			<maxFlightTime>	200.000000	</maxFlightTime>
			<modelFile>	space/tong_yong/dong_wu/dong_wu/ty_yu_006.model	</modelFile>
			<amount>	4	</amount>
			<modelScale>	0.500000	</modelScale>
			<radius>	5.000000	</radius>
			<approachRadius>	5.000000	</approachRadius>
			<collisionFraction>	0.100000	</collisionFraction>
			<influenceRadius>	1.000000	</influenceRadius>
			<speed>	0.050000	</speed>
			<stopRadius>	1.000000	</stopRadius>
			<patrolPathNode>	</patrolPathNode>
		</properties>
	</entity_41>
	<entity_42>
		<type>	CollectPoint	</type>
		<transform>
			<row0>	0.506275 -0.861585 -0.036607	</row0>
			<row1>	0.179932 0.147052 -0.972618	</row1>
			<row2>	0.843382 0.485831 0.229476	</row2>
			<row3>	-20.965019 -35.641403 51.255222	</row3>
		</transform>
		<clientOnly>	false	</clientOnly>
		<properties>
			<className>	30112033	</className>
			<rediviousTime>	1000.000000	</rediviousTime>
			<lineNumber>	1	</lineNumber>
			<patrolPathNode>	</patrolPathNode>
		</properties>
	</entity_42>
	<entity_43>
		<type>	MonsterSpawnPoint	</type>
		<transform>
			<row0>	0.965917 0.000000 -0.258818	</row0>
			<row1>	0.000000 0.999998 0.000000	</row1>
			<row2>	0.258818 0.000000 0.965917	</row2>
			<row3>	-21.981712 -30.068348 14.171943	</row3>
		</transform>
		<clientOnly>	false	</clientOnly>
		<properties>
			<entityName>	20741001	</entityName>
			<rediviousTime>	30.000000	</rediviousTime>
			<rediviousTotal>	1	</rediviousTotal>
			<randomWalkRange>	9.000000	</randomWalkRange>
			<patrolList>	</patrolList>
			<lineNumber>	0	</lineNumber>
			<patrolPathNode>	</patrolPathNode>
		</properties>
	</entity_43>
	<entity_44>
		<type>	MonsterSpawnPoint	</type>
		<transform>
			<row0>	-0.965918 0.000000 0.258818	</row0>
			<row1>	0.000000 0.999995 0.000000	</row1>
			<row2>	-0.258818 0.000000 -0.965918	</row2>
			<row3>	-19.519096 -40.193333 106.351799	</row3>
		</transform>
		<clientOnly>	false	</clientOnly>
		<properties>
			<entityName>	20331005	</entityName>
			<rediviousTime>	30.000000	</rediviousTime>
			<rediviousTotal>	1	</rediviousTotal>
			<randomWalkRange>	9.000000	</randomWalkRange>
			<patrolList>	</patrolList>
			<lineNumber>	0	</lineNumber>
			<patrolPathNode>	</patrolPathNode>
		</properties>
	</entity_44>
	<entity_45>
		<type>	MonsterSpawnPoint	</type>
		<transform>
			<row0>	-0.707102 0.000000 -0.707100	</row0>
			<row1>	0.000000 0.999996 0.000000	</row1>
			<row2>	0.707100 0.000000 -0.707102	</row2>
			<row3>	-1.613083 -36.828098 103.545235	</row3>
		</transform>
		<clientOnly>	false	</clientOnly>
		<properties>
			<entityName>	20331005	</entityName>
			<rediviousTime>	30.000000	</rediviousTime>
			<rediviousTotal>	1	</rediviousTotal>
			<randomWalkRange>	5.000000	</randomWalkRange>
			<patrolList>	</patrolList>
			<lineNumber>	0	</lineNumber>
			<patrolPathNode>	</patrolPathNode>
		</properties>
	</entity_45>
	<entity_46>
		<type>	MonsterSpawnPoint	</type>
		<transform>
			<row0>	0.258817 0.000000 0.965918	</row0>
			<row1>	0.000000 0.999994 0.000000	</row1>
			<row2>	-0.965918 0.000000 0.258817	</row2>
			<row3>	-66.942612 -37.728489 150.694031	</row3>
		</transform>
		<clientOnly>	false	</clientOnly>
		<properties>
			<entityName>	20331005	</entityName>
			<rediviousTime>	30.000000	</rediviousTime>
			<rediviousTotal>	1	</rediviousTotal>
			<randomWalkRange>	3.000000	</randomWalkRange>
			<patrolList>	</patrolList>
			<lineNumber>	0	</lineNumber>
			<patrolPathNode>	</patrolPathNode>
		</properties>
	</entity_46>
	<entity_47>
		<type>	MonsterSpawnPoint	</type>
		<transform>
			<row0>	0.258818 0.000000 0.965918	</row0>
			<row1>	0.000000 0.999998 0.000000	</row1>
			<row2>	-0.965918 0.000000 0.258818	</row2>
			<row3>	-11.787209 -35.790989 175.087494	</row3>
		</transform>
		<clientOnly>	false	</clientOnly>
		<properties>
			<entityName>	20331005	</entityName>
			<rediviousTime>	30.000000	</rediviousTime>
			<rediviousTotal>	1	</rediviousTotal>
			<randomWalkRange>	9.000000	</randomWalkRange>
			<patrolList>	</patrolList>
			<lineNumber>	0	</lineNumber>
			<patrolPathNode>	</patrolPathNode>
		</properties>
	</entity_47>
	<entity_48>
		<type>	QuestBox	</type>
		<transform>
			<row0>	1.000000 0.000000 0.000000	</row0>
			<row1>	0.000000 1.000000 0.000000	</row1>
			<row2>	0.000000 0.000000 1.000000	</row2>
			<row3>	-5.499657 -35.603489 169.759125	</row3>
		</transform>
		<clientOnly>	false	</clientOnly>
		<properties>
			<className>	30111136	</className>
			<rediviousTime>	30.000000	</rediviousTime>
			<patrolPathNode>	</patrolPathNode>
		</properties>
	</entity_48>
	<entity_49>
		<type>	MonsterSpawnPoint	</type>
		<transform>
			<row0>	0.965919 0.000000 0.258818	</row0>
			<row1>	0.000000 0.999996 0.000000	</row1>
			<row2>	-0.258818 0.000000 0.965919	</row2>
			<row3>	-6.278412 -32.328098 197.511414	</row3>
		</transform>
		<clientOnly>	false	</clientOnly>
		<properties>
			<entityName>	20331005	</entityName>
			<rediviousTime>	30.000000	</rediviousTime>
			<rediviousTotal>	1	</rediviousTotal>
			<randomWalkRange>	9.000000	</randomWalkRange>
			<patrolList>	</patrolList>
			<lineNumber>	0	</lineNumber>
			<patrolPathNode>	</patrolPathNode>
		</properties>
	</entity_49>
	<entity_50>
		<type>	MonsterSpawnPoint	</type>
		<transform>
			<row0>	-0.965917 0.000000 0.258818	</row0>
			<row1>	0.000000 0.999998 0.000000	</row1>
			<row2>	-0.258818 0.000000 -0.965917	</row2>
			<row3>	-41.694420 -37.740208 179.624939	</row3>
		</transform>
		<clientOnly>	false	</clientOnly>
		<properties>
			<entityName>	20331005	</entityName>
			<rediviousTime>	30.000000	</rediviousTime>
			<rediviousTotal>	1	</rediviousTotal>
			<randomWalkRange>	9.000000	</randomWalkRange>
			<patrolList>	</patrolList>
			<lineNumber>	0	</lineNumber>
			<patrolPathNode>	</patrolPathNode>
		</properties>
	</entity_50>
	<entity_51>
		<type>	MonsterSpawnPoint	</type>
		<transform>
			<row0>	0.866017 0.000000 0.499995	</row0>
			<row1>	0.000000 0.999993 0.000000	</row1>
			<row2>	-0.499995 0.000000 0.866017	</row2>
			<row3>	-63.343792 -37.974583 156.861542	</row3>
		</transform>
		<clientOnly>	false	</clientOnly>
		<properties>
			<entityName>	20331005	</entityName>
			<rediviousTime>	30.000000	</rediviousTime>
			<rediviousTotal>	1	</rediviousTotal>
			<randomWalkRange>	3.000000	</randomWalkRange>
			<patrolList>	</patrolList>
			<lineNumber>	0	</lineNumber>
			<patrolPathNode>	</patrolPathNode>
		</properties>
	</entity_51>
	<entity_52>
		<type>	MonsterSpawnPoint	</type>
		<transform>
			<row0>	-0.258817 0.000000 0.965918	</row0>
			<row1>	0.000000 0.999994 0.000000	</row1>
			<row2>	-0.965918 0.000000 -0.258817	</row2>
			<row3>	-58.667946 -37.888645 148.562500	</row3>
		</transform>
		<clientOnly>	false	</clientOnly>
		<properties>
			<entityName>	20331005	</entityName>
			<rediviousTime>	30.000000	</rediviousTime>
			<rediviousTotal>	1	</rediviousTotal>
			<randomWalkRange>	3.000000	</randomWalkRange>
			<patrolList>	</patrolList>
			<lineNumber>	0	</lineNumber>
			<patrolPathNode>	</patrolPathNode>
		</properties>
	</entity_52>
	<entity_53>
		<type>	MonsterSpawnPoint	</type>
		<transform>
			<row0>	0.499995 0.000000 -0.866017	</row0>
			<row1>	0.000000 0.999993 0.000000	</row1>
			<row2>	0.866017 0.000000 0.499995	</row2>
			<row3>	-52.278694 -38.015598 143.250122	</row3>
		</transform>
		<clientOnly>	false	</clientOnly>
		<properties>
			<entityName>	20331005	</entityName>
			<rediviousTime>	30.000000	</rediviousTime>
			<rediviousTotal>	1	</rediviousTotal>
			<randomWalkRange>	3.000000	</randomWalkRange>
			<patrolList>	</patrolList>
			<lineNumber>	0	</lineNumber>
			<patrolPathNode>	</patrolPathNode>
		</properties>
	</entity_53>
	<entity_54>
		<type>	MonsterSpawnPoint	</type>
		<transform>
			<row0>	0.707099 0.000000 -0.707100	</row0>
			<row1>	0.000000 0.999993 0.000000	</row1>
			<row2>	0.707100 0.000000 0.707099	</row2>
			<row3>	-61.824257 -38.056614 140.954956	</row3>
		</transform>
		<clientOnly>	false	</clientOnly>
		<properties>
			<entityName>	20331005	</entityName>
			<rediviousTime>	30.000000	</rediviousTime>
			<rediviousTotal>	1	</rediviousTotal>
			<randomWalkRange>	3.000000	</randomWalkRange>
			<patrolList>	</patrolList>
			<lineNumber>	0	</lineNumber>
			<patrolPathNode>	</patrolPathNode>
		</properties>
	</entity_54>
	<entity_55>
		<type>	QuestBox	</type>
		<transform>
			<row0>	1.000000 0.000000 0.000000	</row0>
			<row1>	0.000000 1.000000 0.000000	</row1>
			<row2>	0.000000 0.000000 1.000000	</row2>
			<row3>	-77.681519 -38.183567 193.876587	</row3>
		</transform>
		<clientOnly>	false	</clientOnly>
		<properties>
			<className>	30111225	</className>
			<rediviousTime>	20.000000	</rediviousTime>
			<patrolPathNode>	</patrolPathNode>
		</properties>
	</entity_55>
	<entity_56>
		<type>	MonsterSpawnPoint	</type>
		<transform>
			<row0>	-0.965918 0.000000 -0.258817	</row0>
			<row1>	0.000000 0.999997 0.000000	</row1>
			<row2>	0.258817 0.000000 -0.965918	</row2>
			<row3>	-95.658897 -37.974583 196.150909	</row3>
		</transform>
		<clientOnly>	false	</clientOnly>
		<properties>
			<entityName>	20331005	</entityName>
			<rediviousTime>	30.000000	</rediviousTime>
			<rediviousTotal>	1	</rediviousTotal>
			<randomWalkRange>	9.000000	</randomWalkRange>
			<patrolList>	</patrolList>
			<lineNumber>	0	</lineNumber>
			<patrolPathNode>	</patrolPathNode>
		</properties>
	</entity_56>
	<entity_57>
		<type>	MonsterSpawnPoint	</type>
		<transform>
			<row0>	-0.499996 0.000000 0.866018	</row0>
			<row1>	0.000000 0.999994 0.000000	</row1>
			<row2>	-0.866018 0.000000 -0.499996	</row2>
			<row3>	-40.305828 -40.398411 113.757347	</row3>
		</transform>
		<clientOnly>	false	</clientOnly>
		<properties>
			<entityName>	20331005	</entityName>
			<rediviousTime>	30.000000	</rediviousTime>
			<rediviousTotal>	1	</rediviousTotal>
			<randomWalkRange>	3.000000	</randomWalkRange>
			<patrolList>	</patrolList>
			<lineNumber>	0	</lineNumber>
			<patrolPathNode>	</patrolPathNode>
		</properties>
	</entity_57>
	<entity_58>
		<type>	MonsterSpawnPoint	</type>
		<transform>
			<row0>	-0.499995 0.000000 0.866019	</row0>
			<row1>	0.000000 0.999998 0.000000	</row1>
			<row2>	-0.866019 0.000000 -0.499995	</row2>
			<row3>	-27.349602 -37.886692 158.187195	</row3>
		</transform>
		<clientOnly>	false	</clientOnly>
		<properties>
			<entityName>	20331005	</entityName>
			<rediviousTime>	30.000000	</rediviousTime>
			<rediviousTotal>	1	</rediviousTotal>
			<randomWalkRange>	9.000000	</randomWalkRange>
			<patrolList>	</patrolList>
			<lineNumber>	0	</lineNumber>
			<patrolPathNode>	</patrolPathNode>
		</properties>
	</entity_58>
	<entity_59>
		<type>	MonsterSpawnPoint	</type>
		<transform>
			<row0>	-0.965918 0.000000 0.258818	</row0>
			<row1>	0.000000 0.999997 0.000000	</row1>
			<row2>	-0.258818 0.000000 -0.965918	</row2>
			<row3>	-25.659264 -35.833958 190.393829	</row3>
		</transform>
		<clientOnly>	false	</clientOnly>
		<properties>
			<entityName>	20331005	</entityName>
			<rediviousTime>	30.000000	</rediviousTime>
			<rediviousTotal>	1	</rediviousTotal>
			<randomWalkRange>	9.000000	</randomWalkRange>
			<patrolList>	</patrolList>
			<lineNumber>	0	</lineNumber>
			<patrolPathNode>	</patrolPathNode>
		</properties>
	</entity_59>
	<entity_60>
		<type>	MonsterSpawnPoint	</type>
		<transform>
			<row0>	-0.258817 0.000000 -0.965918	</row0>
			<row1>	0.000000 0.999997 0.000000	</row1>
			<row2>	0.965918 0.000000 -0.258817	</row2>
			<row3>	-67.067055 -38.632786 182.117493	</row3>
		</transform>
		<clientOnly>	false	</clientOnly>
		<properties>
			<entityName>	20331005	</entityName>
			<rediviousTime>	30.000000	</rediviousTime>
			<rediviousTotal>	1	</rediviousTotal>
			<randomWalkRange>	9.000000	</randomWalkRange>
			<patrolList>	</patrolList>
			<lineNumber>	0	</lineNumber>
			<patrolPathNode>	</patrolPathNode>
		</properties>
	</entity_60>
	<entity_61>
		<type>	MonsterSpawnPoint	</type>
		<transform>
			<row0>	0.258816 0.000000 -0.965917	</row0>
			<row1>	0.000000 0.999993 0.000000	</row1>
			<row2>	0.965917 0.000000 0.258816	</row2>
			<row3>	-51.062744 -37.892551 152.564667	</row3>
		</transform>
		<clientOnly>	false	</clientOnly>
		<properties>
			<entityName>	20331005	</entityName>
			<rediviousTime>	30.000000	</rediviousTime>
			<rediviousTotal>	1	</rediviousTotal>
			<randomWalkRange>	3.000000	</randomWalkRange>
			<patrolList>	</patrolList>
			<lineNumber>	0	</lineNumber>
			<patrolPathNode>	</patrolPathNode>
		</properties>
	</entity_61>
	<entity_62>
		<type>	MonsterSpawnPoint	</type>
		<transform>
			<row0>	-0.707101 0.000000 0.707102	</row0>
			<row1>	0.000000 0.999994 0.000000	</row1>
			<row2>	-0.707102 0.000000 -0.707101	</row2>
			<row3>	-10.653961 -37.927708 150.513489	</row3>
		</transform>
		<clientOnly>	false	</clientOnly>
		<properties>
			<entityName>	20331005	</entityName>
			<rediviousTime>	30.000000	</rediviousTime>
			<rediviousTotal>	1	</rediviousTotal>
			<randomWalkRange>	9.000000	</randomWalkRange>
			<patrolList>	</patrolList>
			<lineNumber>	0	</lineNumber>
			<patrolPathNode>	</patrolPathNode>
		</properties>
	</entity_62>
	<entity_63>
		<type>	MonsterSpawnPoint	</type>
		<transform>
			<row0>	-0.258817 0.000000 -0.965919	</row0>
			<row1>	0.000000 0.999997 0.000000	</row1>
			<row2>	0.965919 0.000000 -0.258817	</row2>
			<row3>	-46.028030 -36.232395 199.232574	</row3>
		</transform>
		<clientOnly>	false	</clientOnly>
		<properties>
			<entityName>	20331005	</entityName>
			<rediviousTime>	30.000000	</rediviousTime>
			<rediviousTotal>	1	</rediviousTotal>
			<randomWalkRange>	9.000000	</randomWalkRange>
			<patrolList>	</patrolList>
			<lineNumber>	0	</lineNumber>
			<patrolPathNode>	</patrolPathNode>
		</properties>
	</entity_63>
	<entity_64>
		<type>	CollectPoint	</type>
		<transform>
			<row0>	0.697946 0.434626 -0.569150	</row0>
			<row1>	-0.401654 0.895559 0.191335	</row1>
			<row2>	0.592877 0.095061 0.799638	</row2>
			<row3>	-12.658562 -38.733898 118.481796	</row3>
		</transform>
		<clientOnly>	false	</clientOnly>
		<properties>
			<className>	30112063	</className>
			<rediviousTime>	1000.000000	</rediviousTime>
			<lineNumber>	1	</lineNumber>
			<patrolPathNode>	</patrolPathNode>
		</properties>
	</entity_64>
	<entity_65>
		<type>	QuestBox	</type>
		<transform>
			<row0>	-0.999513 0.031173 -0.000820	</row0>
			<row1>	0.030993 0.990150 -0.136533	</row1>
			<row2>	-0.003445 -0.136492 -0.990635	</row2>
			<row3>	-31.102112 -39.953102 128.027557	</row3>
		</transform>
		<clientOnly>	false	</clientOnly>
		<properties>
			<className>	30111230	</className>
			<rediviousTime>	60.000000	</rediviousTime>
			<patrolPathNode>	</patrolPathNode>
		</properties>
	</entity_65>
	<entity_66>
		<type>	MonsterSpawnPoint	</type>
		<transform>
