<root>
	<entity_1>
		<stopLinkStation>	00000000.00000000.00000000.00000000	</stopLinkStation>
		<animation>	</animation>
		<animationEven>	</animationEven>
		<type>	NPCSpawnPoint	</type>
		<transform>
			<row0>	0.707106 0.000000 -0.707105	</row0>
			<row1>	0.000000 0.999998 0.000000	</row1>
			<row2>	0.707105 0.000000 0.707106	</row2>
			<row3>	419.630066 -32.820076 479.695313	</row3>
		</transform>
		<clientOnly>	false	</clientOnly>
		<properties>
			<entityName>	10121566	</entityName>
			<rediviousTime>	60.000000	</rediviousTime>
			<rediviousTotal>	1	</rediviousTotal>
			<randomWalkRange>	0.000000	</randomWalkRange>
			<patrolList>	</patrolList>
			<lineNumber>	0	</lineNumber>
			<patrolPathNode>	</patrolPathNode>
			<actionDefaultName>	</actionDefaultName>
			<ownModelName>	</ownModelName>
		</properties>
	</entity_1>
	<entity_2>
		<stopLinkStation>	00000000.00000000.00000000.00000000	</stopLinkStation>
		<animation>	</animation>
		<animationEven>	</animationEven>
		<type>	NPCSpawnPoint	</type>
		<transform>
			<row0>	0.707105 0.000000 -0.707105	</row0>
			<row1>	0.000000 0.999998 0.000000	</row1>
			<row2>	0.707105 0.000000 0.707105	</row2>
			<row3>	415.163513 -32.820141 490.893951	</row3>
		</transform>
		<clientOnly>	false	</clientOnly>
		<properties>
			<entityName>	10121565	</entityName>
			<rediviousTime>	60.000000	</rediviousTime>
			<rediviousTotal>	1	</rediviousTotal>
			<randomWalkRange>	0.000000	</randomWalkRange>
			<patrolList>	</patrolList>
			<lineNumber>	0	</lineNumber>
			<patrolPathNode>	</patrolPathNode>
			<actionDefaultName>	</actionDefaultName>
			<ownModelName>	</ownModelName>
		</properties>
	</entity_2>
	<entity_3>
		<stopLinkStation>	00000000.00000000.00000000.00000000	</stopLinkStation>
		<animation>	</animation>
		<animationEven>	</animationEven>
		<type>	MonsterSpawnPoint	</type>
		<transform>
			<row0>	0.707106 0.000000 0.707106	</row0>
			<row1>	0.000000 0.999999 0.000000	</row1>
			<row2>	-0.707106 0.000000 0.707106	</row2>
			<row3>	438.618958 -32.820129 486.885986	</row3>
		</transform>
		<clientOnly>	false	</clientOnly>
		<properties>
			<entityName>	20129067	</entityName>
			<rediviousTime>	-1.000000	</rediviousTime>
			<rediviousTotal>	1	</rediviousTotal>
			<randomWalkRange>	0.000000	</randomWalkRange>
			<patrolList>	</patrolList>
			<lineNumber>	0	</lineNumber>
			<patrolPathNode>	</patrolPathNode>
			<actionDefaultName>	</actionDefaultName>
			<ownModelName>	</ownModelName>
		</properties>
	</entity_3>
	<entity_4>
		<stopLinkStation>	00000000.00000000.00000000.00000000	</stopLinkStation>
		<animation>	</animation>
		<animationEven>	</animationEven>
		<type>	MonsterSpawnPoint	</type>
		<transform>
			<row0>	0.707106 0.000000 0.707106	</row0>
			<row1>	0.000000 0.999999 0.000000	</row1>
			<row2>	-0.707106 0.000000 0.707106	</row2>
			<row3>	435.170959 -32.820107 483.506012	</row3>
		</transform>
		<clientOnly>	false	</clientOnly>
		<properties>
			<entityName>	20129067	</entityName>
			<rediviousTime>	-1.000000	</rediviousTime>
			<rediviousTotal>	1	</rediviousTotal>
			<randomWalkRange>	0.000000	</randomWalkRange>
			<patrolList>	</patrolList>
			<lineNumber>	0	</lineNumber>
			<patrolPathNode>	</patrolPathNode>
			<actionDefaultName>	</actionDefaultName>
			<ownModelName>	</ownModelName>
		</properties>
	</entity_4>
</root>
