<root>
	<entity_1>
		<stopLinkStation>	00000000.00000000.00000000.00000000	</stopLinkStation>
		<animation>	</animation>
		<animationEven>	</animationEven>
		<type>	QuestBox	</type>
		<transform>
			<row0>	0.866022 0.000000 0.499996	</row0>
			<row1>	0.000000 1.000000 0.000000	</row1>
			<row2>	-0.499996 0.000000 0.866022	</row2>
			<row3>	-805.211548 33.050724 -711.182861	</row3>
		</transform>
		<clientOnly>	false	</clientOnly>
		<properties>
			<className>	30112006	</className>
			<rediviousTime>	5.000000	</rediviousTime>
			<patrolPathNode>	</patrolPathNode>
			<actionDefaultName>	</actionDefaultName>
			<ownModelName>	</ownModelName>
		</properties>
	</entity_1>
	<entity_2>
		<stopLinkStation>	00000000.00000000.00000000.00000000	</stopLinkStation>
		<animation>	</animation>
		<animationEven>	</animationEven>
		<type>	QuestBox	</type>
		<transform>
			<row0>	0.000001 0.000000 0.999994	</row0>
			<row1>	0.000000 1.000000 0.000000	</row1>
			<row2>	-0.999994 0.000000 0.000001	</row2>
			<row3>	-803.524902 33.355412 -717.973572	</row3>
		</transform>
		<clientOnly>	false	</clientOnly>
		<properties>
			<className>	30112006	</className>
			<rediviousTime>	5.000000	</rediviousTime>
			<patrolPathNode>	</patrolPathNode>
			<actionDefaultName>	</actionDefaultName>
			<ownModelName>	</ownModelName>
		</properties>
	</entity_2>
	<entity_3>
		<stopLinkStation>	00000000.00000000.00000000.00000000	</stopLinkStation>
		<animation>	</animation>
		<animationEven>	</animationEven>
		<type>	Flock	</type>
		<transform>
			<row0>	0.258818 -0.003253 0.965914	</row0>
			<row1>	-0.000500 0.999988 0.003502	</row1>
			<row2>	-0.965919 -0.001389 0.258815	</row2>
			<row3>	-801.314758 34.564732 -717.472717	</row3>
		</transform>
		<clientOnly>	true	</clientOnly>
		<properties>
			<maxFlightTime>	200.000000	</maxFlightTime>
			<modelFile>	space/tong_yong/dong_wu/dong_wu/ty_hu_die_004.model	</modelFile>
			<amount>	4	</amount>
			<modelScale>	1.000000	</modelScale>
			<radius>	4.000000	</radius>
			<approachRadius>	10.000000	</approachRadius>
			<heightClipMin>	-10000000.000000	</heightClipMin>
			<heightClipMax>	10000000.000000	</heightClipMax>
			<yawEnable>	1	</yawEnable>
			<pitchEnable>	1	</pitchEnable>
			<rollEnable>	1	</rollEnable>
			<collisionFraction>	10.000000	</collisionFraction>
			<influenceRadius>	1.000000	</influenceRadius>
			<speed>	0.030000	</speed>
			<stopRadius>	1.000000	</stopRadius>
			<waterHeight>	0.000000	</waterHeight>
			<hardPoint>	</hardPoint>
			<effectID>	</effectID>
			<triggerLoopTime>	12.000000	</triggerLoopTime>
			<actionID>	</actionID>
			<patrolPathNode>	</patrolPathNode>
			<actionDefaultName>	</actionDefaultName>
			<ownModelName>	</ownModelName>
		</properties>
	</entity_3>
	<entity_4>
		<stopLinkStation>	00000000.00000000.00000000.00000000	</stopLinkStation>
		<animation>	</animation>
		<animationEven>	</animationEven>
		<type>	MonsterSpawnPoint	</type>
		<transform>
			<row0>	0.866011 0.000000 -0.499991	</row0>
			<row1>	0.000000 0.999991 0.000000	</row1>
			<row2>	0.499991 0.000000 0.866011	</row2>
			<row3>	-811.827515 33.433540 -700.893066	</row3>
		</transform>
		<clientOnly>	false	</clientOnly>
		<properties>
			<entityName>	20751002	</entityName>
			<rediviousTime>	30.000000	</rediviousTime>
			<rediviousTotal>	1	</rediviousTotal>
			<randomWalkRange>	9.000000	</randomWalkRange>
			<patrolList>	</patrolList>
			<lineNumber>	0	</lineNumber>
			<patrolPathNode>	</patrolPathNode>
			<actionDefaultName>	</actionDefaultName>
			<ownModelName>	</ownModelName>
		</properties>
	</entity_4>
	<entity_5>
		<stopLinkStation>	00000000.00000000.00000000.00000000	</stopLinkStation>
		<animation>	</animation>
		<animationEven>	</animationEven>
		<type>	Flock	</type>
		<transform>
			<row0>	0.999994 0.000500 0.000001	</row0>
			<row1>	-0.000500 0.999989 0.003502	</row1>
			<row2>	0.000001 -0.003502 0.999988	</row2>
			<row3>	-803.972534 56.714165 -659.428162	</row3>
		</transform>
		<clientOnly>	true	</clientOnly>
		<properties>
			<maxFlightTime>	200.000000	</maxFlightTime>
			<modelFile>	space/tong_yong/dong_wu/dong_wu/ty_hu_die_004.model	</modelFile>
			<amount>	4	</amount>
			<modelScale>	1.000000	</modelScale>
			<radius>	4.000000	</radius>
			<approachRadius>	10.000000	</approachRadius>
			<heightClipMin>	-10000000.000000	</heightClipMin>
			<heightClipMax>	10000000.000000	</heightClipMax>
			<yawEnable>	1	</yawEnable>
			<pitchEnable>	1	</pitchEnable>
			<rollEnable>	1	</rollEnable>
			<collisionFraction>	10.000000	</collisionFraction>
			<influenceRadius>	1.000000	</influenceRadius>
			<speed>	0.030000	</speed>
			<stopRadius>	1.000000	</stopRadius>
			<waterHeight>	0.000000	</waterHeight>
			<hardPoint>	</hardPoint>
			<effectID>	</effectID>
			<triggerLoopTime>	12.000000	</triggerLoopTime>
			<actionID>	</actionID>
			<patrolPathNode>	</patrolPathNode>
			<actionDefaultName>	</actionDefaultName>
			<ownModelName>	</ownModelName>
		</properties>
	</entity_5>
	<entity_6>
		<stopLinkStation>	00000000.00000000.00000000.00000000	</stopLinkStation>
		<animation>	</animation>
		<animationEven>	</animationEven>
		<type>	Flock	</type>
		<transform>
			<row0>	0.258818 -0.003253 0.965914	</row0>
			<row1>	-0.000500 0.999988 0.003502	</row1>
			<row2>	-0.965919 -0.001389 0.258815	</row2>
			<row3>	-833.634888 32.191383 -668.594482	</row3>
		</transform>
		<clientOnly>	true	</clientOnly>
		<properties>
			<maxFlightTime>	200.000000	</maxFlightTime>
			<modelFile>	space/tong_yong/dong_wu/dong_wu/ty_hu_die_004.model	</modelFile>
			<amount>	4	</amount>
			<modelScale>	1.000000	</modelScale>
			<radius>	4.000000	</radius>
			<approachRadius>	10.000000	</approachRadius>
			<heightClipMin>	-10000000.000000	</heightClipMin>
			<heightClipMax>	10000000.000000	</heightClipMax>
			<yawEnable>	1	</yawEnable>
			<pitchEnable>	1	</pitchEnable>
			<rollEnable>	1	</rollEnable>
			<collisionFraction>	10.000000	</collisionFraction>
			<influenceRadius>	1.000000	</influenceRadius>
			<speed>	0.030000	</speed>
			<stopRadius>	1.000000	</stopRadius>
			<waterHeight>	0.000000	</waterHeight>
			<hardPoint>	</hardPoint>
			<effectID>	</effectID>
			<triggerLoopTime>	12.000000	</triggerLoopTime>
			<actionID>	</actionID>
			<patrolPathNode>	</patrolPathNode>
			<actionDefaultName>	</actionDefaultName>
			<ownModelName>	</ownModelName>
		</properties>
	</entity_6>
	<entity_7>
		<stopLinkStation>	00000000.00000000.00000000.00000000	</stopLinkStation>
		<animation>	</animation>
		<animationEven>	</animationEven>
		<type>	QuestBox	</type>
		<transform>
			<row0>	-0.707106 0.000000 -0.707105	</row0>
			<row1>	0.000000 1.000000 0.000000	</row1>
			<row2>	0.707105 0.000000 -0.707106	</row2>
			<row3>	-822.313721 30.093716 -619.791809	</row3>
		</transform>
		<clientOnly>	false	</clientOnly>
		<properties>
			<className>	30112005	</className>
			<rediviousTime>	5.000000	</rediviousTime>
			<modelScale>	1.000000	</modelScale>
			<patrolPathNode>	</patrolPathNode>
			<actionDefaultName>	</actionDefaultName>
			<ownModelName>	</ownModelName>
		</properties>
	</entity_7>
	<entity_8>
		<stopLinkStation>	00000000.00000000.00000000.00000000	</stopLinkStation>
		<animation>	</animation>
		<animationEven>	</animationEven>
		<type>	NPCSpawnPoint	</type>
		<transform>
			<row0>	0.258813 0.000000 -0.965903	</row0>
			<row1>	0.000000 0.999978 0.000000	</row1>
			<row2>	0.965903 0.000000 0.258813	</row2>
			<row3>	-870.705078 27.820278 -606.859070	</row3>
		</transform>
		<clientOnly>	false	</clientOnly>
		<properties>
			<entityName>	10111346	</entityName>
			<rediviousTime>	86400.000000	</rediviousTime>
			<rediviousTotal>	1	</rediviousTotal>
			<randomWalkRange>	3.000000	</randomWalkRange>
			<patrolList>	</patrolList>
			<lineNumber>	0	</lineNumber>
			<patrolPathNode>	</patrolPathNode>
			<actionDefaultName>	</actionDefaultName>
			<ownModelName>	</ownModelName>
		</properties>
	</entity_8>
	<entity_9>
		<stopLinkStation>	00000000.00000000.00000000.00000000	</stopLinkStation>
		<animation>	</animation>
		<animationEven>	</animationEven>
		<type>	NPCSpawnPoint	</type>
		<transform>
			<row0>	-0.258812 0.000000 -0.965902	</row0>
			<row1>	0.000000 0.999977 0.000000	</row1>
			<row2>	0.965902 0.000000 -0.258812	</row2>
			<row3>	-871.819519 28.007778 -603.582275	</row3>
		</transform>
		<clientOnly>	false	</clientOnly>
		<properties>
			<entityName>	10111348	</entityName>
			<rediviousTime>	86400.000000	</rediviousTime>
			<rediviousTotal>	1	</rediviousTotal>
			<randomWalkRange>	3.000000	</randomWalkRange>
			<patrolList>	</patrolList>
			<lineNumber>	0	</lineNumber>
			<patrolPathNode>	</patrolPathNode>
			<actionDefaultName>	</actionDefaultName>
			<ownModelName>	</ownModelName>
		</properties>
	</entity_9>
	<entity_10>
		<stopLinkStation>	00000000.00000000.00000000.00000000	</stopLinkStation>
		<animation>	</animation>
		<animationEven>	</animationEven>
		<type>	QuestBox	</type>
		<transform>
			<row0>	0.499998 0.000000 0.866020	</row0>
			<row1>	0.000000 1.000000 0.000000	</row1>
			<row2>	-0.866020 0.000000 0.499998	</row2>
			<row3>	-811.111633 30.892550 -686.415100	</row3>
		</transform>
		<clientOnly>	false	</clientOnly>
		<properties>
			<className>	30112006	</className>
			<rediviousTime>	5.000000	</rediviousTime>
			<modelScale>	1.000000	</modelScale>
			<patrolPathNode>	</patrolPathNode>
			<actionDefaultName>	</actionDefaultName>
			<ownModelName>	</ownModelName>
		</properties>
	</entity_10>
	<entity_11>
		<stopLinkStation>	00000000.00000000.00000000.00000000	</stopLinkStation>
		<animation>	</animation>
		<animationEven>	</animationEven>
		<type>	QuestBox	</type>
		<transform>
			<row0>	0.999996 0.000000 -0.000002	</row0>
			<row1>	0.000000 1.000000 0.000000	</row1>
			<row2>	0.000002 0.000000 0.999996	</row2>
			<row3>	-814.191711 32.775333 -693.934998	</row3>
		</transform>
		<clientOnly>	false	</clientOnly>
		<properties>
			<className>	30112006	</className>
			<rediviousTime>	5.000000	</rediviousTime>
			<modelScale>	1.000000	</modelScale>
			<patrolPathNode>	</patrolPathNode>
			<actionDefaultName>	</actionDefaultName>
			<ownModelName>	</ownModelName>
		</properties>
	</entity_11>
	<entity_12>
		<stopLinkStation>	00000000.00000000.00000000.00000000	</stopLinkStation>
		<animation>	</animation>
		<animationEven>	</animationEven>
		<type>	QuestBox	</type>
		<transform>
			<row0>	0.258818 0.000000 0.965920	</row0>
			<row1>	0.000000 1.000000 0.000000	</row1>
			<row2>	-0.965920 0.000000 0.258818	</row2>
			<row3>	-833.700928 34.195255 -693.993591	</row3>
		</transform>
		<clientOnly>	false	</clientOnly>
		<properties>
			<className>	30112006	</className>
			<rediviousTime>	5.000000	</rediviousTime>
			<modelScale>	1.000000	</modelScale>
			<patrolPathNode>	</patrolPathNode>
			<actionDefaultName>	</actionDefaultName>
			<ownModelName>	</ownModelName>
		</properties>
	</entity_12>
	<entity_13>
		<stopLinkStation>	00000000.00000000.00000000.00000000	</stopLinkStation>
		<animation>	</animation>
		<animationEven>	</animationEven>
		<type>	QuestBox	</type>
		<transform>
			<row0>	0.965922 0.000000 0.258816	</row0>
			<row1>	0.000000 1.000000 0.000000	</row1>
			<row2>	-0.258816 0.000000 0.965922	</row2>
			<row3>	-830.189697 35.156193 -699.727112	</row3>
		</transform>
		<clientOnly>	false	</clientOnly>
		<properties>
			<className>	30112006	</className>
			<rediviousTime>	5.000000	</rediviousTime>
			<modelScale>	1.000000	</modelScale>
			<patrolPathNode>	</patrolPathNode>
			<actionDefaultName>	</actionDefaultName>
			<ownModelName>	</ownModelName>
		</properties>
	</entity_13>
	<entity_14>
		<stopLinkStation>	00000000.00000000.00000000.00000000	</stopLinkStation>
		<animation>	</animation>
		<animationEven>	</animationEven>
		<type>	Flock	</type>
		<transform>
			<row0>	0.258818 -0.003253 0.965914	</row0>
			<row1>	-0.000500 0.999988 0.003502	</row1>
			<row2>	-0.965919 -0.001389 0.258815	</row2>
			<row3>	-816.008972 32.042088 -614.540222	</row3>
		</transform>
		<clientOnly>	true	</clientOnly>
		<properties>
			<maxFlightTime>	200.000000	</maxFlightTime>
			<modelFile>	space/tong_yong/dong_wu/dong_wu/ty_hu_die_004.model	</modelFile>
			<amount>	4	</amount>
			<modelScale>	1.000000	</modelScale>
			<radius>	4.000000	</radius>
			<approachRadius>	10.000000	</approachRadius>
			<heightClipMin>	-10000000.000000	</heightClipMin>
			<heightClipMax>	10000000.000000	</heightClipMax>
			<yawEnable>	1	</yawEnable>
			<pitchEnable>	1	</pitchEnable>
			<rollEnable>	1	</rollEnable>
			<collisionFraction>	10.000000	</collisionFraction>
			<influenceRadius>	1.000000	</influenceRadius>
			<speed>	0.030000	</speed>
			<stopRadius>	1.000000	</stopRadius>
			<waterHeight>	0.000000	</waterHeight>
			<hardPoint>	</hardPoint>
			<effectID>	</effectID>
			<triggerLoopTime>	12.000000	</triggerLoopTime>
			<actionID>	</actionID>
			<patrolPathNode>	</patrolPathNode>
			<actionDefaultName>	</actionDefaultName>
			<ownModelName>	</ownModelName>
		</properties>
	</entity_14>
	<entity_15>
		<stopLinkStation>	00000000.00000000.00000000.00000000	</stopLinkStation>
		<animation>	</animation>
		<animationEven>	</animationEven>
		<type>	QuestBox	</type>
		<transform>
			<row0>	0.499998 0.000000 0.866020	</row0>
			<row1>	0.000000 1.000000 0.000000	</row1>
			<row2>	-0.866020 0.000000 0.499998	</row2>
			<row3>	-820.717712 29.830051 -677.429749	</row3>
		</transform>
		<clientOnly>	false	</clientOnly>
		<properties>
			<className>	30112006	</className>
			<rediviousTime>	5.000000	</rediviousTime>
			<modelScale>	1.000000	</modelScale>
			<patrolPathNode>	</patrolPathNode>
			<actionDefaultName>	</actionDefaultName>
			<ownModelName>	</ownModelName>
		</properties>
	</entity_15>
	<entity_16>
		<stopLinkStation>	00000000.00000000.00000000.00000000	</stopLinkStation>
		<animation>	</animation>
		<animationEven>	</animationEven>
		<type>	NPCSpawnPoint	</type>
		<transform>
			<row0>	-0.258813 0.000000 -0.965903	</row0>
			<row1>	0.000000 0.999978 0.000000	</row1>
			<row2>	0.965903 0.000000 -0.258813	</row2>
			<row3>	-869.027405 27.585911 -603.047180	</row3>
		</transform>
		<clientOnly>	false	</clientOnly>
		<properties>
			<entityName>	10111345	</entityName>
			<rediviousTime>	86400.000000	</rediviousTime>
			<rediviousTotal>	1	</rediviousTotal>
			<randomWalkRange>	3.000000	</randomWalkRange>
			<patrolList>	</patrolList>
			<lineNumber>	0	</lineNumber>
			<patrolPathNode>	</patrolPathNode>
			<actionDefaultName>	</actionDefaultName>
			<ownModelName>	</ownModelName>
		</properties>
	</entity_16>
	<entity_17>
		<stopLinkStation>	00000000.00000000.00000000.00000000	</stopLinkStation>
		<animation>	</animation>
		<animationEven>	</animationEven>
		<type>	MonsterSpawnPoint	</type>
		<transform>
			<row0>	0.499992 0.000000 -0.866010	</row0>
			<row1>	0.000000 0.999991 0.000000	</row1>
			<row2>	0.866010 0.000000 0.499992	</row2>
			<row3>	-860.288635 32.660103 -660.290527	</row3>
		</transform>
		<clientOnly>	false	</clientOnly>
		<properties>
			<entityName>	20751002	</entityName>
			<rediviousTime>	30.000000	</rediviousTime>
			<rediviousTotal>	1	</rediviousTotal>
			<randomWalkRange>	9.000000	</randomWalkRange>
			<patrolList>	</patrolList>
			<lineNumber>	0	</lineNumber>
			<patrolPathNode>	</patrolPathNode>
			<actionDefaultName>	</actionDefaultName>
			<ownModelName>	</ownModelName>
		</properties>
	</entity_17>
	<entity_18>
		<stopLinkStation>	00000000.00000000.00000000.00000000	</stopLinkStation>
		<animation>	</animation>
		<animationEven>	</animationEven>
		<type>	MonsterSpawnPoint	</type>
		<transform>
			<row0>	0.866011 0.000000 -0.499992	</row0>
			<row1>	0.000000 0.999991 0.000000	</row1>
			<row2>	0.499992 0.000000 0.866011	</row2>
			<row3>	-832.239441 33.101509 -687.985229	</row3>
		</transform>
		<clientOnly>	false	</clientOnly>
		<properties>
			<entityName>	20751002	</entityName>
			<rediviousTime>	30.000000	</rediviousTime>
			<rediviousTotal>	1	</rediviousTotal>
			<randomWalkRange>	9.000000	</randomWalkRange>
			<patrolList>	</patrolList>
			<lineNumber>	0	</lineNumber>
			<patrolPathNode>	</patrolPathNode>
			<actionDefaultName>	</actionDefaultName>
			<ownModelName>	</ownModelName>
		</properties>
	</entity_18>
	<entity_19>
		<stopLinkStation>	00000000.00000000.00000000.00000000	</stopLinkStation>
		<animation>	</animation>
		<animationEven>	</animationEven>
		<type>	MonsterSpawnPoint	</type>
		<transform>
			<row0>	0.499992 0.000000 -0.866011	</row0>
			<row1>	0.000000 0.999991 0.000000	</row1>
			<row2>	0.866011 0.000000 0.499992	</row2>
			<row3>	-874.265198 32.044868 -644.276123	</row3>
		</transform>
		<clientOnly>	false	</clientOnly>
		<properties>
			<entityName>	20751002	</entityName>
			<rediviousTime>	30.000000	</rediviousTime>
			<rediviousTotal>	1	</rediviousTotal>
			<randomWalkRange>	9.000000	</randomWalkRange>
			<patrolList>	</patrolList>
			<lineNumber>	0	</lineNumber>
			<patrolPathNode>	</patrolPathNode>
			<actionDefaultName>	</actionDefaultName>
			<ownModelName>	</ownModelName>
		</properties>
	</entity_19>
	<entity_20>
		<stopLinkStation>	00000000.00000000.00000000.00000000	</stopLinkStation>
		<animation>	</animation>
		<animationEven>	</animationEven>
		<type>	MonsterSpawnPoint	</type>
		<transform>
			<row0>	0.258816 0.000000 0.965913	</row0>
			<row1>	0.000000 0.999994 0.000000	</row1>
			<row2>	-0.965913 0.000000 0.258816	</row2>
			<row3>	-809.058167 29.201145 -622.196838	</row3>
		</transform>
		<clientOnly>	false	</clientOnly>
		<properties>
			<entityName>	20751002	</entityName>
			<rediviousTime>	30.000000	</rediviousTime>
			<rediviousTotal>	1	</rediviousTotal>
			<randomWalkRange>	5.000000	</randomWalkRange>
			<patrolList>	</patrolList>
			<lineNumber>	0	</lineNumber>
			<patrolPathNode>	</patrolPathNode>
			<actionDefaultName>	</actionDefaultName>
			<ownModelName>	</ownModelName>
		</properties>
	</entity_20>
	<entity_21>
		<stopLinkStation>	00000000.00000000.00000000.00000000	</stopLinkStation>
		<animation>	</animation>
		<animationEven>	</animationEven>
		<type>	MonsterSpawnPoint	</type>
		<transform>
			<row0>	-0.258816 0.000000 -0.965914	</row0>
			<row1>	0.000000 0.999994 0.000000	</row1>
			<row2>	0.965914 0.000000 -0.258816	</row2>
			<row3>	-819.523254 29.652317 -609.975159	</row3>
		</transform>
		<clientOnly>	false	</clientOnly>
		<properties>
			<entityName>	20751002	</entityName>
			<rediviousTime>	30.000000	</rediviousTime>
			<rediviousTotal>	1	</rediviousTotal>
			<randomWalkRange>	5.000000	</randomWalkRange>
			<patrolList>	</patrolList>
			<lineNumber>	0	</lineNumber>
			<patrolPathNode>	</patrolPathNode>
			<actionDefaultName>	</actionDefaultName>
			<ownModelName>	</ownModelName>
		</properties>
	</entity_21>
	<entity_22>
		<stopLinkStation>	00000000.00000000.00000000.00000000	</stopLinkStation>
		<animation>	</animation>
		<animationEven>	</animationEven>
		<type>	MonsterSpawnPoint	</type>
		<transform>
			<row0>	-0.707098 0.000000 -0.707098	</row0>
			<row1>	0.000000 0.999994 0.000000	</row1>
			<row2>	0.707098 0.000000 -0.707098	</row2>
			<row3>	-802.063232 29.386692 -604.930786	</row3>
		</transform>
		<clientOnly>	false	</clientOnly>
		<properties>
			<entityName>	20751002	</entityName>
			<rediviousTime>	30.000000	</rediviousTime>
			<rediviousTotal>	1	</rediviousTotal>
			<randomWalkRange>	5.000000	</randomWalkRange>
			<patrolList>	</patrolList>
			<lineNumber>	0	</lineNumber>
			<patrolPathNode>	</patrolPathNode>
			<actionDefaultName>	</actionDefaultName>
			<ownModelName>	</ownModelName>
		</properties>
	</entity_22>
	<entity_23>
		<stopLinkStation>	00000000.00000000.00000000.00000000	</stopLinkStation>
		<animation>	</animation>
		<animationEven>	</animationEven>
		<type>	QuestBox	</type>
		<transform>
			<row0>	-0.500000 0.000000 -0.866023	</row0>
			<row1>	0.000000 1.000000 0.000000	</row1>
			<row2>	0.866023 0.000000 -0.500000	</row2>
			<row3>	-813.139832 29.777317 -609.055908	</row3>
		</transform>
		<clientOnly>	false	</clientOnly>
		<properties>
			<className>	30112005	</className>
			<rediviousTime>	5.000000	</rediviousTime>
			<modelScale>	1.000000	</modelScale>
			<patrolPathNode>	</patrolPathNode>
			<actionDefaultName>	</actionDefaultName>
			<ownModelName>	</ownModelName>
		</properties>
	</entity_23>
	<entity_24>
		<stopLinkStation>	00000000.00000000.00000000.00000000	</stopLinkStation>
		<animation>	</animation>
		<animationEven>	</animationEven>
		<type>	QuestBox	</type>
		<transform>
			<row0>	-0.000002 0.000000 -0.999997	</row0>
			<row1>	0.000000 1.000000 0.000000	</row1>
			<row2>	0.999997 0.000000 -0.000002	</row2>
			<row3>	-801.264771 28.781223 -614.875183	</row3>
		</transform>
		<clientOnly>	false	</clientOnly>
		<properties>
			<className>	30112005	</className>
			<rediviousTime>	5.000000	</rediviousTime>
			<modelScale>	1.000000	</modelScale>
			<patrolPathNode>	</patrolPathNode>
			<actionDefaultName>	</actionDefaultName>
			<ownModelName>	</ownModelName>
		</properties>
	</entity_24>
	<entity_25>
		<stopLinkStation>	00000000.00000000.00000000.00000000	</stopLinkStation>
		<animation>	</animation>
		<animationEven>	</animationEven>
		<type>	QuestBox	</type>
		<transform>
			<row0>	-0.000002 0.000000 -0.999997	</row0>
			<row1>	0.000000 1.000000 0.000000	</row1>
			<row2>	0.999997 0.000000 -0.000002	</row2>
			<row3>	-811.887085 28.273411 -629.360168	</row3>
		</transform>
		<clientOnly>	false	</clientOnly>
		<properties>
			<className>	30112005	</className>
			<rediviousTime>	5.000000	</rediviousTime>
			<modelScale>	1.000000	</modelScale>
			<patrolPathNode>	</patrolPathNode>
			<actionDefaultName>	</actionDefaultName>
			<ownModelName>	</ownModelName>
		</properties>
	</entity_25>
	<entity_26>
		<stopLinkStation>	00000000.00000000.00000000.00000000	</stopLinkStation>
		<animation>	</animation>
		<animationEven>	</animationEven>
		<type>	QuestBox	</type>
		<transform>
			<row0>	-0.965925 0.000000 -0.258818	</row0>
			<row1>	0.000000 1.000000 0.000000	</row1>
			<row2>	0.258818 0.000000 -0.965925	</row2>
			<row3>	-813.108765 29.318333 -622.954224	</row3>
		</transform>
		<clientOnly>	false	</clientOnly>
		<properties>
			<className>	30112005	</className>
			<rediviousTime>	5.000000	</rediviousTime>
			<modelScale>	1.000000	</modelScale>
			<patrolPathNode>	</patrolPathNode>
			<actionDefaultName>	</actionDefaultName>
			<ownModelName>	</ownModelName>
		</properties>
	</entity_26>
	<entity_27>
		<stopLinkStation>	00000000.00000000.00000000.00000000	</stopLinkStation>
		<animation>	</animation>
		<animationEven>	</animationEven>
		<type>	QuestBox	</type>
		<transform>
			<row0>	0.707103 0.000000 -0.707106	</row0>
			<row1>	0.000000 1.000000 0.000000	</row1>
			<row2>	0.707106 0.000000 0.707103	</row2>
			<row3>	-811.009460 29.566380 -619.138855	</row3>
		</transform>
		<clientOnly>	false	</clientOnly>
		<properties>
			<className>	30112005	</className>
			<rediviousTime>	5.000000	</rediviousTime>
			<modelScale>	1.000000	</modelScale>
			<patrolPathNode>	</patrolPathNode>
			<actionDefaultName>	</actionDefaultName>
			<ownModelName>	</ownModelName>
		</properties>
	</entity_27>
	<entity_28>
		<stopLinkStation>	00000000.00000000.00000000.00000000	</stopLinkStation>
		<animation>	</animation>
		<animationEven>	</animationEven>
		<type>	NPCSpawnPoint	</type>
		<transform>
			<row0>	-0.258812 0.000000 -0.965902	</row0>
			<row1>	0.000000 0.999976 0.000000	</row1>
			<row2>	0.965902 0.000000 -0.258812	</row2>
			<row3>	-871.152527 28.013638 -600.494446	</row3>
		</transform>
		<clientOnly>	false	</clientOnly>
		<properties>
			<entityName>	10111349	</entityName>
			<rediviousTime>	86400.000000	</rediviousTime>
			<rediviousTotal>	1	</rediviousTotal>
			<randomWalkRange>	3.000000	</randomWalkRange>
			<patrolList>	</patrolList>
			<lineNumber>	0	</lineNumber>
			<patrolPathNode>	</patrolPathNode>
			<actionDefaultName>	</actionDefaultName>
			<ownModelName>	</ownModelName>
		</properties>
	</entity_28>
	<entity_29>
		<stopLinkStation>	00000000.00000000.00000000.00000000	</stopLinkStation>
		<animation>	</animation>
		<animationEven>	</animationEven>
		<type>	MonsterSpawnPoint	</type>
		<transform>
			<row0>	0.707098 0.000000 -0.707098	</row0>
			<row1>	0.000000 0.999994 0.000000	</row1>
			<row2>	0.707098 0.000000 0.707098	</row2>
			<row3>	-843.135803 28.726274 -592.043945	</row3>
		</transform>
		<clientOnly>	false	</clientOnly>
		<properties>
			<entityName>	20751002	</entityName>
			<rediviousTime>	30.000000	</rediviousTime>
			<rediviousTotal>	1	</rediviousTotal>
			<randomWalkRange>	5.000000	</randomWalkRange>
			<patrolList>	</patrolList>
			<lineNumber>	0	</lineNumber>
			<patrolPathNode>	</patrolPathNode>
			<actionDefaultName>	</actionDefaultName>
			<ownModelName>	</ownModelName>
		</properties>
	</entity_29>
	<entity_30>
		<stopLinkStation>	00000000.00000000.00000000.00000000	</stopLinkStation>
		<animation>	</animation>
		<animationEven>	</animationEven>
		<type>	Flock	</type>
		<transform>
			<row0>	-0.258818 0.000000 -0.965922	</row0>
			<row1>	0.000000 0.999996 0.000000	</row1>
			<row2>	0.965922 0.000000 -0.258818	</row2>
			<row3>	-811.106506 55.232834 -537.168579	</row3>
		</transform>
		<clientOnly>	true	</clientOnly>
		<properties>
			<maxFlightTime>	200.000000	</maxFlightTime>
			<modelFile>	creature/maque/ty_niao_002.model	</modelFile>
			<amount>	3	</amount>
			<modelScale>	1.000000	</modelScale>
			<radius>	20.000000	</radius>
			<approachRadius>	10.000000	</approachRadius>
			<heightClipMin>	-10000000.000000	</heightClipMin>
			<heightClipMax>	10000000.000000	</heightClipMax>
			<yawEnable>	1	</yawEnable>
			<pitchEnable>	1	</pitchEnable>
			<rollEnable>	1	</rollEnable>
			<collisionFraction>	0.500000	</collisionFraction>
			<influenceRadius>	10.000000	</influenceRadius>
			<speed>	0.200000	</speed>
			<stopRadius>	1.000000	</stopRadius>
			<waterHeight>	0.000000	</waterHeight>
			<hardPoint>	</hardPoint>
			<effectID>	</effectID>
			<triggerLoopTime>	12.000000	</triggerLoopTime>
			<actionID>	</actionID>
			<patrolPathNode>	</patrolPathNode>
			<actionDefaultName>	</actionDefaultName>
			<ownModelName>	</ownModelName>
		</properties>
	</entity_30>
	<entity_31>
		<stopLinkStation>	00000000.00000000.00000000.00000000	</stopLinkStation>
		<animation>	</animation>
		<animationEven>	</animationEven>
		<type>	Flock	</type>
		<transform>
			<row0>	0.258818 -0.003253 0.965914	</row0>
			<row1>	-0.000500 0.999988 0.003502	</row1>
			<row2>	-0.965919 -0.001389 0.258815	</row2>
			<row3>	-865.937805 30.200624 -585.273926	</row3>
		</transform>
		<clientOnly>	true	</clientOnly>
		<properties>
			<maxFlightTime>	200.000000	</maxFlightTime>
			<modelFile>	space/tong_yong/dong_wu/dong_wu/ty_hu_die_004.model	</modelFile>
			<amount>	4	</amount>
			<modelScale>	1.000000	</modelScale>
			<radius>	4.000000	</radius>
			<approachRadius>	10.000000	</approachRadius>
			<heightClipMin>	-10000000.000000	</heightClipMin>
			<heightClipMax>	10000000.000000	</heightClipMax>
			<yawEnable>	1	</yawEnable>
			<pitchEnable>	1	</pitchEnable>
			<rollEnable>	1	</rollEnable>
			<collisionFraction>	10.000000	</collisionFraction>
			<influenceRadius>	1.000000	</influenceRadius>
			<speed>	0.030000	</speed>
			<stopRadius>	1.000000	</stopRadius>
			<waterHeight>	0.000000	</waterHeight>
			<hardPoint>	</hardPoint>
			<effectID>	</effectID>
			<triggerLoopTime>	12.000000	</triggerLoopTime>
			<actionID>	</actionID>
			<patrolPathNode>	</patrolPathNode>
			<actionDefaultName>	</actionDefaultName>
			<ownModelName>	</ownModelName>
		</properties>
	</entity_31>
	<entity_32>
		<stopLinkStation>	00000000.00000000.00000000.00000000	</stopLinkStation>
		<animation>	</animation>
		<animationEven>	</animationEven>
		<type>	NPCSpawnPoint	</type>
		<transform>
			<row0>	-0.707090 0.000000 -0.707090	</row0>
			<row1>	0.000000 0.999978 0.000000	</row1>
			<row2>	0.707090 0.000000 -0.707090	</row2>
			<row3>	-869.328003 27.912075 -598.650574	</row3>
		</transform>
		<clientOnly>	false	</clientOnly>
		<properties>
			<entityName>	10111347	</entityName>
			<rediviousTime>	86400.000000	</rediviousTime>
			<rediviousTotal>	1	</rediviousTotal>
			<randomWalkRange>	3.000000	</randomWalkRange>
			<patrolList>	</patrolList>
			<lineNumber>	0	</lineNumber>
			<patrolPathNode>	</patrolPathNode>
			<actionDefaultName>	</actionDefaultName>
			<ownModelName>	</ownModelName>
		</properties>
	</entity_32>
	<entity_33>
		<stopLinkStation>	00000000.00000000.00000000.00000000	</stopLinkStation>
		<animation>	</animation>
		<animationEven>	</animationEven>
		<type>	Flock	</type>
		<transform>
			<row0>	0.965919 -0.000423 0.258817	</row0>
			<row1>	-0.000500 0.999988 0.003502	</row1>
			<row2>	-0.258816 -0.003512 0.965914	</row2>
			<row3>	-855.921204 31.876553 -544.980042	</row3>
		</transform>
		<clientOnly>	true	</clientOnly>
		<properties>
			<maxFlightTime>	200.000000	</maxFlightTime>
			<modelFile>	space/tong_yong/dong_wu/dong_wu/ty_hu_die_004.model	</modelFile>
			<amount>	4	</amount>
			<modelScale>	1.000000	</modelScale>
			<radius>	4.000000	</radius>
			<approachRadius>	10.000000	</approachRadius>
			<heightClipMin>	-10000000.000000	</heightClipMin>
			<heightClipMax>	10000000.000000	</heightClipMax>
			<yawEnable>	1	</yawEnable>
			<pitchEnable>	1	</pitchEnable>
			<rollEnable>	1	</rollEnable>
			<collisionFraction>	10.000000	</collisionFraction>
			<influenceRadius>	1.000000	</influenceRadius>
			<speed>	0.025000	</speed>
			<stopRadius>	1.000000	</stopRadius>
			<waterHeight>	0.000000	</waterHeight>
			<hardPoint>	</hardPoint>
			<effectID>	</effectID>
			<triggerLoopTime>	12.000000	</triggerLoopTime>
			<actionID>	</actionID>
			<patrolPathNode>	</patrolPathNode>
			<actionDefaultName>	</actionDefaultName>
			<ownModelName>	</ownModelName>
		</properties>
	</entity_33>
	<entity_34>
		<stopLinkStation>	00000000.00000000.00000000.00000000	</stopLinkStation>
		<animation>	</animation>
		<animationEven>	</animationEven>
		<type>	MonsterSpawnPoint	</type>
		<transform>
			<row0>	0.000001 0.000000 -0.999981	</row0>
			<row1>	0.000000 0.999989 0.000000	</row1>
			<row2>	0.999981 0.000000 0.000001	</row2>
			<row3>	-879.578430 30.761692 -573.713562	</row3>
		</transform>
		<clientOnly>	false	</clientOnly>
		<properties>
			<entityName>	20751002	</entityName>
			<rediviousTime>	30.000000	</rediviousTime>
			<rediviousTotal>	1	</rediviousTotal>
			<randomWalkRange>	9.000000	</randomWalkRange>
			<patrolList>	</patrolList>
			<lineNumber>	0	</lineNumber>
			<patrolPathNode>	</patrolPathNode>
			<actionDefaultName>	</actionDefaultName>
			<ownModelName>	</ownModelName>
		</properties>
	</entity_34>
	<entity_35>
		<stopLinkStation>	00000000.00000000.00000000.00000000	</stopLinkStation>
		<animation>	</animation>
		<animationEven>	</animationEven>
		<type>	QuestBox	</type>
		<transform>
			<row0>	-0.258820 0.000000 -0.965923	</row0>
			<row1>	0.000000 1.000000 0.000000	</row1>
			<row2>	0.965923 0.000000 -0.258820	</row2>
			<row3>	-821.448975 28.677708 -595.401611	</row3>
		</transform>
		<clientOnly>	false	</clientOnly>
		<properties>
			<className>	30112005	</className>
			<rediviousTime>	5.000000	</rediviousTime>
			<modelScale>	1.000000	</modelScale>
			<patrolPathNode>	</patrolPathNode>
			<actionDefaultName>	</actionDefaultName>
			<ownModelName>	</ownModelName>
		</properties>
	</entity_35>
	<entity_36>
		<stopLinkStation>	00000000.00000000.00000000.00000000	</stopLinkStation>
		<animation>	</animation>
		<animationEven>	</animationEven>
		<type>	QuestBox	</type>
		<transform>
			<row0>	1.000000 0.000000 0.000000	</row0>
			<row1>	0.000000 1.000000 0.000000	</row1>
			<row2>	0.000000 0.000000 1.000000	</row2>
			<row3>	-801.580505 28.720676 -556.969910	</row3>
		</transform>
		<clientOnly>	false	</clientOnly>
		<properties>
			<className>	30111133	</className>
			<rediviousTime>	60.000000	</rediviousTime>
			<modelScale>	1.000000	</modelScale>
			<patrolPathNode>	</patrolPathNode>
			<actionDefaultName>	</actionDefaultName>
			<ownModelName>	</ownModelName>
		</properties>
	</entity_36>
	<entity_37>
		<stopLinkStation>	00000000.00000000.00000000.00000000	</stopLinkStation>
		<animation>	</animation>
		<animationEven>	</animationEven>
		<type>	MonsterSpawnPoint	</type>
		<transform>
			<row0>	1.000000 0.000000 0.000000	</row0>
			<row1>	0.000000 1.000000 0.000000	</row1>
			<row2>	0.000000 0.000000 1.000000	</row2>
			<row3>	-854.988647 30.040997 -531.309265	</row3>
		</transform>
		<clientOnly>	false	</clientOnly>
		<properties>
			<entityName>	20621276	</entityName>
			<rediviousTime>	60.000000	</rediviousTime>
			<rediviousTotal>	1	</rediviousTotal>
			<randomWalkRange>	0.000000	</randomWalkRange>
			<patrolList>	</patrolList>
			<lineNumber>	0	</lineNumber>
			<patrolPathNode>	</patrolPathNode>
			<actionDefaultName>	</actionDefaultName>
			<ownModelName>	</ownModelName>
		</properties>
	</entity_37>
	<entity_38>
		<stopLinkStation>	00000000.00000000.00000000.00000000	</stopLinkStation>
		<animation>	</animation>
		<animationEven>	</animationEven>
		<type>	MonsterSpawnPoint	</type>
		<transform>
			<row0>	0.866010 0.000000 -0.499990	</row0>
			<row1>	0.000000 0.999991 0.000000	</row1>
			<row2>	0.499990 0.000000 0.866010	</row2>
			<row3>	-808.371399 29.244123 -529.523376	</row3>
		</transform>
		<clientOnly>	false	</clientOnly>
		<properties>
			<entityName>	20751002	</entityName>
			<rediviousTime>	30.000000	</rediviousTime>
			<rediviousTotal>	1	</rediviousTotal>
			<randomWalkRange>	9.000000	</randomWalkRange>
			<patrolList>	</patrolList>
			<lineNumber>	0	</lineNumber>
			<patrolPathNode>	</patrolPathNode>
			<actionDefaultName>	</actionDefaultName>
			<ownModelName>	</ownModelName>
		</properties>
	</entity_38>
	<entity_39>
		<stopLinkStation>	00000000.00000000.00000000.00000000	</stopLinkStation>
		<animation>	</animation>
		<animationEven>	</animationEven>
		<type>	MonsterSpawnPoint	</type>
		<transform>
			<row0>	0.707097 0.000000 -0.707098	</row0>
			<row1>	0.000000 0.999994 0.000000	</row1>
			<row2>	0.707098 0.000000 0.707097	</row2>
			<row3>	-809.416931 29.146467 -514.760742	</row3>
		</transform>
		<clientOnly>	false	</clientOnly>
		<properties>
			<entityName>	20751002	</entityName>
			<rediviousTime>	30.000000	</rediviousTime>
			<rediviousTotal>	1	</rediviousTotal>
			<randomWalkRange>	9.000000	</randomWalkRange>
			<patrolList>	</patrolList>
			<lineNumber>	0	</lineNumber>
			<patrolPathNode>	</patrolPathNode>
			<actionDefaultName>	</actionDefaultName>
			<ownModelName>	</ownModelName>
		</properties>
	</entity_39>
	<entity_40>
		<stopLinkStation>	00000000.00000000.00000000.00000000	</stopLinkStation>
		<animation>	</animation>
		<animationEven>	</animationEven>
		<type>	CollectPoint	</type>
		<transform>
			<row0>	1.000000 0.000000 0.000000	</row0>
			<row1>	0.000000 1.000000 0.000000	</row1>
			<row2>	0.000000 0.000000 1.000000	</row2>
			<row3>	-801.871338 28.332026 -502.533997	</row3>
		</transform>
		<clientOnly>	false	</clientOnly>
		<properties>
			<className>	30112041	</className>
			<rediviousTime>	600.000000	</rediviousTime>
			<modelScale>	1.000000	</modelScale>
			<lineNumber>	0	</lineNumber>
			<patrolPathNode>	</patrolPathNode>
			<actionDefaultName>	</actionDefaultName>
			<ownModelName>	</ownModelName>
		</properties>
	</entity_40>
	<entity_41>
		<stopLinkStation>	00000000.00000000.00000000.00000000	</stopLinkStation>
		<animation>	</animation>
		<animationEven>	</animationEven>
		<type>	Flock	</type>
		<transform>
			<row0>	0.999994 0.000500 0.000001	</row0>
			<row1>	-0.000500 0.999989 0.003502	</row1>
			<row2>	0.000001 -0.003502 0.999988	</row2>
			<row3>	-819.090027 34.330479 -485.021210	</row3>
		</transform>
		<clientOnly>	true	</clientOnly>
		<properties>
			<maxFlightTime>	200.000000	</maxFlightTime>
			<modelFile>	space/tong_yong/dong_wu/dong_wu/ty_hu_die_004.model	</modelFile>
			<amount>	4	</amount>
			<modelScale>	1.000000	</modelScale>
			<radius>	4.000000	</radius>
			<approachRadius>	10.000000	</approachRadius>
			<heightClipMin>	-10000000.000000	</heightClipMin>
			<heightClipMax>	10000000.000000	</heightClipMax>
			<yawEnable>	1	</yawEnable>
			<pitchEnable>	1	</pitchEnable>
			<rollEnable>	1	</rollEnable>
			<collisionFraction>	10.000000	</collisionFraction>
			<influenceRadius>	1.000000	</influenceRadius>
			<speed>	0.030000	</speed>
			<stopRadius>	1.000000	</stopRadius>
			<waterHeight>	0.000000	</waterHeight>
			<hardPoint>	</hardPoint>
			<effectID>	</effectID>
			<triggerLoopTime>	12.000000	</triggerLoopTime>
			<actionID>	</actionID>
			<patrolPathNode>	</patrolPathNode>
			<actionDefaultName>	</actionDefaultName>
			<ownModelName>	</ownModelName>
		</properties>
	</entity_41>
	<entity_42>
		<stopLinkStation>	00000000.00000000.00000000.00000000	</stopLinkStation>
		<animation>	</animation>
		<animationEven>	</animationEven>
		<type>	NPCSpawnPoint	</type>
		<transform>
			<row0>	0.965923 0.000000 -0.258818	</row0>
			<row1>	0.000000 0.999997 0.000000	</row1>
			<row2>	0.258818 0.000000 0.965923	</row2>
			<row3>	-831.114624 28.648420 -495.154510	</row3>
		</transform>
		<clientOnly>	false	</clientOnly>
		<properties>
			<entityName>	10121395	</entityName>
			<rediviousTime>	1.000000	</rediviousTime>
			<rediviousTotal>	1	</rediviousTotal>
			<randomWalkRange>	0.000000	</randomWalkRange>
			<patrolList>	</patrolList>
			<lineNumber>	0	</lineNumber>
			<patrolPathNode>	</patrolPathNode>
			<actionDefaultName>	</actionDefaultName>
			<ownModelName>	</ownModelName>
		</properties>
	</entity_42>
	<entity_43>
		<stopLinkStation>	00000000.00000000.00000000.00000000	</stopLinkStation>
		<animation>	</animation>
		<animationEven>	</animationEven>
		<type>	QuestBox	</type>
		<transform>
			<row0>	0.965924 0.000000 0.258818	</row0>
			<row1>	0.000000 0.999997 0.000000	</row1>
			<row2>	-0.258818 0.000000 0.965924	</row2>
			<row3>	-846.138428 30.015608 -489.342804	</row3>
		</transform>
		<clientOnly>	false	</clientOnly>
		<properties>
			<className>	30111193	</className>
			<rediviousTime>	7200.000000	</rediviousTime>
			<patrolPathNode>	</patrolPathNode>
			<actionDefaultName>	</actionDefaultName>
			<ownModelName>	</ownModelName>
		</properties>
	</entity_43>
	<entity_44>
		<stopLinkStation>	00000000.00000000.00000000.00000000	</stopLinkStation>
		<animation>	</animation>
		<animationEven>	</animationEven>
		<type>	Flock	</type>
		<transform>
			<row0>	0.241968 -0.024618 0.969961	</row0>
			<row1>	0.020263 0.999580 0.020317	</row1>
			<row2>	-0.970062 0.014737 0.242367	</row2>
			<row3>	-804.449890 30.306767 -396.325836	</row3>
		</transform>
		<clientOnly>	true	</clientOnly>
		<properties>
			<maxFlightTime>	200.000000	</maxFlightTime>
			<modelFile>	space/tong_yong/dong_wu/dong_wu/ty_hu_die_001.model	</modelFile>
			<amount>	6	</amount>
			<modelScale>	1.000000	</modelScale>
			<radius>	5.000000	</radius>
			<approachRadius>	10.000000	</approachRadius>
			<heightClipMin>	-10000000.000000	</heightClipMin>
			<heightClipMax>	10000000.000000	</heightClipMax>
			<yawEnable>	1	</yawEnable>
			<pitchEnable>	1	</pitchEnable>
			<rollEnable>	1	</rollEnable>
			<collisionFraction>	10.000000	</collisionFraction>
			<influenceRadius>	1.000000	</influenceRadius>
			<speed>	0.030000	</speed>
			<stopRadius>	1.000000	</stopRadius>
			<waterHeight>	0.000000	</waterHeight>
			<hardPoint>	</hardPoint>
			<effectID>	</effectID>
			<triggerLoopTime>	12.000000	</triggerLoopTime>
			<actionID>	</actionID>
			<patrolPathNode>	</patrolPathNode>
			<actionDefaultName>	</actionDefaultName>
			<ownModelName>	</ownModelName>
		</properties>
	</entity_44>
	<entity_45>
		<stopLinkStation>	00000000.00000000.00000000.00000000	</stopLinkStation>
		<animation>	</animation>
		<animationEven>	</animationEven>
		<type>	MonsterSpawnPoint	</type>
		<transform>
			<row0>	-0.965923 0.000000 0.258819	</row0>
			<row1>	0.000000 0.999997 0.000000	</row1>
			<row2>	-0.258819 0.000000 -0.965923	</row2>
			<row3>	-807.757080 28.748030 -367.540771	</row3>
		</transform>
