<root>
	<entity_1>
		<stopLinkStation>	00000000.00000000.00000000.00000000	</stopLinkStation>
		<animation>	</animation>
		<animationEven>	</animationEven>
		<type>	NPCSpawnPoint	</type>
		<transform>
			<row0>	0.965920 -0.000190 -0.258818	</row0>
			<row1>	0.000197 0.999997 0.000000	</row1>
			<row2>	0.258818 -0.000050 0.965920	</row2>
			<row3>	-3.401421 176.761902 -218.474487	</row3>
		</transform>
		<clientOnly>	false	</clientOnly>
		<properties>
			<entityName>	10121228	</entityName>
			<rediviousTime>	60.000000	</rediviousTime>
			<rediviousTotal>	1	</rediviousTotal>
			<randomWalkRange>	0.000000	</randomWalkRange>
			<patrolList>	</patrolList>
			<lineNumber>	0	</lineNumber>
			<patrolPathNode>	</patrolPathNode>
			<actionDefaultName>	</actionDefaultName>
			<ownModelName>	</ownModelName>
		</properties>
	</entity_1>
	<entity_2>
		<stopLinkStation>	00000000.00000000.00000000.00000000	</stopLinkStation>
		<animation>	</animation>
		<animationEven>	</animationEven>
		<type>	MonsterSpawnPoint	</type>
		<transform>
			<row0>	1.000000 0.000000 0.000000	</row0>
			<row1>	0.000000 1.000000 0.000000	</row1>
			<row2>	0.000000 0.000000 1.000000	</row2>
			<row3>	-23.000015 175.999954 -207.000031	</row3>
		</transform>
		<clientOnly>	false	</clientOnly>
		<properties>
			<entityName>	10121803	</entityName>
			<rediviousTime>	60.000000	</rediviousTime>
			<rediviousTotal>	1	</rediviousTotal>
			<randomWalkRange>	3.000000	</randomWalkRange>
			<patrolList>	</patrolList>
			<lineNumber>	0	</lineNumber>
			<patrolPathNode>	</patrolPathNode>
			<actionDefaultName>	</actionDefaultName>
			<ownModelName>	</ownModelName>
		</properties>
	</entity_2>
	<entity_3>
		<stopLinkStation>	00000000.00000000.00000000.00000000	</stopLinkStation>
		<animation>	</animation>
		<animationEven>	</animationEven>
		<type>	MonsterSpawnPoint	</type>
		<transform>
			<row0>	1.000000 0.000000 0.000000	</row0>
			<row1>	0.000000 1.000000 -0.000110	</row1>
			<row2>	0.000000 0.000110 1.000000	</row2>
			<row3>	-36.857525 169.422455 -117.274422	</row3>
		</transform>
		<clientOnly>	false	</clientOnly>
		<link>
			<cameraNode>	831DC436.4AE74A5E.151671BA.03E70249	</cameraNode>
			<startEven>	</startEven>
			<animationTime>	2.554135	</animationTime>
			<magicGuiSound>	</magicGuiSound>
		</link>
		<link>
			<cameraNode>	831DC436.4AE74A5E.151671BA.03E70249	</cameraNode>
			<startEven>	</startEven>
			<animationTime>	2.554135	</animationTime>
			<magicGuiSound>	</magicGuiSound>
		</link>
		<link>
			<cameraNode>	831DC436.4AE74A5E.151671BA.03E70249	</cameraNode>
			<startEven>	</startEven>
			<animationTime>	2.554135	</animationTime>
			<magicGuiSound>	</magicGuiSound>
		</link>
		<link>
			<cameraNode>	831DC436.4AE74A5E.151671BA.03E70249	</cameraNode>
			<startEven>	</startEven>
			<animationTime>	2.554135	</animationTime>
			<magicGuiSound>	</magicGuiSound>
		</link>
		<properties>
			<entityName>	20621302	</entityName>
			<rediviousTime>	60.000000	</rediviousTime>
			<rediviousTotal>	1	</rediviousTotal>
			<randomWalkRange>	3.000000	</randomWalkRange>
			<patrolList>	A98A5BF7.4909FB50.E37D6289.70207CE9	</patrolList>
			<lineNumber>	0	</lineNumber>
			<patrolPathNode>	831DC436.4AE74A5E.151671BA.03E70249	</patrolPathNode>
			<actionDefaultName>	</actionDefaultName>
			<ownModelName>	</ownModelName>
		</properties>
	</entity_3>
	<entity_4>
		<stopLinkStation>	00000000.00000000.00000000.00000000	</stopLinkStation>
		<animation>	</animation>
		<animationEven>	</animationEven>
		<type>	MonsterSpawnPoint	</type>
		<transform>
			<row0>	1.000000 0.000000 0.000000	</row0>
			<row1>	0.000000 1.000000 0.000000	</row1>
			<row2>	0.000000 0.000000 1.000000	</row2>
			<row3>	-37.402267 169.421661 -112.687767	</row3>
		</transform>
		<clientOnly>	false	</clientOnly>
		<link>
			<cameraNode>	831DC436.4AE74A5E.151671BA.03E70249	</cameraNode>
			<startEven>	</startEven>
			<animationTime>	2.554135	</animationTime>
			<magicGuiSound>	</magicGuiSound>
		</link>
		<properties>
			<entityName>	20621302	</entityName>
			<rediviousTime>	60.000000	</rediviousTime>
			<rediviousTotal>	1	</rediviousTotal>
			<randomWalkRange>	3.000000	</randomWalkRange>
			<patrolList>	A98A5BF7.4909FB50.E37D6289.70207CE9	</patrolList>
			<lineNumber>	0	</lineNumber>
			<patrolPathNode>	831DC436.4AE74A5E.151671BA.03E70249	</patrolPathNode>
			<actionDefaultName>	</actionDefaultName>
			<ownModelName>	</ownModelName>
		</properties>
	</entity_4>
	<entity_5>
		<stopLinkStation>	00000000.00000000.00000000.00000000	</stopLinkStation>
		<animation>	</animation>
		<animationEven>	</animationEven>
		<type>	MonsterSpawnPoint	</type>
		<transform>
			<row0>	1.000000 0.000000 0.000000	</row0>
			<row1>	0.000000 1.000000 0.000488	</row1>
			<row2>	0.000000 -0.000488 1.000000	</row2>
			<row3>	-37.103252 169.422073 -114.986504	</row3>
		</transform>
		<clientOnly>	false	</clientOnly>
		<link>
			<cameraNode>	831DC436.4AE74A5E.151671BA.03E70249	</cameraNode>
			<startEven>	</startEven>
			<animationTime>	2.554135	</animationTime>
			<magicGuiSound>	</magicGuiSound>
		</link>
		<link>
			<cameraNode>	831DC436.4AE74A5E.151671BA.03E70249	</cameraNode>
			<startEven>	</startEven>
			<animationTime>	2.554135	</animationTime>
			<magicGuiSound>	</magicGuiSound>
		</link>
		<properties>
			<entityName>	20621302	</entityName>
			<rediviousTime>	60.000000	</rediviousTime>
			<rediviousTotal>	1	</rediviousTotal>
			<randomWalkRange>	3.000000	</randomWalkRange>
			<patrolList>	A98A5BF7.4909FB50.E37D6289.70207CE9	</patrolList>
			<lineNumber>	0	</lineNumber>
			<patrolPathNode>	831DC436.4AE74A5E.151671BA.03E70249	</patrolPathNode>
			<actionDefaultName>	</actionDefaultName>
			<ownModelName>	</ownModelName>
		</properties>
	</entity_5>
	<entity_6>
		<stopLinkStation>	00000000.00000000.00000000.00000000	</stopLinkStation>
		<animation>	</animation>
		<animationEven>	</animationEven>
		<type>	NPCSpawnPoint	</type>
		<transform>
			<row0>	-0.499998 0.000023 -0.866022	</row0>
			<row1>	-0.000161 0.999997 0.000120	</row1>
			<row2>	0.866022 0.000199 -0.499999	</row2>
			<row3>	-45.253220 169.403320 -125.852196	</row3>
		</transform>
		<clientOnly>	false	</clientOnly>
		<properties>
			<entityName>	10121592	</entityName>
			<rediviousTime>	60.000000	</rediviousTime>
			<rediviousTotal>	1	</rediviousTotal>
			<randomWalkRange>	0.000000	</randomWalkRange>
			<patrolList>	</patrolList>
			<lineNumber>	0	</lineNumber>
			<patrolPathNode>	</patrolPathNode>
			<actionDefaultName>	</actionDefaultName>
			<ownModelName>	</ownModelName>
		</properties>
	</entity_6>
	<entity_7>
		<stopLinkStation>	00000000.00000000.00000000.00000000	</stopLinkStation>
		<animation>	</animation>
		<animationEven>	</animationEven>
		<type>	NPCSpawnPoint	</type>
		<transform>
			<row0>	-0.258819 -0.000180 -0.965922	</row0>
			<row1>	0.000274 0.999996 -0.000260	</row1>
			<row2>	0.965922 -0.000332 -0.258818	</row2>
			<row3>	-51.527458 169.403305 -134.758011	</row3>
		</transform>
		<clientOnly>	false	</clientOnly>
		<properties>
			<entityName>	10121591	</entityName>
			<rediviousTime>	60.000000	</rediviousTime>
			<rediviousTotal>	1	</rediviousTotal>
			<randomWalkRange>	0.000000	</randomWalkRange>
			<patrolList>	</patrolList>
			<lineNumber>	0	</lineNumber>
			<patrolPathNode>	</patrolPathNode>
			<actionDefaultName>	</actionDefaultName>
			<ownModelName>	</ownModelName>
		</properties>
	</entity_7>
	<entity_8>
		<stopLinkStation>	00000000.00000000.00000000.00000000	</stopLinkStation>
		<animation>	</animation>
		<animationEven>	</animationEven>
		<type>	NPCSpawnPoint	</type>
		<transform>
			<row0>	-0.866021 -0.000031 -0.499998	</row0>
			<row1>	-0.000033 0.999997 -0.000005	</row1>
			<row2>	0.499998 0.000012 -0.866021	</row2>
			<row3>	-40.781990 169.422272 -116.498756	</row3>
		</transform>
		<clientOnly>	false	</clientOnly>
		<properties>
			<entityName>	10121593	</entityName>
			<rediviousTime>	60.000000	</rediviousTime>
			<rediviousTotal>	1	</rediviousTotal>
			<randomWalkRange>	0.000000	</randomWalkRange>
			<patrolList>	</patrolList>
			<lineNumber>	0	</lineNumber>
			<patrolPathNode>	</patrolPathNode>
			<actionDefaultName>	</actionDefaultName>
			<ownModelName>	</ownModelName>
		</properties>
	</entity_8>
	<entity_9>
		<stopLinkStation>	00000000.00000000.00000000.00000000	</stopLinkStation>
		<animation>	</animation>
		<animationEven>	</animationEven>
		<type>	MonsterSpawnPoint	</type>
		<transform>
			<row0>	1.000000 0.000000 0.000000	</row0>
			<row1>	0.000000 1.000000 0.000000	</row1>
			<row2>	0.000000 0.000000 1.000000	</row2>
			<row3>	-12.857971 177.171448 -195.786011	</row3>
		</transform>
		<clientOnly>	false	</clientOnly>
		<link>
			<cameraNode>	FF8F5C4A.4E80AB58.A73F64BA.73BB6571	</cameraNode>
			<startEven>	</startEven>
			<animationTime>	0.000000	</animationTime>
			<magicGuiSound>	</magicGuiSound>
		</link>
		<properties>
			<entityName>	20621302	</entityName>
			<rediviousTime>	60.000000	</rediviousTime>
			<rediviousTotal>	1	</rediviousTotal>
			<randomWalkRange>	3.000000	</randomWalkRange>
			<patrolList>	A98A5BF7.4909FB50.E37D6289.70207CE9	</patrolList>
			<lineNumber>	0	</lineNumber>
			<patrolPathNode>	FF8F5C4A.4E80AB58.A73F64BA.73BB6571	</patrolPathNode>
			<actionDefaultName>	</actionDefaultName>
			<ownModelName>	</ownModelName>
		</properties>
	</entity_9>
	<entity_10>
		<stopLinkStation>	00000000.00000000.00000000.00000000	</stopLinkStation>
		<animation>	</animation>
		<animationEven>	</animationEven>
		<type>	MonsterSpawnPoint	</type>
		<transform>
			<row0>	0.999370 -0.035498 -0.000246	</row0>
			<row1>	0.035498 0.999274 0.013846	</row1>
			<row2>	-0.000246 -0.013846 0.999904	</row2>
			<row3>	-14.611641 177.183029 -197.059509	</row3>
		</transform>
		<clientOnly>	false	</clientOnly>
		<link>
			<cameraNode>	FF8F5C4A.4E80AB58.A73F64BA.73BB6571	</cameraNode>
			<startEven>	</startEven>
			<animationTime>	0.000000	</animationTime>
			<magicGuiSound>	</magicGuiSound>
		</link>
		<link>
			<cameraNode>	FF8F5C4A.4E80AB58.A73F64BA.73BB6571	</cameraNode>
			<startEven>	</startEven>
			<animationTime>	0.000000	</animationTime>
			<magicGuiSound>	</magicGuiSound>
		</link>
		<properties>
			<entityName>	20621302	</entityName>
			<rediviousTime>	60.000000	</rediviousTime>
			<rediviousTotal>	1	</rediviousTotal>
			<randomWalkRange>	3.000000	</randomWalkRange>
			<patrolList>	A98A5BF7.4909FB50.E37D6289.70207CE9	</patrolList>
			<lineNumber>	0	</lineNumber>
			<patrolPathNode>	FF8F5C4A.4E80AB58.A73F64BA.73BB6571	</patrolPathNode>
			<actionDefaultName>	</actionDefaultName>
			<ownModelName>	</ownModelName>
		</properties>
	</entity_10>
	<entity_11>
		<stopLinkStation>	00000000.00000000.00000000.00000000	</stopLinkStation>
		<animation>	</animation>
		<animationEven>	</animationEven>
		<type>	MonsterSpawnPoint	</type>
		<transform>
			<row0>	0.999389 -0.034946 -0.000238	</row0>
			<row1>	0.034946 0.999296 0.013617	</row1>
			<row2>	-0.000238 -0.013617 0.999907	</row2>
			<row3>	-16.273178 177.059494 -198.605515	</row3>
		</transform>
		<clientOnly>	false	</clientOnly>
		<link>
			<cameraNode>	FF8F5C4A.4E80AB58.A73F64BA.73BB6571	</cameraNode>
			<startEven>	</startEven>
			<animationTime>	0.000000	</animationTime>
			<magicGuiSound>	</magicGuiSound>
		</link>
		<link>
			<cameraNode>	FF8F5C4A.4E80AB58.A73F64BA.73BB6571	</cameraNode>
			<startEven>	</startEven>
			<animationTime>	0.000000	</animationTime>
			<magicGuiSound>	</magicGuiSound>
		</link>
		<link>
			<cameraNode>	FF8F5C4A.4E80AB58.A73F64BA.73BB6571	</cameraNode>
			<startEven>	</startEven>
			<animationTime>	0.000000	</animationTime>
			<magicGuiSound>	</magicGuiSound>
		</link>
		<link>
			<cameraNode>	FF8F5C4A.4E80AB58.A73F64BA.73BB6571	</cameraNode>
			<startEven>	</startEven>
			<animationTime>	0.000000	</animationTime>
			<magicGuiSound>	</magicGuiSound>
		</link>
		<properties>
			<entityName>	20621302	</entityName>
			<rediviousTime>	60.000000	</rediviousTime>
			<rediviousTotal>	1	</rediviousTotal>
			<randomWalkRange>	3.000000	</randomWalkRange>
			<patrolList>	A98A5BF7.4909FB50.E37D6289.70207CE9	</patrolList>
			<lineNumber>	0	</lineNumber>
			<patrolPathNode>	FF8F5C4A.4E80AB58.A73F64BA.73BB6571	</patrolPathNode>
			<actionDefaultName>	</actionDefaultName>
			<ownModelName>	</ownModelName>
		</properties>
	</entity_11>
	<entity_12>
		<stopLinkStation>	00000000.00000000.00000000.00000000	</stopLinkStation>
		<animation>	</animation>
		<animationEven>	</animationEven>
		<type>	MonsterSpawnPoint	</type>
		<transform>
			<row0>	0.865628 -0.023468 -0.500127	</row0>
			<row1>	0.035023 0.999288 0.013727	</row1>
			<row2>	0.499451 -0.029399 0.865837	</row2>
			<row3>	-24.982765 177.238495 -190.944656	</row3>
		</transform>
		<clientOnly>	false	</clientOnly>
		<properties>
			<entityName>	20621304	</entityName>
			<rediviousTime>	60.000000	</rediviousTime>
			<rediviousTotal>	1	</rediviousTotal>
			<randomWalkRange>	0.000000	</randomWalkRange>
			<patrolList>	</patrolList>
			<lineNumber>	0	</lineNumber>
			<patrolPathNode>	</patrolPathNode>
			<actionDefaultName>	</actionDefaultName>
			<ownModelName>	</ownModelName>
		</properties>
	</entity_12>
	<entity_13>
		<stopLinkStation>	00000000.00000000.00000000.00000000	</stopLinkStation>
		<animation>	</animation>
		<animationEven>	</animationEven>
		<type>	MonsterSpawnPoint	</type>
		<transform>
			<row0>	0.865612 -0.023898 -0.500133	</row0>
			<row1>	0.035603 0.999265 0.013872	</row1>
			<row2>	0.499437 -0.029814 0.865831	</row2>
			<row3>	-25.775017 177.093872 -193.018265	</row3>
		</transform>
		<clientOnly>	false	</clientOnly>
		<properties>
			<entityName>	20621304	</entityName>
			<rediviousTime>	60.000000	</rediviousTime>
			<rediviousTotal>	1	</rediviousTotal>
			<randomWalkRange>	0.000000	</randomWalkRange>
			<patrolList>	</patrolList>
			<lineNumber>	0	</lineNumber>
			<patrolPathNode>	</patrolPathNode>
			<actionDefaultName>	</actionDefaultName>
			<ownModelName>	</ownModelName>
		</properties>
	</entity_13>
	<entity_14>
		<stopLinkStation>	00000000.00000000.00000000.00000000	</stopLinkStation>
		<animation>	</animation>
		<animationEven>	</animationEven>
		<type>	MonsterSpawnPoint	</type>
		<transform>
			<row0>	0.865612 -0.023898 -0.500133	</row0>
			<row1>	0.035603 0.999265 0.013872	</row1>
			<row2>	0.499437 -0.029814 0.865831	</row2>
			<row3>	-26.477119 177.042664 -194.929916	</row3>
		</transform>
		<clientOnly>	false	</clientOnly>
		<properties>
			<entityName>	20621304	</entityName>
			<rediviousTime>	60.000000	</rediviousTime>
			<rediviousTotal>	1	</rediviousTotal>
			<randomWalkRange>	0.000000	</randomWalkRange>
			<patrolList>	</patrolList>
			<lineNumber>	0	</lineNumber>
			<patrolPathNode>	</patrolPathNode>
			<actionDefaultName>	</actionDefaultName>
			<ownModelName>	</ownModelName>
		</properties>
	</entity_14>
	<entity_15>
		<stopLinkStation>	00000000.00000000.00000000.00000000	</stopLinkStation>
		<animation>	</animation>
		<animationEven>	</animationEven>
		<type>	MonsterSpawnPoint	</type>
		<transform>
			<row0>	0.865612 -0.023898 -0.500133	</row0>
			<row1>	0.035603 0.999265 0.013872	</row1>
			<row2>	0.499437 -0.029814 0.865831	</row2>
			<row3>	-26.964554 176.954605 -196.763199	</row3>
		</transform>
		<clientOnly>	false	</clientOnly>
		<properties>
			<entityName>	20621304	</entityName>
			<rediviousTime>	60.000000	</rediviousTime>
			<rediviousTotal>	1	</rediviousTotal>
			<randomWalkRange>	0.000000	</randomWalkRange>
			<patrolList>	</patrolList>
			<lineNumber>	0	</lineNumber>
			<patrolPathNode>	</patrolPathNode>
			<actionDefaultName>	</actionDefaultName>
			<ownModelName>	</ownModelName>
		</properties>
	</entity_15>
	<entity_16>
		<stopLinkStation>	00000000.00000000.00000000.00000000	</stopLinkStation>
		<animation>	</animation>
		<animationEven>	</animationEven>
		<type>	MonsterSpawnPoint	</type>
		<transform>
			<row0>	0.258812 -0.001712 -0.965922	</row0>
			<row1>	0.001741 0.999995 -0.001306	</row1>
			<row2>	0.965923 -0.001344 0.258813	</row2>
			<row3>	-12.362762 165.840836 -114.602348	</row3>
		</transform>
		<clientOnly>	false	</clientOnly>
		<properties>
			<entityName>	20621304	</entityName>
			<rediviousTime>	60.000000	</rediviousTime>
			<rediviousTotal>	1	</rediviousTotal>
			<randomWalkRange>	0.000000	</randomWalkRange>
			<patrolList>	</patrolList>
			<lineNumber>	0	</lineNumber>
			<patrolPathNode>	</patrolPathNode>
			<actionDefaultName>	</actionDefaultName>
			<ownModelName>	</ownModelName>
		</properties>
	</entity_16>
	<entity_17>
		<stopLinkStation>	00000000.00000000.00000000.00000000	</stopLinkStation>
		<animation>	</animation>
		<animationEven>	</animationEven>
		<type>	MonsterSpawnPoint	</type>
		<transform>
			<row0>	0.258811 -0.001935 -0.965922	</row0>
			<row1>	0.002053 0.999994 -0.001453	</row1>
			<row2>	0.965922 -0.001607 0.258814	</row2>
			<row3>	-16.220383 165.842682 -106.024590	</row3>
		</transform>
		<clientOnly>	false	</clientOnly>
		<properties>
			<entityName>	20621304	</entityName>
			<rediviousTime>	60.000000	</rediviousTime>
			<rediviousTotal>	1	</rediviousTotal>
			<randomWalkRange>	0.000000	</randomWalkRange>
			<patrolList>	</patrolList>
			<lineNumber>	0	</lineNumber>
			<patrolPathNode>	</patrolPathNode>
			<actionDefaultName>	</actionDefaultName>
			<ownModelName>	</ownModelName>
		</properties>
	</entity_17>
	<entity_18>
		<stopLinkStation>	00000000.00000000.00000000.00000000	</stopLinkStation>
		<animation>	</animation>
		<animationEven>	</animationEven>
		<type>	NPCSpawnPoint	</type>
		<transform>
			<row0>	0.999993 0.003088 0.000493	</row0>
			<row1>	-0.003108 0.964179 0.265227	</row1>
			<row2>	0.000344 -0.265227 0.964185	</row2>
			<row3>	27.758472 178.573715 -223.775696	</row3>
		</transform>
		<clientOnly>	false	</clientOnly>
		<properties>
			<entityName>	10121439	</entityName>
			<rediviousTime>	60.000000	</rediviousTime>
			<rediviousTotal>	1	</rediviousTotal>
			<randomWalkRange>	0.000000	</randomWalkRange>
			<patrolList>	</patrolList>
			<lineNumber>	0	</lineNumber>
			<patrolPathNode>	</patrolPathNode>
			<actionDefaultName>	</actionDefaultName>
			<ownModelName>	</ownModelName>
		</properties>
	</entity_18>
	<entity_19>
		<stopLinkStation>	00000000.00000000.00000000.00000000	</stopLinkStation>
		<animation>	</animation>
		<animationEven>	</animationEven>
		<type>	NPCSpawnPoint	</type>
		<transform>
			<row0>	0.965924 0.000256 0.258818	</row0>
			<row1>	0.000020 0.999998 -0.001064	</row1>
			<row2>	-0.258818 0.001035 0.965923	</row2>
			<row3>	42.090206 177.040451 -218.330688	</row3>
		</transform>
		<clientOnly>	false	</clientOnly>
		<properties>
			<entityName>	10121231	</entityName>
			<rediviousTime>	60.000000	</rediviousTime>
			<rediviousTotal>	1	</rediviousTotal>
			<randomWalkRange>	0.000000	</randomWalkRange>
			<patrolList>	</patrolList>
			<lineNumber>	0	</lineNumber>
			<patrolPathNode>	</patrolPathNode>
			<actionDefaultName>	</actionDefaultName>
			<ownModelName>	</ownModelName>
		</properties>
	</entity_19>
	<entity_20>
		<stopLinkStation>	00000000.00000000.00000000.00000000	</stopLinkStation>
		<animation>	</animation>
		<animationEven>	</animationEven>
		<type>	NPCSpawnPoint	</type>
		<transform>
			<row0>	0.999996 -0.000001 -0.000001	</row0>
			<row1>	0.000001 0.999996 -0.001121	</row1>
			<row2>	0.000001 0.001122 0.999995	</row2>
			<row3>	60.072010 177.039627 -218.003677	</row3>
		</transform>
		<clientOnly>	false	</clientOnly>
		<properties>
			<entityName>	10121232	</entityName>
			<rediviousTime>	60.000000	</rediviousTime>
			<rediviousTotal>	1	</rediviousTotal>
			<randomWalkRange>	0.000000	</randomWalkRange>
			<patrolList>	</patrolList>
			<lineNumber>	0	</lineNumber>
			<patrolPathNode>	</patrolPathNode>
			<actionDefaultName>	</actionDefaultName>
			<ownModelName>	</ownModelName>
		</properties>
	</entity_20>
	<entity_21>
		<stopLinkStation>	00000000.00000000.00000000.00000000	</stopLinkStation>
		<animation>	</animation>
		<animationEven>	</animationEven>
		<type>	NPCSpawnPoint	</type>
		<transform>
			<row0>	0.866021 0.000075 -0.499996	</row0>
			<row1>	-0.000087 0.999995 0.000001	</row1>
			<row2>	0.499996 0.000043 0.866020	</row2>
			<row3>	13.224002 176.756714 -217.696198	</row3>
		</transform>
		<clientOnly>	false	</clientOnly>
		<properties>
			<entityName>	10121233	</entityName>
			<rediviousTime>	60.000000	</rediviousTime>
			<rediviousTotal>	1	</rediviousTotal>
			<randomWalkRange>	0.000000	</randomWalkRange>
			<patrolList>	</patrolList>
			<lineNumber>	0	</lineNumber>
			<patrolPathNode>	</patrolPathNode>
			<actionDefaultName>	</actionDefaultName>
			<ownModelName>	</ownModelName>
		</properties>
	</entity_21>
	<entity_22>
		<stopLinkStation>	00000000.00000000.00000000.00000000	</stopLinkStation>
		<animation>	</animation>
		<animationEven>	</animationEven>
		<type>	NPCSpawnPoint	</type>
		<transform>
			<row0>	0.965920 -0.000190 -0.258818	</row0>
			<row1>	0.000197 0.999997 0.000000	</row1>
			<row2>	0.258818 -0.000050 0.965920	</row2>
			<row3>	5.528191 176.766083 -217.811432	</row3>
		</transform>
		<clientOnly>	false	</clientOnly>
		<properties>
			<entityName>	10121842	</entityName>
			<rediviousTime>	60.000000	</rediviousTime>
			<rediviousTotal>	1	</rediviousTotal>
			<randomWalkRange>	0.000000	</randomWalkRange>
			<patrolList>	</patrolList>
			<lineNumber>	0	</lineNumber>
			<patrolPathNode>	</patrolPathNode>
			<actionDefaultName>	</actionDefaultName>
			<ownModelName>	</ownModelName>
		</properties>
	</entity_22>
	<entity_23>
		<stopLinkStation>	00000000.00000000.00000000.00000000	</stopLinkStation>
		<animation>	</animation>
		<animationEven>	</animationEven>
		<type>	MonsterSpawnPoint	</type>
		<transform>
			<row0>	0.999993 0.000136 0.000018	</row0>
			<row1>	-0.000136 0.999995 -0.001065	</row1>
			<row2>	-0.000017 0.001065 0.999993	</row2>
			<row3>	73.697540 177.167999 -197.186798	</row3>
		</transform>
		<clientOnly>	false	</clientOnly>
		<properties>
			<entityName>	20621304	</entityName>
			<rediviousTime>	60.000000	</rediviousTime>
			<rediviousTotal>	1	</rediviousTotal>
			<randomWalkRange>	0.000000	</randomWalkRange>
			<patrolList>	</patrolList>
			<lineNumber>	0	</lineNumber>
			<patrolPathNode>	</patrolPathNode>
			<actionDefaultName>	</actionDefaultName>
			<ownModelName>	</ownModelName>
		</properties>
	</entity_23>
	<entity_24>
		<stopLinkStation>	00000000.00000000.00000000.00000000	</stopLinkStation>
		<animation>	</animation>
		<animationEven>	</animationEven>
		<type>	MonsterSpawnPoint	</type>
		<transform>
			<row0>	0.866025 0.000000 -0.500000	</row0>
			<row1>	0.000000 1.000000 0.000000	</row1>
			<row2>	0.500000 0.000000 0.866025	</row2>
			<row3>	68.350044 177.259415 -195.890182	</row3>
		</transform>
		<clientOnly>	false	</clientOnly>
		<link>
			<cameraNode>	EB4B76D2.499A4EAF.7F84818C.D4360DCB	</cameraNode>
			<startEven>	</startEven>
			<animationTime>	0.000000	</animationTime>
			<magicGuiSound>	</magicGuiSound>
		</link>
		<properties>
			<entityName>	20621303	</entityName>
			<rediviousTime>	60.000000	</rediviousTime>
			<rediviousTotal>	1	</rediviousTotal>
			<randomWalkRange>	3.000000	</randomWalkRange>
			<patrolList>	3525502A.478DFF7B.3794C69D.6A0DA4F5	</patrolList>
			<lineNumber>	0	</lineNumber>
			<patrolPathNode>	EB4B76D2.499A4EAF.7F84818C.D4360DCB	</patrolPathNode>
			<actionDefaultName>	</actionDefaultName>
			<ownModelName>	</ownModelName>
		</properties>
	</entity_24>
	<entity_25>
		<stopLinkStation>	00000000.00000000.00000000.00000000	</stopLinkStation>
		<animation>	</animation>
		<animationEven>	</animationEven>
		<type>	MonsterSpawnPoint	</type>
		<transform>
			<row0>	0.999995 -0.000246 -0.000005	</row0>
			<row1>	0.000246 0.999997 -0.000191	</row1>
			<row2>	0.000005 0.000191 0.999996	</row2>
			<row3>	35.592430 165.886642 -116.578148	</row3>
		</transform>
		<clientOnly>	false	</clientOnly>
		<properties>
			<entityName>	20621304	</entityName>
			<rediviousTime>	60.000000	</rediviousTime>
			<rediviousTotal>	1	</rediviousTotal>
			<randomWalkRange>	0.000000	</randomWalkRange>
			<patrolList>	</patrolList>
			<lineNumber>	0	</lineNumber>
			<patrolPathNode>	</patrolPathNode>
			<actionDefaultName>	</actionDefaultName>
			<ownModelName>	</ownModelName>
		</properties>
	</entity_25>
	<entity_26>
		<stopLinkStation>	00000000.00000000.00000000.00000000	</stopLinkStation>
		<animation>	</animation>
		<animationEven>	</animationEven>
		<type>	MonsterSpawnPoint	</type>
		<transform>
			<row0>	0.999995 -0.000246 -0.000005	</row0>
			<row1>	0.000246 0.999997 -0.000191	</row1>
			<row2>	0.000005 0.000191 0.999996	</row2>
			<row3>	35.649017 165.862335 -114.608818	</row3>
		</transform>
		<clientOnly>	false	</clientOnly>
		<properties>
			<entityName>	20621304	</entityName>
			<rediviousTime>	60.000000	</rediviousTime>
			<rediviousTotal>	1	</rediviousTotal>
			<randomWalkRange>	0.000000	</randomWalkRange>
			<patrolList>	</patrolList>
			<lineNumber>	0	</lineNumber>
			<patrolPathNode>	</patrolPathNode>
			<actionDefaultName>	</actionDefaultName>
			<ownModelName>	</ownModelName>
		</properties>
	</entity_26>
	<entity_27>
		<stopLinkStation>	00000000.00000000.00000000.00000000	</stopLinkStation>
		<animation>	</animation>
		<animationEven>	</animationEven>
		<type>	MonsterSpawnPoint	</type>
		<transform>
			<row0>	0.999995 0.000027 -0.000005	</row0>
			<row1>	-0.000027 0.999997 0.000021	</row1>
			<row2>	0.000005 -0.000021 0.999996	</row2>
			<row3>	19.810461 165.894348 -113.991562	</row3>
		</transform>
		<clientOnly>	false	</clientOnly>
		<properties>
			<entityName>	20621304	</entityName>
			<rediviousTime>	60.000000	</rediviousTime>
			<rediviousTotal>	1	</rediviousTotal>
			<randomWalkRange>	0.000000	</randomWalkRange>
			<patrolList>	</patrolList>
			<lineNumber>	0	</lineNumber>
			<patrolPathNode>	</patrolPathNode>
			<actionDefaultName>	</actionDefaultName>
			<ownModelName>	</ownModelName>
		</properties>
	</entity_27>
	<entity_28>
		<stopLinkStation>	00000000.00000000.00000000.00000000	</stopLinkStation>
		<animation>	</animation>
		<animationEven>	</animationEven>
		<type>	MonsterSpawnPoint	</type>
		<transform>
			<row0>	0.258800 -0.000544 0.965925	</row0>
			<row1>	-0.000296 0.999996 0.000643	</row1>
			<row2>	-0.965924 -0.000453 0.258799	</row2>
			<row3>	71.516464 165.812119 -111.292915	</row3>
		</transform>
		<clientOnly>	false	</clientOnly>
		<properties>
			<entityName>	20621304	</entityName>
			<rediviousTime>	60.000000	</rediviousTime>
			<rediviousTotal>	1	</rediviousTotal>
			<randomWalkRange>	0.000000	</randomWalkRange>
			<patrolList>	</patrolList>
			<lineNumber>	0	</lineNumber>
			<patrolPathNode>	</patrolPathNode>
			<actionDefaultName>	</actionDefaultName>
			<ownModelName>	</ownModelName>
		</properties>
	</entity_28>
	<entity_29>
		<stopLinkStation>	00000000.00000000.00000000.00000000	</stopLinkStation>
		<animation>	</animation>
		<animationEven>	</animationEven>
		<type>	MonsterSpawnPoint	</type>
		<transform>
			<row0>	0.499980 0.000063 0.866028	</row0>
			<row1>	0.000061 0.999996 -0.000107	</row1>
			<row2>	-0.866028 0.000105 0.499980	</row2>
			<row3>	67.536453 165.968658 -119.432907	</row3>
		</transform>
		<clientOnly>	false	</clientOnly>
		<properties>
			<entityName>	20621304	</entityName>
			<rediviousTime>	60.000000	</rediviousTime>
			<rediviousTotal>	1	</rediviousTotal>
			<randomWalkRange>	0.000000	</randomWalkRange>
			<patrolList>	</patrolList>
			<lineNumber>	0	</lineNumber>
			<patrolPathNode>	</patrolPathNode>
			<actionDefaultName>	</actionDefaultName>
			<ownModelName>	</ownModelName>
		</properties>
	</entity_29>
	<entity_30>
		<stopLinkStation>	00000000.00000000.00000000.00000000	</stopLinkStation>
		<animation>	</animation>
		<animationEven>	</animationEven>
		<type>	NPCObject	</type>
		<transform>
			<row0>	-0.000001 -0.000842 -0.999999	</row0>
			<row1>	0.001217 0.999998 -0.000842	</row1>
			<row2>	0.999998 -0.001218 0.000001	</row2>
			<row3>	93.403038 169.199707 -111.327919	</row3>
		</transform>
		<clientOnly>	false	</clientOnly>
		<properties>
			<className>	30111325	</className>
			<rediviousTime>	60.000000	</rediviousTime>
			<patrolPathNode>	</patrolPathNode>
			<actionDefaultName>	</actionDefaultName>
			<ownModelName>	</ownModelName>
		</properties>
	</entity_30>
	<entity_31>
		<stopLinkStation>	00000000.00000000.00000000.00000000	</stopLinkStation>
		<animation>	</animation>
		<animationEven>	</animationEven>
		<type>	NPCSpawnPoint	</type>
		<transform>
			<row0>	-0.499998 0.001245 0.866023	</row0>
			<row1>	0.001120 0.999997 -0.000790	</row1>
			<row2>	-0.866023 0.000576 -0.499999	</row2>
			<row3>	97.611557 169.301376 -115.802307	</row3>
		</transform>
		<clientOnly>	false	</clientOnly>
		<properties>
			<entityName>	10121595	</entityName>
			<rediviousTime>	60.000000	</rediviousTime>
			<rediviousTotal>	1	</rediviousTotal>
			<randomWalkRange>	0.000000	</randomWalkRange>
			<patrolList>	</patrolList>
			<lineNumber>	0	</lineNumber>
			<patrolPathNode>	</patrolPathNode>
			<actionDefaultName>	</actionDefaultName>
			<ownModelName>	</ownModelName>
		</properties>
	</entity_31>
	<entity_32>
		<stopLinkStation>	00000000.00000000.00000000.00000000	</stopLinkStation>
		<animation>	</animation>
		<animationEven>	</animationEven>
		<type>	NPCSpawnPoint	</type>
		<transform>
			<row0>	-0.499998 0.000709 0.866023	</row0>
			<row1>	0.000564 0.999997 -0.000493	</row1>
			<row2>	-0.866024 0.000243 -0.499999	</row2>
			<row3>	97.892883 169.260452 -130.660416	</row3>
		</transform>
		<clientOnly>	false	</clientOnly>
		<properties>
			<entityName>	10121594	</entityName>
			<rediviousTime>	60.000000	</rediviousTime>
			<rediviousTotal>	1	</rediviousTotal>
			<randomWalkRange>	0.000000	</randomWalkRange>
			<patrolList>	</patrolList>
			<lineNumber>	0	</lineNumber>
			<patrolPathNode>	</patrolPathNode>
			<actionDefaultName>	</actionDefaultName>
			<ownModelName>	</ownModelName>
		</properties>
	</entity_32>
	<entity_33>
		<stopLinkStation>	00000000.00000000.00000000.00000000	</stopLinkStation>
		<animation>	</animation>
		<animationEven>	</animationEven>
		<type>	MonsterSpawnPoint	</type>
		<transform>
			<row0>	0.999999 -0.000567 0.000000	</row0>
			<row1>	0.000567 0.999999 -0.000424	</row1>
			<row2>	0.000000 0.000424 1.000000	</row2>
			<row3>	95.475967 169.305847 -136.910416	</row3>
		</transform>
		<clientOnly>	false	</clientOnly>
		<link>
			<cameraNode>	BCBAD26B.4297F209.6EAA73AF.23E24305	</cameraNode>
			<startEven>	</startEven>
			<animationTime>	2.554135	</animationTime>
			<magicGuiSound>	</magicGuiSound>
		</link>
		<link>
			<cameraNode>	BCBAD26B.4297F209.6EAA73AF.23E24305	</cameraNode>
			<startEven>	</startEven>
			<animationTime>	2.554135	</animationTime>
			<magicGuiSound>	</magicGuiSound>
		</link>
		<link>
			<cameraNode>	BCBAD26B.4297F209.6EAA73AF.23E24305	</cameraNode>
			<startEven>	</startEven>
			<animationTime>	2.554135	</animationTime>
			<magicGuiSound>	</magicGuiSound>
		</link>
		<link>
			<cameraNode>	BCBAD26B.4297F209.6EAA73AF.23E24305	</cameraNode>
			<startEven>	</startEven>
			<animationTime>	2.554135	</animationTime>
			<magicGuiSound>	</magicGuiSound>
		</link>
		<properties>
			<entityName>	20621303	</entityName>
			<rediviousTime>	60.000000	</rediviousTime>
			<rediviousTotal>	1	</rediviousTotal>
			<randomWalkRange>	3.000000	</randomWalkRange>
			<patrolList>	3525502A.478DFF7B.3794C69D.6A0DA4F5	</patrolList>
			<lineNumber>	0	</lineNumber>
			<patrolPathNode>	BCBAD26B.4297F209.6EAA73AF.23E24305	</patrolPathNode>
			<actionDefaultName>	</actionDefaultName>
			<ownModelName>	</ownModelName>
		</properties>
	</entity_33>
	<entity_34>
		<stopLinkStation>	00000000.00000000.00000000.00000000	</stopLinkStation>
		<animation>	</animation>
		<animationEven>	</animationEven>
		<type>	MonsterSpawnPoint	</type>
		<transform>
			<row0>	1.000000 0.000000 0.000000	</row0>
			<row1>	0.000000 1.000000 0.000000	</row1>
			<row2>	0.000000 0.000000 1.000000	</row2>
			<row3>	95.343765 169.235443 -132.317108	</row3>
		</transform>
		<clientOnly>	false	</clientOnly>
		<link>
			<cameraNode>	BCBAD26B.4297F209.6EAA73AF.23E24305	</cameraNode>
			<startEven>	</startEven>
			<animationTime>	2.554135	</animationTime>
			<magicGuiSound>	</magicGuiSound>
		</link>
		<properties>
			<entityName>	20621303	</entityName>
			<rediviousTime>	60.000000	</rediviousTime>
			<rediviousTotal>	1	</rediviousTotal>
			<randomWalkRange>	3.000000	</randomWalkRange>
			<patrolList>	3525502A.478DFF7B.3794C69D.6A0DA4F5	</patrolList>
			<lineNumber>	0	</lineNumber>
			<patrolPathNode>	BCBAD26B.4297F209.6EAA73AF.23E24305	</patrolPathNode>
			<actionDefaultName>	</actionDefaultName>
			<ownModelName>	</ownModelName>
		</properties>
	</entity_34>
	<entity_35>
		<stopLinkStation>	00000000.00000000.00000000.00000000	</stopLinkStation>
		<animation>	</animation>
		<animationEven>	</animationEven>
		<type>	MonsterSpawnPoint	</type>
		<transform>
			<row0>	0.999999 -0.000957 0.000000	</row0>
			<row1>	0.000957 0.999999 -0.000718	</row1>
			<row2>	0.000000 0.000718 1.000000	</row2>
			<row3>	95.329056 169.268082 -134.637604	</row3>
		</transform>
		<clientOnly>	false	</clientOnly>
		<link>
			<cameraNode>	BCBAD26B.4297F209.6EAA73AF.23E24305	</cameraNode>
			<startEven>	</startEven>
			<animationTime>	2.554135	</animationTime>
			<magicGuiSound>	</magicGuiSound>
		</link>
		<link>
			<cameraNode>	BCBAD26B.4297F209.6EAA73AF.23E24305	</cameraNode>
			<startEven>	</startEven>
			<animationTime>	2.554135	</animationTime>
			<magicGuiSound>	</magicGuiSound>
		</link>
		<properties>
			<entityName>	20621303	</entityName>
			<rediviousTime>	60.000000	</rediviousTime>
			<rediviousTotal>	1	</rediviousTotal>
			<randomWalkRange>	3.000000	</randomWalkRange>
			<patrolList>	3525502A.478DFF7B.3794C69D.6A0DA4F5	</patrolList>
			<lineNumber>	0	</lineNumber>
			<patrolPathNode>	BCBAD26B.4297F209.6EAA73AF.23E24305	</patrolPathNode>
			<actionDefaultName>	</actionDefaultName>
			<ownModelName>	</ownModelName>
		</properties>
	</entity_35>
	<entity_36>
		<stopLinkStation>	00000000.00000000.00000000.00000000	</stopLinkStation>
		<animation>	</animation>
		<animationEven>	</animationEven>
		<type>	MonsterSpawnPoint	</type>
		<transform>
			<row0>	0.999995 0.000027 -0.000005	</row0>
			<row1>	-0.000027 0.999997 0.000021	</row1>
			<row2>	0.000005 -0.000021 0.999996	</row2>
			<row3>	19.501089 165.968521 -118.160118	</row3>
		</transform>
		<clientOnly>	false	</clientOnly>
		<properties>
			<entityName>	20621304	</entityName>
			<rediviousTime>	60.000000	</rediviousTime>
			<rediviousTotal>	1	</rediviousTotal>
			<randomWalkRange>	0.000000	</randomWalkRange>
			<patrolList>	</patrolList>
			<lineNumber>	0	</lineNumber>
			<patrolPathNode>	</patrolPathNode>
			<actionDefaultName>	</actionDefaultName>
			<ownModelName>	</ownModelName>
		</properties>
	</entity_36>
	<entity_37>
		<stopLinkStation>	00000000.00000000.00000000.00000000	</stopLinkStation>
		<animation>	</animation>
		<animationEven>	</animationEven>
		<type>	MonsterSpawnPoint	</type>
		<transform>
			<row0>	0.999995 -0.000246 -0.000005	</row0>
			<row1>	0.000246 0.999997 -0.000191	</row1>
			<row2>	0.000005 0.000191 0.999996	</row2>
			<row3>	35.339653 165.889297 -118.777390	</row3>
		</transform>
		<clientOnly>	false	</clientOnly>
		<properties>
			<entityName>	20621304	</entityName>
			<rediviousTime>	60.000000	</rediviousTime>
			<rediviousTotal>	1	</rediviousTotal>
			<randomWalkRange>	0.000000	</randomWalkRange>
			<patrolList>	</patrolList>
			<lineNumber>	0	</lineNumber>
			<patrolPathNode>	</patrolPathNode>
			<actionDefaultName>	</actionDefaultName>
			<ownModelName>	</ownModelName>
		</properties>
	</entity_37>
	<entity_38>
		<stopLinkStation>	00000000.00000000.00000000.00000000	</stopLinkStation>
		<animation>	</animation>
		<animationEven>	</animationEven>
		<type>	MonsterSpawnPoint	</type>
		<transform>
			<row0>	0.999995 0.000027 -0.000005	</row0>
			<row1>	-0.000027 0.999997 0.000021	</row1>
			<row2>	0.000005 -0.000021 0.999996	</row2>
			<row3>	19.753866 165.914749 -115.960892	</row3>
		</transform>
		<clientOnly>	false	</clientOnly>
		<properties>
			<entityName>	20621304	</entityName>
			<rediviousTime>	60.000000	</rediviousTime>
			<rediviousTotal>	1	</rediviousTotal>
			<randomWalkRange>	0.000000	</randomWalkRange>
			<patrolList>	</patrolList>
			<lineNumber>	0	</lineNumber>
			<patrolPathNode>	</patrolPathNode>
			<actionDefaultName>	</actionDefaultName>
			<ownModelName>	</ownModelName>
		</properties>
	</entity_38>
	<entity_39>
		<stopLinkStation>	00000000.00000000.00000000.00000000	</stopLinkStation>
		<animation>	</animation>
		<animationEven>	</animationEven>
		<type>	Flock	</type>
		<transform>
			<row0>	0.999999 0.000000 0.000000	</row0>
			<row1>	0.000000 0.999999 0.000000	</row1>
			<row2>	0.000000 0.000000 0.999999	</row2>
			<row3>	27.920092 208.302841 -145.015305	</row3>
		</transform>
		<clientOnly>	true	</clientOnly>
		<properties>
			<maxFlightTime>	200.000000	</maxFlightTime>
			<modelFile>	space/tong_yong/dong_wu/dong_wu/ty_niao_001.model	</modelFile>
			<amount>	5	</amount>
			<modelScale>	1.000000	</modelScale>
			<radius>	100.000000	</radius>
			<approachRadius>	30.000000	</approachRadius>
			<heightClipMin>	-10000000.000000	</heightClipMin>
			<heightClipMax>	10000000.000000	</heightClipMax>
			<yawEnable>	1	</yawEnable>
			<pitchEnable>	1	</pitchEnable>
			<rollEnable>	1	</rollEnable>
			<collisionFraction>	0.200000	</collisionFraction>
			<influenceRadius>	50.000000	</influenceRadius>
			<speed>	0.150000	</speed>
			<stopRadius>	1.000000	</stopRadius>
			<waterHeight>	0.000000	</waterHeight>
			<hardPoint>	</hardPoint>
			<effectID>	</effectID>
			<triggerLoopTime>	12.000000	</triggerLoopTime>
			<actionID>	</actionID>
			<patrolPathNode>	</patrolPathNode>
			<actionDefaultName>	</actionDefaultName>
			<ownModelName>	</ownModelName>
		</properties>
	</entity_39>
	<entity_40>
		<stopLinkStation>	00000000.00000000.00000000.00000000	</stopLinkStation>
		<animation>	</animation>
		<animationEven>	</animationEven>
		<type>	MonsterSpawnPoint	</type>
		<transform>
			<row0>	0.965914 -0.000079 0.258835	</row0>
			<row1>	0.000321 0.999994 -0.000894	</row1>
			<row2>	-0.258834 0.000947 0.965914	</row2>
			<row3>	74.620461 177.237534 -193.231216	</row3>
		</transform>
		<clientOnly>	false	</clientOnly>
		<properties>
			<entityName>	20621304	</entityName>
			<rediviousTime>	60.000000	</rediviousTime>
			<rediviousTotal>	1	</rediviousTotal>
			<randomWalkRange>	0.000000	</randomWalkRange>
			<patrolList>	</patrolList>
			<lineNumber>	0	</lineNumber>
			<patrolPathNode>	</patrolPathNode>
			<actionDefaultName>	</actionDefaultName>
			<ownModelName>	</ownModelName>
		</properties>
	</entity_40>
	<entity_41>
		<stopLinkStation>	00000000.00000000.00000000.00000000	</stopLinkStation>
		<animation>	</animation>
		<animationEven>	</animationEven>
		<type>	MonsterSpawnPoint	</type>
		<transform>
			<row0>	0.866025 -0.000374 -0.500000	</row0>
			<row1>	0.000000 0.999999 -0.000747	</row1>
			<row2>	0.499999 0.000647 0.866024	</row2>
			<row3>	65.352211 177.168488 -193.997040	</row3>
		</transform>
		<clientOnly>	false	</clientOnly>
		<link>
			<cameraNode>	EB4B76D2.499A4EAF.7F84818C.D4360DCB	</cameraNode>
			<startEven>	</startEven>
			<animationTime>	0.000000	</animationTime>
			<magicGuiSound>	</magicGuiSound>
		</link>
		<link>
			<cameraNode>	EB4B76D2.499A4EAF.7F84818C.D4360DCB	</cameraNode>
			<startEven>	</startEven>
			<animationTime>	0.000000	</animationTime>
			<magicGuiSound>	</magicGuiSound>
		</link>
		<link>
			<cameraNode>	EB4B76D2.499A4EAF.7F84818C.D4360DCB	</cameraNode>
			<startEven>	</startEven>
			<animationTime>	0.000000	</animationTime>
			<magicGuiSound>	</magicGuiSound>
		</link>
		<link>
			<cameraNode>	EB4B76D2.499A4EAF.7F84818C.D4360DCB	</cameraNode>
			<startEven>	</startEven>
			<animationTime>	0.000000	</animationTime>
			<magicGuiSound>	</magicGuiSound>
		</link>
		<properties>
