<root>
	<entity_694>
		<type>	NPCSpawnPoint	</type>
		<transform>
			<row0>	0.999975 0.000000 0.000776	</row0>
			<row1>	0.000000 0.999978 0.000172	</row1>
			<row2>	-0.000776 -0.000172 0.999973	</row2>
			<row3>	33.732437 12.069693 133.178528	</row3>
		</transform>
		<clientOnly>	false	</clientOnly>
		<properties>
			<entityName>	10111539	</entityName>
			<rediviousTime>	86400.000000	</rediviousTime>
			<rediviousTotal>	1	</rediviousTotal>
			<randomWalkRange>	3.000000	</randomWalkRange>
			<patrolList>	</patrolList>
			<lineNumber>	0	</lineNumber>
			<patrolPathNode>	</patrolPathNode>
		</properties>
	</entity_694>
	<entity_757>
		<type>	SpawnPointScheme	</type>
		<transform>
			<row0>	0.258142 0.000000 -0.966095	</row0>
			<row1>	0.000000 0.999993 0.000000	</row1>
			<row2>	0.966094 0.000000 0.258142	</row2>
			<row3>	44.752419 8.081400 -154.462418	</row3>
		</transform>
		<clientOnly>	false	</clientOnly>
		<properties>
			<entityName>	10111573	</entityName>
			<rediviousTime>	86400.000000	</rediviousTime>
			<rediviousTotal>	1	</rediviousTotal>
			<randomWalkRange>	0.000000	</randomWalkRange>
			<patrolList>	614F4C7E.49520E28.8A163C87.6CE3DDE1	</patrolList>
			<lineNumber>	0	</lineNumber>
			<activityKeyStart>	yearMonsterStart	</activityKeyStart>
			<activityKeyEnd>	yearMonsterEnd	</activityKeyEnd>
			<patrolPathNode>	267E2994.4C8D059A.D5F5D9B4.2DB13C55	</patrolPathNode>
		</properties>
	</entity_757>
	<entity_758>
		<type>	SpawnPointScheme	</type>
		<transform>
			<row0>	0.258142 0.000000 -0.966095	</row0>
			<row1>	0.000000 0.999992 0.000000	</row1>
			<row2>	0.966094 0.000000 0.258142	</row2>
			<row3>	42.159260 8.081403 -155.117416	</row3>
		</transform>
		<clientOnly>	false	</clientOnly>
		<properties>
			<entityName>	10111573	</entityName>
			<rediviousTime>	86400.000000	</rediviousTime>
			<rediviousTotal>	1	</rediviousTotal>
			<randomWalkRange>	0.000000	</randomWalkRange>
			<patrolList>	614F4C7E.49520E28.8A163C87.6CE3DDE1	</patrolList>
			<lineNumber>	0	</lineNumber>
			<activityKeyStart>	yearMonsterStart	</activityKeyStart>
			<activityKeyEnd>	yearMonsterEnd	</activityKeyEnd>
			<patrolPathNode>	267E2994.4C8D059A.D5F5D9B4.2DB13C55	</patrolPathNode>
		</properties>
	</entity_758>
	<entity_759>
		<type>	SpawnPointScheme	</type>
		<transform>
			<row0>	0.258142 0.000000 -0.966095	</row0>
			<row1>	0.000000 0.999992 0.000000	</row1>
			<row2>	0.966094 0.000000 0.258142	</row2>
			<row3>	39.654022 8.081400 -155.822937	</row3>
		</transform>
		<clientOnly>	false	</clientOnly>
		<properties>
			<entityName>	10111573	</entityName>
			<rediviousTime>	86400.000000	</rediviousTime>
			<rediviousTotal>	1	</rediviousTotal>
			<randomWalkRange>	0.000000	</randomWalkRange>
			<patrolList>	614F4C7E.49520E28.8A163C87.6CE3DDE1	</patrolList>
			<lineNumber>	0	</lineNumber>
			<activityKeyStart>	yearMonsterStart	</activityKeyStart>
			<activityKeyEnd>	yearMonsterEnd	</activityKeyEnd>
			<patrolPathNode>	267E2994.4C8D059A.D5F5D9B4.2DB13C55	</patrolPathNode>
		</properties>
	</entity_759>
	<entity_760>
		<type>	SpawnPointScheme	</type>
		<transform>
			<row0>	0.258142 0.000000 -0.966095	</row0>
			<row1>	0.000000 0.999992 0.000000	</row1>
			<row2>	0.966094 0.000000 0.258142	</row2>
			<row3>	37.529514 8.081400 -156.481125	</row3>
		</transform>
		<clientOnly>	false	</clientOnly>
		<properties>
			<entityName>	10111573	</entityName>
			<rediviousTime>	86400.000000	</rediviousTime>
			<rediviousTotal>	1	</rediviousTotal>
			<randomWalkRange>	0.000000	</randomWalkRange>
			<patrolList>	614F4C7E.49520E28.8A163C87.6CE3DDE1	</patrolList>
			<lineNumber>	0	</lineNumber>
			<activityKeyStart>	yearMonsterStart	</activityKeyStart>
			<activityKeyEnd>	yearMonsterEnd	</activityKeyEnd>
			<patrolPathNode>	267E2994.4C8D059A.D5F5D9B4.2DB13C55	</patrolPathNode>
		</properties>
	</entity_760>
	<entity_761>
		<type>	SpawnPointScheme	</type>
		<transform>
			<row0>	0.258142 0.000000 -0.966095	</row0>
			<row1>	0.000000 0.999992 0.000000	</row1>
			<row2>	0.966094 0.000000 0.258142	</row2>
			<row3>	35.568626 8.081399 -156.962463	</row3>
		</transform>
		<clientOnly>	false	</clientOnly>
		<properties>
			<entityName>	10111573	</entityName>
			<rediviousTime>	86400.000000	</rediviousTime>
			<rediviousTotal>	1	</rediviousTotal>
			<randomWalkRange>	0.000000	</randomWalkRange>
			<patrolList>	614F4C7E.49520E28.8A163C87.6CE3DDE1	</patrolList>
			<lineNumber>	0	</lineNumber>
			<activityKeyStart>	yearMonsterStart	</activityKeyStart>
			<activityKeyEnd>	yearMonsterEnd	</activityKeyEnd>
			<patrolPathNode>	267E2994.4C8D059A.D5F5D9B4.2DB13C55	</patrolPathNode>
		</properties>
	</entity_761>
	<entity_912>
		<type>	SpawnPointScheme	</type>
		<transform>
			<row0>	-0.966096 0.000000 -0.258142	</row0>
			<row1>	0.000000 0.999993 0.000000	</row1>
			<row2>	0.258142 0.000000 -0.966095	</row2>
			<row3>	11.311389 10.366489 25.857222	</row3>
		</transform>
		<clientOnly>	false	</clientOnly>
		<properties>
			<entityName>	10111573	</entityName>
			<rediviousTime>	86400.000000	</rediviousTime>
			<rediviousTotal>	1	</rediviousTotal>
			<randomWalkRange>	0.000000	</randomWalkRange>
			<patrolList>	614F4C7E.49520E28.8A163C87.6CE3DDE1	</patrolList>
			<lineNumber>	0	</lineNumber>
			<activityKeyStart>	yearMonsterStart	</activityKeyStart>
			<activityKeyEnd>	yearMonsterEnd	</activityKeyEnd>
			<patrolPathNode>	97A47E10.417C1668.2E8728AA.E3F6ADA3	</patrolPathNode>
		</properties>
	</entity_912>
	<entity_913>
		<type>	SpawnPointScheme	</type>
		<transform>
			<row0>	-0.966096 0.000000 -0.258142	</row0>
			<row1>	0.000000 0.999993 0.000000	</row1>
			<row2>	0.258142 0.000000 -0.966095	</row2>
			<row3>	10.594706 10.366491 28.024225	</row3>
		</transform>
		<clientOnly>	false	</clientOnly>
		<properties>
			<entityName>	10111573	</entityName>
			<rediviousTime>	86400.000000	</rediviousTime>
			<rediviousTotal>	1	</rediviousTotal>
			<randomWalkRange>	0.000000	</randomWalkRange>
			<patrolList>	614F4C7E.49520E28.8A163C87.6CE3DDE1	</patrolList>
			<lineNumber>	0	</lineNumber>
			<activityKeyStart>	yearMonsterStart	</activityKeyStart>
			<activityKeyEnd>	yearMonsterEnd	</activityKeyEnd>
			<patrolPathNode>	97A47E10.417C1668.2E8728AA.E3F6ADA3	</patrolPathNode>
		</properties>
	</entity_913>
	<entity_914>
		<type>	SpawnPointScheme	</type>
		<transform>
			<row0>	-0.966096 0.000000 -0.258142	</row0>
			<row1>	0.000000 0.999993 0.000000	</row1>
			<row2>	0.258142 0.000000 -0.966095	</row2>
			<row3>	9.869988 10.366490 30.846373	</row3>
		</transform>
		<clientOnly>	false	</clientOnly>
		<properties>
			<entityName>	10111573	</entityName>
			<rediviousTime>	86400.000000	</rediviousTime>
			<rediviousTotal>	1	</rediviousTotal>
			<randomWalkRange>	0.000000	</randomWalkRange>
			<patrolList>	614F4C7E.49520E28.8A163C87.6CE3DDE1	</patrolList>
			<lineNumber>	0	</lineNumber>
			<activityKeyStart>	yearMonsterStart	</activityKeyStart>
			<activityKeyEnd>	yearMonsterEnd	</activityKeyEnd>
			<patrolPathNode>	97A47E10.417C1668.2E8728AA.E3F6ADA3	</patrolPathNode>
		</properties>
	</entity_914>
	<entity_915>
		<type>	SpawnPointScheme	</type>
		<transform>
			<row0>	-0.966096 0.000000 -0.258142	</row0>
			<row1>	0.000000 0.999993 0.000000	</row1>
			<row2>	0.258142 0.000000 -0.966095	</row2>
			<row3>	9.162616 10.366488 33.430450	</row3>
		</transform>
		<clientOnly>	false	</clientOnly>
		<properties>
			<entityName>	10111573	</entityName>
			<rediviousTime>	86400.000000	</rediviousTime>
			<rediviousTotal>	1	</rediviousTotal>
			<randomWalkRange>	0.000000	</randomWalkRange>
			<patrolList>	614F4C7E.49520E28.8A163C87.6CE3DDE1	</patrolList>
			<lineNumber>	0	</lineNumber>
			<activityKeyStart>	yearMonsterStart	</activityKeyStart>
			<activityKeyEnd>	yearMonsterEnd	</activityKeyEnd>
			<patrolPathNode>	97A47E10.417C1668.2E8728AA.E3F6ADA3	</patrolPathNode>
		</properties>
	</entity_915>
	<entity_916>
		<type>	SpawnPointScheme	</type>
		<transform>
			<row0>	-0.966096 0.000000 -0.258142	</row0>
			<row1>	0.000000 0.999993 0.000000	</row1>
			<row2>	0.258142 0.000000 -0.966095	</row2>
			<row3>	8.437312 10.366488 35.932175	</row3>
		</transform>
		<clientOnly>	false	</clientOnly>
		<properties>
			<entityName>	10111573	</entityName>
			<rediviousTime>	86400.000000	</rediviousTime>
			<rediviousTotal>	1	</rediviousTotal>
			<randomWalkRange>	0.000000	</randomWalkRange>
			<patrolList>	614F4C7E.49520E28.8A163C87.6CE3DDE1	</patrolList>
			<lineNumber>	0	</lineNumber>
			<activityKeyStart>	yearMonsterStart	</activityKeyStart>
			<activityKeyEnd>	yearMonsterEnd	</activityKeyEnd>
			<patrolPathNode>	97A47E10.417C1668.2E8728AA.E3F6ADA3	</patrolPathNode>
		</properties>
	</entity_916>
	<entity_530>
		<type>	SpawnPointScheme	</type>
		<transform>
			<row0>	-0.999989 0.000000 0.000698	</row0>
			<row1>	0.000000 0.999993 0.000000	</row1>
			<row2>	-0.000698 0.000000 -0.999988	</row2>
			<row3>	-43.196972 12.555371 166.627197	</row3>
		</transform>
		<clientOnly>	false	</clientOnly>
		<properties>
			<entityName>	10111572	</entityName>
			<rediviousTime>	86400.000000	</rediviousTime>
			<rediviousTotal>	1	</rediviousTotal>
			<randomWalkRange>	0.000000	</randomWalkRange>
			<patrolList>	</patrolList>
			<lineNumber>	0	</lineNumber>
			<activityKeyStart>	yearMonsterStart	</activityKeyStart>
			<activityKeyEnd>	yearMonsterEnd	</activityKeyEnd>
			<patrolPathNode>	</patrolPathNode>
		</properties>
	</entity_530>
	<entity_531>
		<type>	SpawnPointScheme	</type>
		<transform>
			<row0>	-0.999989 0.000000 0.000698	</row0>
			<row1>	0.000000 0.999993 0.000000	</row1>
			<row2>	-0.000698 0.000000 -0.999988	</row2>
			<row3>	-17.484818 12.555374 166.752411	</row3>
		</transform>
		<clientOnly>	false	</clientOnly>
		<properties>
			<entityName>	10111572	</entityName>
			<rediviousTime>	86400.000000	</rediviousTime>
			<rediviousTotal>	1	</rediviousTotal>
			<randomWalkRange>	0.000000	</randomWalkRange>
			<patrolList>	</patrolList>
			<lineNumber>	0	</lineNumber>
			<activityKeyStart>	yearMonsterStart	</activityKeyStart>
			<activityKeyEnd>	yearMonsterEnd	</activityKeyEnd>
			<patrolPathNode>	</patrolPathNode>
		</properties>
	</entity_531>
	<entity_755>
		<type>	SpawnPointScheme	</type>
		<transform>
			<row0>	0.000666 0.000000 0.999990	</row0>
			<row1>	0.000000 0.999994 0.000000	</row1>
			<row2>	-0.999989 0.000000 0.000667	</row2>
			<row3>	86.940063 8.102423 -176.466110	</row3>
		</transform>
		<clientOnly>	false	</clientOnly>
		<properties>
			<entityName>	10111572	</entityName>
			<rediviousTime>	86400.000000	</rediviousTime>
			<rediviousTotal>	1	</rediviousTotal>
			<randomWalkRange>	0.000000	</randomWalkRange>
			<patrolList>	</patrolList>
			<lineNumber>	0	</lineNumber>
			<activityKeyStart>	yearMonsterStart	</activityKeyStart>
			<activityKeyEnd>	yearMonsterEnd	</activityKeyEnd>
			<patrolPathNode>	</patrolPathNode>
		</properties>
	</entity_755>
	<entity_756>
		<type>	SpawnPointScheme	</type>
		<transform>
			<row0>	-0.000666 0.000000 -0.999989	</row0>
			<row1>	0.000000 0.999993 0.000000	</row1>
			<row2>	0.999988 0.000000 -0.000667	</row2>
			<row3>	69.357574 8.102413 -176.411133	</row3>
		</transform>
		<clientOnly>	false	</clientOnly>
		<properties>
			<entityName>	10111572	</entityName>
			<rediviousTime>	86400.000000	</rediviousTime>
			<rediviousTotal>	1	</rediviousTotal>
			<randomWalkRange>	0.000000	</randomWalkRange>
			<patrolList>	</patrolList>
			<lineNumber>	0	</lineNumber>
			<activityKeyStart>	yearMonsterStart	</activityKeyStart>
			<activityKeyEnd>	yearMonsterEnd	</activityKeyEnd>
			<patrolPathNode>	</patrolPathNode>
		</properties>
	</entity_756>
	<entity_958>
		<type>	SpawnPointScheme	</type>
		<transform>
			<row0>	-0.999989 0.000000 0.000698	</row0>
			<row1>	0.000000 0.999993 0.000000	</row1>
			<row2>	-0.000698 0.000000 -0.999988	</row2>
			<row3>	93.898483 15.228764 166.889648	</row3>
		</transform>
		<clientOnly>	false	</clientOnly>
		<properties>
			<entityName>	10111572	</entityName>
			<rediviousTime>	86400.000000	</rediviousTime>
			<rediviousTotal>	1	</rediviousTotal>
			<randomWalkRange>	0.000000	</randomWalkRange>
			<patrolList>	</patrolList>
			<lineNumber>	0	</lineNumber>
			<activityKeyStart>	yearMonsterStart	</activityKeyStart>
			<activityKeyEnd>	yearMonsterEnd	</activityKeyEnd>
			<patrolPathNode>	</patrolPathNode>
		</properties>
	</entity_958>
	<entity_959>
		<type>	SpawnPointScheme	</type>
		<transform>
			<row0>	-0.999989 0.000000 0.000698	</row0>
			<row1>	0.000000 0.999993 0.000000	</row1>
			<row2>	-0.000698 0.000000 -0.999988	</row2>
			<row3>	60.891769 15.228762 166.383759	</row3>
		</transform>
		<clientOnly>	false	</clientOnly>
		<properties>
			<entityName>	10111572	</entityName>
			<rediviousTime>	86400.000000	</rediviousTime>
			<rediviousTotal>	1	</rediviousTotal>
			<randomWalkRange>	0.000000	</randomWalkRange>
			<patrolList>	</patrolList>
			<lineNumber>	0	</lineNumber>
			<activityKeyStart>	yearMonsterStart	</activityKeyStart>
			<activityKeyEnd>	yearMonsterEnd	</activityKeyEnd>
			<patrolPathNode>	</patrolPathNode>
		</properties>
	</entity_959>
	<entity_960>
		<type>	SpawnPointScheme	</type>
		<transform>
			<row0>	-0.999989 0.000000 0.000698	</row0>
			<row1>	0.000000 0.999993 0.000000	</row1>
			<row2>	-0.000698 0.000000 -0.999988	</row2>
			<row3>	51.980148 15.228762 166.445679	</row3>
		</transform>
		<clientOnly>	false	</clientOnly>
		<properties>
			<entityName>	10111572	</entityName>
			<rediviousTime>	86400.000000	</rediviousTime>
			<rediviousTotal>	1	</rediviousTotal>
			<randomWalkRange>	0.000000	</randomWalkRange>
			<patrolList>	</patrolList>
			<lineNumber>	0	</lineNumber>
			<activityKeyStart>	yearMonsterStart	</activityKeyStart>
			<activityKeyEnd>	yearMonsterEnd	</activityKeyEnd>
			<patrolPathNode>	</patrolPathNode>
		</properties>
	</entity_960>
	<entity_961>
		<type>	SpawnPointScheme	</type>
		<transform>
			<row0>	-0.999989 0.000000 0.000698	</row0>
			<row1>	0.000000 0.999993 0.000000	</row1>
			<row2>	-0.000698 0.000000 -0.999988	</row2>
			<row3>	43.250046 15.228761 166.585358	</row3>
		</transform>
		<clientOnly>	false	</clientOnly>
		<properties>
			<entityName>	10111572	</entityName>
			<rediviousTime>	86400.000000	</rediviousTime>
			<rediviousTotal>	1	</rediviousTotal>
			<randomWalkRange>	0.000000	</randomWalkRange>
			<patrolList>	</patrolList>
			<lineNumber>	0	</lineNumber>
			<activityKeyStart>	yearMonsterStart	</activityKeyStart>
			<activityKeyEnd>	yearMonsterEnd	</activityKeyEnd>
			<patrolPathNode>	</patrolPathNode>
		</properties>
	</entity_961>
	<entity_1194>
		<type>	SpawnPointScheme	</type>
		<transform>
			<row0>	-0.999987 -0.001410 0.000665	</row0>
			<row1>	-0.001408 0.999989 0.002274	</row1>
			<row2>	-0.000668 0.002273 -0.999985	</row2>
			<row3>	146.392502 8.990890 -95.226822	</row3>
		</transform>
		<clientOnly>	false	</clientOnly>
		<properties>
			<entityName>	10111572	</entityName>
			<rediviousTime>	86400.000000	</rediviousTime>
			<rediviousTotal>	1	</rediviousTotal>
			<randomWalkRange>	0.000000	</randomWalkRange>
			<patrolList>	</patrolList>
			<lineNumber>	0	</lineNumber>
			<activityKeyStart>	yearMonsterStart	</activityKeyStart>
			<activityKeyEnd>	yearMonsterEnd	</activityKeyEnd>
			<patrolPathNode>	</patrolPathNode>
		</properties>
	</entity_1194>
	<entity_1309>
		<type>	SpawnPointScheme	</type>
		<transform>
			<row0>	-0.999988 0.000000 0.000698	</row0>
			<row1>	0.000000 0.999993 0.000000	</row1>
			<row2>	-0.000698 0.000000 -0.999988	</row2>
			<row3>	111.322510 15.228758 166.688446	</row3>
		</transform>
		<clientOnly>	false	</clientOnly>
		<properties>
			<entityName>	10111572	</entityName>
			<rediviousTime>	86400.000000	</rediviousTime>
			<rediviousTotal>	1	</rediviousTotal>
			<randomWalkRange>	0.000000	</randomWalkRange>
			<patrolList>	</patrolList>
			<lineNumber>	0	</lineNumber>
			<activityKeyStart>	yearMonsterStart	</activityKeyStart>
			<activityKeyEnd>	yearMonsterEnd	</activityKeyEnd>
			<patrolPathNode>	</patrolPathNode>
		</properties>
	</entity_1309>
	<entity_1310>
		<type>	SpawnPointScheme	</type>
		<transform>
			<row0>	-0.999989 0.000000 0.000698	</row0>
			<row1>	0.000000 0.999993 0.000000	</row1>
			<row2>	-0.000698 0.000000 -0.999988	</row2>
			<row3>	102.859360 15.228760 166.602661	</row3>
		</transform>
		<clientOnly>	false	</clientOnly>
		<properties>
			<entityName>	10111572	</entityName>
			<rediviousTime>	86400.000000	</rediviousTime>
			<rediviousTotal>	1	</rediviousTotal>
			<randomWalkRange>	0.000000	</randomWalkRange>
			<patrolList>	</patrolList>
			<lineNumber>	0	</lineNumber>
			<activityKeyStart>	yearMonsterStart	</activityKeyStart>
			<activityKeyEnd>	yearMonsterEnd	</activityKeyEnd>
			<patrolPathNode>	</patrolPathNode>
		</properties>
	</entity_1310>
	<entity_182>
		<type>	SpawnPointScheme	</type>
		<transform>
			<row0>	-0.707573 0.000000 -0.706633	</row0>
			<row1>	0.000000 0.999997 0.000000	</row1>
			<row2>	0.706632 0.000000 -0.707573	</row2>
			<row3>	42.289433 9.091791 -264.091125	</row3>
		</transform>
		<clientOnly>	false	</clientOnly>
		<properties>
			<entityName>	20711009	</entityName>
			<rediviousTime>	600.000000	</rediviousTime>
			<rediviousTotal>	1	</rediviousTotal>
			<randomWalkRange>	6.000000	</randomWalkRange>
			<patrolList>	</patrolList>
			<lineNumber>	1	</lineNumber>
			<activityKeyStart>	yearMonsterStart	</activityKeyStart>
			<activityKeyEnd>	yearMonsterEnd	</activityKeyEnd>
			<patrolPathNode>	</patrolPathNode>
		</properties>
	</entity_182>
	<entity_183>
		<type>	SpawnPointScheme	</type>
		<transform>
			<row0>	-0.704948 0.048893 0.707562	</row0>
			<row1>	0.068793 0.997626 -0.000397	</row1>
			<row2>	-0.705905 0.048396 -0.706640	</row2>
			<row3>	11.854917 7.593749 -236.321930	</row3>
		</transform>
		<clientOnly>	false	</clientOnly>
		<properties>
			<entityName>	20711009	</entityName>
			<rediviousTime>	600.000000	</rediviousTime>
			<rediviousTotal>	1	</rediviousTotal>
			<randomWalkRange>	6.000000	</randomWalkRange>
			<patrolList>	</patrolList>
			<lineNumber>	1	</lineNumber>
			<activityKeyStart>	yearMonsterStart	</activityKeyStart>
			<activityKeyEnd>	yearMonsterEnd	</activityKeyEnd>
			<patrolPathNode>	</patrolPathNode>
		</properties>
	</entity_183>
	<entity_184>
		<type>	SpawnPointScheme	</type>
		<transform>
			<row0>	0.966094 0.000000 0.258176	</row0>
			<row1>	0.000000 0.999998 0.000000	</row1>
			<row2>	-0.258175 0.000000 0.966093	</row2>
			<row3>	27.126987 8.246088 -229.729630	</row3>
		</transform>
		<clientOnly>	false	</clientOnly>
		<properties>
			<entityName>	20711009	</entityName>
			<rediviousTime>	600.000000	</rediviousTime>
			<rediviousTotal>	1	</rediviousTotal>
			<randomWalkRange>	6.000000	</randomWalkRange>
			<patrolList>	</patrolList>
			<lineNumber>	1	</lineNumber>
			<activityKeyStart>	yearMonsterStart	</activityKeyStart>
			<activityKeyEnd>	yearMonsterEnd	</activityKeyEnd>
			<patrolPathNode>	</patrolPathNode>
		</properties>
	</entity_184>
	<entity_185>
		<type>	SpawnPointScheme	</type>
		<transform>
			<row0>	-0.706632 0.000000 0.707572	</row0>
			<row1>	0.000000 0.999997 0.000000	</row1>
			<row2>	-0.707572 0.000000 -0.706631	</row2>
			<row3>	43.292976 8.054682 -231.916534	</row3>
		</transform>
		<clientOnly>	false	</clientOnly>
		<properties>
			<entityName>	20711009	</entityName>
			<rediviousTime>	600.000000	</rediviousTime>
			<rediviousTotal>	1	</rediviousTotal>
			<randomWalkRange>	6.000000	</randomWalkRange>
			<patrolList>	</patrolList>
			<lineNumber>	1	</lineNumber>
			<activityKeyStart>	yearMonsterStart	</activityKeyStart>
			<activityKeyEnd>	yearMonsterEnd	</activityKeyEnd>
			<patrolPathNode>	</patrolPathNode>
		</properties>
	</entity_185>
	<entity_186>
		<type>	SpawnPointScheme	</type>
		<transform>
			<row0>	-0.706665 -0.007089 0.707505	</row0>
			<row1>	0.009018 0.999775 0.019025	</row1>
			<row2>	-0.707483 0.019825 -0.706443	</row2>
			<row3>	12.152403 7.582026 -250.776382	</row3>
		</transform>
		<clientOnly>	false	</clientOnly>
		<properties>
			<entityName>	20711009	</entityName>
			<rediviousTime>	600.000000	</rediviousTime>
			<rediviousTotal>	1	</rediviousTotal>
			<randomWalkRange>	6.000000	</randomWalkRange>
			<patrolList>	</patrolList>
			<lineNumber>	1	</lineNumber>
			<activityKeyStart>	yearMonsterStart	</activityKeyStart>
			<activityKeyEnd>	yearMonsterEnd	</activityKeyEnd>
			<patrolPathNode>	</patrolPathNode>
		</properties>
	</entity_186>
	<entity_187>
		<type>	SpawnPointScheme	</type>
		<transform>
			<row0>	0.707104 0.000000 0.707104	</row0>
			<row1>	0.000000 0.999998 0.000000	</row1>
			<row2>	-0.707104 0.000000 0.707104	</row2>
			<row3>	53.456287 7.832026 -229.761673	</row3>
		</transform>
		<clientOnly>	false	</clientOnly>
		<properties>
			<entityName>	20711009	</entityName>
			<rediviousTime>	600.000000	</rediviousTime>
			<rediviousTotal>	1	</rediviousTotal>
			<randomWalkRange>	6.000000	</randomWalkRange>
			<patrolList>	</patrolList>
			<lineNumber>	1	</lineNumber>
			<activityKeyStart>	yearMonsterStart	</activityKeyStart>
			<activityKeyEnd>	yearMonsterEnd	</activityKeyEnd>
			<patrolPathNode>	</patrolPathNode>
		</properties>
	</entity_187>
	<entity_188>
		<type>	SpawnPointScheme	</type>
		<transform>
			<row0>	0.259460 0.000000 0.965750	</row0>
			<row1>	0.000000 0.999997 0.000000	</row1>
			<row2>	-0.965749 0.000000 0.259460	</row2>
			<row3>	37.632572 7.865232 -242.460617	</row3>
		</transform>
		<clientOnly>	false	</clientOnly>
		<properties>
			<entityName>	20711009	</entityName>
			<rediviousTime>	600.000000	</rediviousTime>
			<rediviousTotal>	1	</rediviousTotal>
			<randomWalkRange>	6.000000	</randomWalkRange>
			<patrolList>	</patrolList>
			<lineNumber>	1	</lineNumber>
			<activityKeyStart>	yearMonsterStart	</activityKeyStart>
			<activityKeyEnd>	yearMonsterEnd	</activityKeyEnd>
			<patrolPathNode>	</patrolPathNode>
		</properties>
	</entity_188>
	<entity_189>
		<type>	SpawnPointScheme	</type>
		<transform>
			<row0>	0.707568 -0.004184 0.706622	</row0>
			<row1>	0.002033 0.999985 0.003886	</row1>
			<row2>	-0.706631 -0.001313 0.707569	</row2>
			<row3>	26.961834 7.562499 -255.607269	</row3>
		</transform>
		<clientOnly>	false	</clientOnly>
		<properties>
			<entityName>	20711009	</entityName>
			<rediviousTime>	600.000000	</rediviousTime>
			<rediviousTotal>	1	</rediviousTotal>
			<randomWalkRange>	6.000000	</randomWalkRange>
			<patrolList>	</patrolList>
			<lineNumber>	1	</lineNumber>
			<activityKeyStart>	yearMonsterStart	</activityKeyStart>
			<activityKeyEnd>	yearMonsterEnd	</activityKeyEnd>
			<patrolPathNode>	</patrolPathNode>
		</properties>
	</entity_189>
	<entity_190>
		<type>	SpawnPointScheme	</type>
		<transform>
			<row0>	0.258174 0.000000 -0.966090	</row0>
			<row1>	0.000000 0.999994 0.000000	</row1>
			<row2>	0.966089 0.000000 0.258173	</row2>
			<row3>	50.514828 8.367182 -255.043991	</row3>
		</transform>
		<clientOnly>	false	</clientOnly>
		<properties>
			<entityName>	20711009	</entityName>
			<rediviousTime>	600.000000	</rediviousTime>
			<rediviousTotal>	1	</rediviousTotal>
			<randomWalkRange>	6.000000	</randomWalkRange>
			<patrolList>	</patrolList>
			<lineNumber>	1	</lineNumber>
			<activityKeyStart>	yearMonsterStart	</activityKeyStart>
			<activityKeyEnd>	yearMonsterEnd	</activityKeyEnd>
			<patrolPathNode>	</patrolPathNode>
		</properties>
	</entity_190>
	<entity_191>
		<type>	SpawnPointScheme	</type>
		<transform>
			<row0>	0.965745 0.000000 -0.259459	</row0>
			<row1>	0.000000 0.999994 0.000000	</row1>
			<row2>	0.259460 0.000000 0.965745	</row2>
			<row3>	58.620491 7.931640 -241.779053	</row3>
		</transform>
		<clientOnly>	false	</clientOnly>
		<properties>
			<entityName>	20711009	</entityName>
			<rediviousTime>	600.000000	</rediviousTime>
			<rediviousTotal>	1	</rediviousTotal>
			<randomWalkRange>	6.000000	</randomWalkRange>
			<patrolList>	</patrolList>
			<lineNumber>	1	</lineNumber>
			<activityKeyStart>	yearMonsterStart	</activityKeyStart>
			<activityKeyEnd>	yearMonsterEnd	</activityKeyEnd>
			<patrolPathNode>	</patrolPathNode>
		</properties>
	</entity_191>
	<entity_192>
		<type>	SpawnPointScheme	</type>
		<transform>
			<row0>	0.965745 0.000000 -0.259459	</row0>
			<row1>	0.000000 0.999994 0.000000	</row1>
			<row2>	0.259460 0.000000 0.965745	</row2>
			<row3>	27.389910 6.748046 -243.807220	</row3>
		</transform>
		<clientOnly>	false	</clientOnly>
		<properties>
			<entityName>	20754015	</entityName>
			<rediviousTime>	3600.000000	</rediviousTime>
			<rediviousTotal>	1	</rediviousTotal>
			<randomWalkRange>	6.000000	</randomWalkRange>
			<patrolList>	</patrolList>
			<lineNumber>	1	</lineNumber>
			<activityKeyStart>	yearMonsterStart	</activityKeyStart>
			<activityKeyEnd>	yearMonsterEnd	</activityKeyEnd>
			<patrolPathNode>	</patrolPathNode>
		</properties>
	</entity_192>
	<entity_672>
		<type>	SpawnPointScheme	</type>
		<transform>
			<row0>	0.999990 0.000000 -0.000666	</row0>
			<row1>	0.000000 0.999993 0.000000	</row1>
			<row2>	0.000667 0.000000 0.999988	</row2>
			<row3>	85.899994 7.700000 -238.200012	</row3>
		</transform>
		<clientOnly>	false	</clientOnly>
		<properties>
			<entityName>	10111388	</entityName>
			<rediviousTime>	5.000000	</rediviousTime>
			<rediviousTotal>	1	</rediviousTotal>
			<randomWalkRange>	6.000000	</randomWalkRange>
			<patrolList>	</patrolList>
			<lineNumber>	1	</lineNumber>
			<activityKeyStart>	yearMonsterStart	</activityKeyStart>
			<activityKeyEnd>	yearMonsterEnd	</activityKeyEnd>
			<patrolPathNode>	</patrolPathNode>
		</properties>
	</entity_672>
	<entity_673>
		<type>	SpawnPointScheme	</type>
		<transform>
			<row0>	0.999990 0.000000 -0.000666	</row0>
			<row1>	0.000000 0.999993 0.000000	</row1>
			<row2>	0.000667 0.000000 0.999988	</row2>
			<row3>	69.699997 7.700000 -238.300018	</row3>
		</transform>
		<clientOnly>	false	</clientOnly>
		<properties>
			<entityName>	10111388	</entityName>
			<rediviousTime>	5.000000	</rediviousTime>
			<rediviousTotal>	1	</rediviousTotal>
			<randomWalkRange>	6.000000	</randomWalkRange>
			<patrolList>	</patrolList>
			<lineNumber>	1	</lineNumber>
			<activityKeyStart>	yearMonsterStart	</activityKeyStart>
			<activityKeyEnd>	yearMonsterEnd	</activityKeyEnd>
			<patrolPathNode>	</patrolPathNode>
		</properties>
	</entity_673>
	<entity_753>
		<type>	SpawnPointScheme	</type>
		<transform>
			<row0>	0.000000 0.000000 -0.999999	</row0>
			<row1>	0.000000 0.999999 0.000000	</row1>
			<row2>	0.999999 0.000000 0.000000	</row2>
			<row3>	66.399994 8.142576 -119.700005	</row3>
		</transform>
		<clientOnly>	false	</clientOnly>
		<properties>
			<entityName>	10111570	</entityName>
			<rediviousTime>	86400.000000	</rediviousTime>
			<rediviousTotal>	1	</rediviousTotal>
			<randomWalkRange>	3.000000	</randomWalkRange>
			<patrolList>	</patrolList>
			<lineNumber>	0	</lineNumber>
			<activityKeyStart>	minAutStart	</activityKeyStart>
			<activityKeyEnd>	minAutEnd	</activityKeyEnd>
			<patrolPathNode>	</patrolPathNode>
		</properties>
	</entity_753>
	<entity_753>
		<type>	SpawnPointScheme	</type>
		<transform>
			<row0>	-0.073515 0.000000 0.997293	</row0>
			<row1>	0.000000 0.999999 0.000000	</row1>
			<row2>	-0.997293 0.000000 -0.073515	</row2>
			<row3>	89.489166 7.999999 -121.498650	</row3>
		</transform>
		<clientOnly>	false	</clientOnly>
		<properties>
			<entityName>	10111500	</entityName>
			<rediviousTime>	86400.000000	</rediviousTime>
			<rediviousTotal>	1	</rediviousTotal>
			<randomWalkRange>	3.000000	</randomWalkRange>
			<patrolList>	</patrolList>
			<lineNumber>	0	</lineNumber>
			<activityKeyStart>	yearMonsterStart	</activityKeyStart>
			<activityKeyEnd>	yearMonsterEnd	</activityKeyEnd>
			<patrolPathNode>	</patrolPathNode>
		</properties>
	</entity_753>
	<entity_753>
		<type>	SpawnPointScheme	</type>
		<transform>
			<row0>	0.073515 0.000000 -0.997293	</row0>
			<row1>	0.000000 0.999999 0.000000	</row1>
			<row2>	0.997293 0.000000 0.073515	</row2>
			<row3>	66.299995 8.078123 -124.900002	</row3>
		</transform>
		<clientOnly>	false	</clientOnly>
		<properties>
			<entityName>	10111571	</entityName>
			<rediviousTime>	86400.000000	</rediviousTime>
			<rediviousTotal>	1	</rediviousTotal>
			<randomWalkRange>	3.000000	</randomWalkRange>
			<patrolList>	</patrolList>
			<lineNumber>	0	</lineNumber>
			<activityKeyStart>	minAutStart	</activityKeyStart>
			<activityKeyEnd>	minAutEnd	</activityKeyEnd>
			<patrolPathNode>	</patrolPathNode>
		</properties>
	</entity_753>
	<entity_753>
		<type>	SpawnPointScheme	</type>
		<transform>
			<row0>	-0.073515 0.000000 0.997292	</row0>
			<row1>	0.000000 0.999998 0.000000	</row1>
			<row2>	-0.997292 0.000000 -0.073515	</row2>
			<row3>	89.500000 7.999999 -126.400002	</row3>
		</transform>
		<clientOnly>	false	</clientOnly>
		<properties>
			<entityName>	10111568	</entityName>
			<rediviousTime>	86400.000000	</rediviousTime>
			<rediviousTotal>	1	</rediviousTotal>
			<randomWalkRange>	3.000000	</randomWalkRange>
			<patrolList>	</patrolList>
			<lineNumber>	0	</lineNumber>
			<activityKeyStart>	yearMonsterStart	</activityKeyStart>
			<activityKeyEnd>	yearMonsterEnd	</activityKeyEnd>
			<patrolPathNode>	</patrolPathNode>
		</properties>
	</entity_753>
	<entity_1>
		<type>	EnvironmentObject	</type>
		<transform>
			<row0>	0.000001 -0.000001 0.999992	</row0>
			<row1>	-0.546643 0.837357 0.000002	</row1>
			<row2>	-0.837356 -0.546643 0.000001	</row2>
			<row3>	-135.138229 13.505076 -13.198601	</row3>
		</transform>
		<clientOnly>	false	</clientOnly>
		<properties>
			<modelNumber>	gw5543	</modelNumber>
			<modelScale>	0.999992	</modelScale>
			<festival_key>	new_year_env	</festival_key>
			<patrolPathNode>	</patrolPathNode>
		</properties>
	</entity_1>
	<entity_2>
		<type>	EnvironmentObject	</type>
		<transform>
			<row0>	0.000001 0.000000 0.999993	</row0>
			<row1>	0.000000 0.999994 0.000000	</row1>
			<row2>	-0.999993 0.000000 0.000001	</row2>
			<row3>	-135.123260 9.201605 -10.120140	</row3>
		</transform>
		<clientOnly>	false	</clientOnly>
		<properties>
			<modelNumber>	gw5538	</modelNumber>
			<modelScale>	0.999993	</modelScale>
			<festival_key>	new_year_env	</festival_key>
			<patrolPathNode>	</patrolPathNode>
		</properties>
	</entity_2>
	<entity_3>
		<type>	EnvironmentObject	</type>
		<transform>
			<row0>	0.000001 0.000000 0.999994	</row0>
			<row1>	0.000000 0.999995 0.000000	</row1>
			<row2>	-0.999994 0.000000 0.000001	</row2>
			<row3>	-135.125732 9.166114 -16.217148	</row3>
		</transform>
		<clientOnly>	false	</clientOnly>
		<properties>
			<modelNumber>	gw5539	</modelNumber>
			<modelScale>	0.999994	</modelScale>
			<festival_key>	new_year_env	</festival_key>
			<patrolPathNode>	</patrolPathNode>
		</properties>
	</entity_3>
	<entity_4>
		<type>	EnvironmentObject	</type>
		<transform>
			<row0>	0.068463 0.000000 0.997647	</row0>
			<row1>	0.000000 0.999994 0.000000	</row1>
			<row2>	-0.997647 0.000000 0.068463	</row2>
			<row3>	-133.233856 10.174150 -14.372879	</row3>
		</transform>
		<clientOnly>	false	</clientOnly>
		<properties>
			<modelNumber>	gw5535	</modelNumber>
			<modelScale>	0.999993	</modelScale>
			<festival_key>	new_year_env	</festival_key>
			<patrolPathNode>	</patrolPathNode>
		</properties>
	</entity_4>
	<entity_5>
		<type>	EnvironmentObject	</type>
		<transform>
			<row0>	-0.062057 0.000000 0.998065	</row0>
			<row1>	0.000000 0.999994 0.000000	</row1>
			<row2>	-0.998065 0.000000 -0.062057	</row2>
			<row3>	-133.227081 10.177419 -12.003227	</row3>
		</transform>
		<clientOnly>	false	</clientOnly>
		<properties>
			<modelNumber>	gw5534	</modelNumber>
			<modelScale>	0.999992	</modelScale>
			<festival_key>	new_year_env	</festival_key>
			<patrolPathNode>	</patrolPathNode>
		</properties>
	</entity_5>
	<entity_6>
		<type>	EnvironmentObject	</type>
		<transform>
			<row0>	0.866008 -0.000219 -0.499990	</row0>
			<row1>	0.000253 0.999979 0.000000	</row1>
			<row2>	0.499989 -0.000126 0.866006	</row2>
			<row3>	-178.781158 6.004762 -77.901344	</row3>
		</transform>
		<clientOnly>	false	</clientOnly>
		<properties>
			<modelNumber>	gw5544	</modelNumber>
			<modelScale>	0.999980	</modelScale>
			<festival_key>	new_year_env	</festival_key>
			<patrolPathNode>	</patrolPathNode>
		</properties>
	</entity_6>
	<entity_7>
		<type>	EnvironmentObject	</type>
		<transform>
			<row0>	0.866008 0.000080 -0.499990	</row0>
			<row1>	-0.000092 0.999979 0.000000	</row1>
			<row2>	0.499989 0.000046 0.866006	</row2>
			<row3>	-174.825623 5.947687 -80.190094	</row3>
		</transform>
		<clientOnly>	false	</clientOnly>
		<properties>
			<modelNumber>	gw5544	</modelNumber>
			<modelScale>	0.999980	</modelScale>
			<festival_key>	new_year_env	</festival_key>
			<patrolPathNode>	</patrolPathNode>
		</properties>
	</entity_7>
	<entity_8>
		<type>	EnvironmentObject	</type>
		<transform>
			<row0>	0.866008 -0.000219 -0.499990	</row0>
			<row1>	0.000253 0.999979 0.000000	</row1>
			<row2>	0.499989 -0.000126 0.866006	</row2>
			<row3>	-194.553497 5.943542 -68.772339	</row3>
		</transform>
		<clientOnly>	false	</clientOnly>
		<properties>
			<modelNumber>	gw5544	</modelNumber>
			<modelScale>	0.999980	</modelScale>
			<festival_key>	new_year_env	</festival_key>
			<patrolPathNode>	</patrolPathNode>
		</properties>
	</entity_8>
	<entity_9>
		<type>	EnvironmentObject	</type>
		<transform>
			<row0>	0.866008 0.000080 -0.499990	</row0>
			<row1>	-0.000092 0.999979 0.000000	</row1>
			<row2>	0.499989 0.000046 0.866006	</row2>
			<row3>	-190.588531 5.886487 -71.066536	</row3>
		</transform>
		<clientOnly>	false	</clientOnly>
		<properties>
			<modelNumber>	gw5544	</modelNumber>
			<modelScale>	0.999980	</modelScale>
			<festival_key>	new_year_env	</festival_key>
			<patrolPathNode>	</patrolPathNode>
		</properties>
	</entity_9>
	<entity_10>
		<type>	EnvironmentObject	</type>
		<transform>
			<row0>	0.866005 0.000299 -0.499988	</row0>
			<row1>	-0.000345 0.999977 0.000000	</row1>
			<row2>	0.499987 0.000173 0.866003	</row2>
			<row3>	-179.690948 6.947834 -70.072624	</row3>
		</transform>
		<clientOnly>	false	</clientOnly>
		<properties>
			<modelNumber>	gw5544	</modelNumber>
			<modelScale>	0.999976	</modelScale>
			<festival_key>	new_year_env	</festival_key>
			<patrolPathNode>	</patrolPathNode>
		</properties>
	</entity_10>
	<entity_11>
		<type>	EnvironmentObject	</type>
		<transform>
			<row0>	0.866006 0.000000 -0.499989	</row0>
			<row1>	0.000000 0.999977 0.000000	</row1>
			<row2>	0.499988 0.000000 0.866004	</row2>
			<row3>	-183.343704 6.964653 -67.949738	</row3>
		</transform>
		<clientOnly>	false	</clientOnly>
		<properties>
			<modelNumber>	gw5544	</modelNumber>
			<modelScale>	0.999978	</modelScale>
			<festival_key>	new_year_env	</festival_key>
			<patrolPathNode>	</patrolPathNode>
		</properties>
	</entity_11>
	<entity_12>
		<type>	EnvironmentObject	</type>
		<transform>
			<row0>	0.000000 0.000000 0.999979	</row0>
			<row1>	-0.000092 0.999979 0.000000	</row1>
			<row2>	-0.999977 -0.000091 0.000000	</row2>
			<row3>	-135.157425 10.070371 -19.395088	</row3>
		</transform>
		<clientOnly>	false	</clientOnly>
		<properties>
			<modelNumber>	gw5545	</modelNumber>
			<modelScale>	0.999979	</modelScale>
			<festival_key>	new_year_env	</festival_key>
			<patrolPathNode>	</patrolPathNode>
		</properties>
	</entity_12>
	<entity_13>
		<type>	EnvironmentObject	</type>
		<transform>
			<row0>	0.000000 0.000000 0.999979	</row0>
			<row1>	0.000253 0.999978 0.000000	</row1>
			<row2>	-0.999977 0.000254 0.000000	</row2>
			<row3>	-135.128464 10.052334 -6.920021	</row3>
		</transform>
		<clientOnly>	false	</clientOnly>
		<properties>
			<modelNumber>	gw5545	</modelNumber>
			<modelScale>	0.999979	</modelScale>
			<festival_key>	new_year_env	</festival_key>
			<patrolPathNode>	</patrolPathNode>
		</properties>
	</entity_13>
	<entity_14>
		<type>	EnvironmentObject	</type>
		<transform>
			<row0>	0.965803 0.022749 -0.258205	</row0>
			<row1>	-0.009177 0.998503 0.053647	</row1>
			<row2>	0.259043 -0.049444 0.964581	</row2>
			<row3>	-142.708817 7.452302 -6.519218	</row3>
		</transform>
		<clientOnly>	false	</clientOnly>
		<properties>
			<modelNumber>	gw7205	</modelNumber>
			<modelScale>	0.999981	</modelScale>
			<festival_key>	new_year_env	</festival_key>
			<patrolPathNode>	</patrolPathNode>
		</properties>
	</entity_14>
	<entity_15>
		<type>	EnvironmentObject	</type>
		<transform>
			<row0>	-0.799978 0.000000 0.000000	</row0>
			<row1>	0.000000 -0.799978 0.000000	</row1>
			<row2>	0.000000 0.000000 0.799975	</row2>
			<row3>	-143.863205 11.932797 -68.818726	</row3>
		</transform>
		<clientOnly>	false	</clientOnly>
		<properties>
			<modelNumber>	gw5545	</modelNumber>
			<modelScale>	0.799978	</modelScale>
			<festival_key>	new_year_env	</festival_key>
			<patrolPathNode>	</patrolPathNode>
		</properties>
	</entity_15>
	<entity_16>
		<type>	EnvironmentObject	</type>
		<transform>
			<row0>	-0.799979 0.000000 0.000000	</row0>
			<row1>	0.000000 -0.799978 0.000000	</row1>
			<row2>	0.000000 0.000000 0.799977	</row2>
			<row3>	-135.931000 11.912514 -69.024498	</row3>
		</transform>
		<clientOnly>	false	</clientOnly>
		<properties>
			<modelNumber>	gw5545	</modelNumber>
			<modelScale>	0.799979	</modelScale>
			<festival_key>	new_year_env	</festival_key>
			<patrolPathNode>	</patrolPathNode>
		</properties>
	</entity_16>
	<entity_17>
		<type>	EnvironmentObject	</type>
		<transform>
			<row0>	0.799981 0.000000 0.000000	</row0>
			<row1>	0.000000 -0.799980 0.000000	</row1>
			<row2>	0.000000 0.000000 -0.799978	</row2>
			<row3>	-136.216705 11.395804 -38.849113	</row3>
		</transform>
		<clientOnly>	false	</clientOnly>
		<properties>
			<modelNumber>	gw5545	</modelNumber>
			<modelScale>	0.799981	</modelScale>
			<festival_key>	new_year_env	</festival_key>
			<patrolPathNode>	</patrolPathNode>
		</properties>
	</entity_17>
	<entity_18>
		<type>	EnvironmentObject	</type>
		<transform>
			<row0>	0.799982 0.000000 0.000000	</row0>
			<row1>	0.000000 -0.799981 -0.000001	</row1>
			<row2>	0.000000 0.000001 -0.799981	</row2>
			<row3>	-144.676819 11.106809 -41.491798	</row3>
		</transform>
		<clientOnly>	false	</clientOnly>
		<properties>
			<modelNumber>	gw5544	</modelNumber>
			<modelScale>	0.799982	</modelScale>
			<festival_key>	new_year_env	</festival_key>
			<patrolPathNode>	</patrolPathNode>
		</properties>
	</entity_18>
	<entity_19>
		<type>	EnvironmentObject	</type>
		<transform>
			<row0>	0.000000 0.000000 0.999983	</row0>
			<row1>	-0.000345 0.999983 0.000000	</row1>
			<row2>	-0.999981 -0.000345 0.000000	</row2>
			<row3>	-136.803406 10.976013 -17.229446	</row3>
		</transform>
		<clientOnly>	false	</clientOnly>
		<properties>
			<modelNumber>	gw5214	</modelNumber>
			<modelScale>	0.999984	</modelScale>
			<festival_key>	new_year_env	</festival_key>
			<patrolPathNode>	</patrolPathNode>
		</properties>
	</entity_19>
	<entity_20>
		<type>	EnvironmentObject	</type>
		<transform>
			<row0>	0.000000 0.000000 0.999983	</row0>
			<row1>	0.000000 0.999982 0.000000	</row1>
			<row2>	-0.999980 0.000000 0.000000	</row2>
			<row3>	-136.835495 10.956152 -9.155624	</row3>
		</transform>
		<clientOnly>	false	</clientOnly>
		<properties>
			<modelNumber>	gw5214	</modelNumber>
			<modelScale>	0.999984	</modelScale>
			<festival_key>	new_year_env	</festival_key>
			<patrolPathNode>	</patrolPathNode>
		</properties>
	</entity_20>
	<entity_21>
		<type>	EnvironmentObject	</type>
		<transform>
			<row0>	0.866007 0.000000 -0.499990	</row0>
			<row1>	0.000000 0.999979 0.000000	</row1>
			<row2>	0.499989 0.000000 0.866006	</row2>
			<row3>	-180.210892 6.217479 -61.845852	</row3>
		</transform>
		<clientOnly>	false	</clientOnly>
		<properties>
			<modelNumber>	gw5214	</modelNumber>
			<modelScale>	0.999980	</modelScale>
			<festival_key>	new_year_env	</festival_key>
			<patrolPathNode>	</patrolPathNode>
		</properties>
	</entity_21>
	<entity_22>
		<type>	EnvironmentObject	</type>
		<transform>
			<row0>	0.866008 0.000299 -0.499990	</row0>
			<row1>	-0.000345 0.999979 0.000000	</row1>
			<row2>	0.499989 0.000172 0.866006	</row2>
