<root>
	<entity_1>
		<type>	Flock	</type>
		<transform>
			<row0>	0.258817 0.000000 0.965923	</row0>
			<row1>	0.000000 0.999997 0.000000	</row1>
			<row2>	-0.965923 0.000000 0.258817	</row2>
			<row3>	-230.164749 43.738110 -132.667328	</row3>
		</transform>
		<clientOnly>	true	</clientOnly>
		<properties>
			<maxFlightTime>	200.000000	</maxFlightTime>
			<modelFile>	space/tong_yong/dong_wu/dong_wu/ty_sha_yu_002.model	</modelFile>
			<amount>	1	</amount>
			<modelScale>	1.000000	</modelScale>
			<radius>	20.000000	</radius>
			<approachRadius>	10.000000	</approachRadius>
			<collisionFraction>	0.700000	</collisionFraction>
			<influenceRadius>	15.000000	</influenceRadius>
			<speed>	0.100000	</speed>
			<stopRadius>	1.000000	</stopRadius>
			<patrolPathNode>	</patrolPathNode>
		</properties>
	</entity_1>
	<entity_2>
		<type>	Flock	</type>
		<transform>
			<row0>	-0.258882 0.006226 0.965882	</row0>
			<row1>	-0.022204 0.999670 -0.012394	</row1>
			<row2>	-0.965646 -0.024656 -0.258660	</row2>
			<row3>	-202.961319 -1.691100 145.198471	</row3>
		</transform>
		<clientOnly>	true	</clientOnly>
		<properties>
			<maxFlightTime>	200.000000	</maxFlightTime>
			<modelFile>	space/tong_yong/dong_wu/dong_wu/ty_yu_006.model	</modelFile>
			<amount>	10	</amount>
			<modelScale>	1.000000	</modelScale>
			<radius>	20.000000	</radius>
			<approachRadius>	10.000000	</approachRadius>
			<collisionFraction>	0.700000	</collisionFraction>
			<influenceRadius>	15.000000	</influenceRadius>
			<speed>	0.100000	</speed>
			<stopRadius>	1.000000	</stopRadius>
			<patrolPathNode>	</patrolPathNode>
		</properties>
	</entity_2>
	<entity_3>
		<type>	Flock	</type>
		<transform>
			<row0>	0.258891 -0.006631 -0.965877	</row0>
			<row1>	-0.021890 0.999673 -0.012731	</row1>
			<row2>	0.965652 0.024440 0.258663	</row2>
			<row3>	-205.818665 -25.822664 148.929688	</row3>
		</transform>
		<clientOnly>	true	</clientOnly>
		<properties>
			<maxFlightTime>	200.000000	</maxFlightTime>
			<modelFile>	space/tong_yong/dong_wu/dong_wu/ty_hai_gui_001.model	</modelFile>
			<amount>	1	</amount>
			<modelScale>	1.000000	</modelScale>
			<radius>	20.000000	</radius>
			<approachRadius>	10.000000	</approachRadius>
			<collisionFraction>	0.700000	</collisionFraction>
			<influenceRadius>	15.000000	</influenceRadius>
			<speed>	0.100000	</speed>
			<stopRadius>	1.000000	</stopRadius>
			<patrolPathNode>	</patrolPathNode>
		</properties>
	</entity_3>
	<entity_4>
		<type>	Flock	</type>
		<transform>
			<row0>	-0.707111 0.000000 0.707088	</row0>
			<row1>	0.000000 0.999991 0.000000	</row1>
			<row2>	-0.707088 0.000000 -0.707111	</row2>
			<row3>	-141.611328 12.183706 -51.538666	</row3>
		</transform>
		<clientOnly>	true	</clientOnly>
		<properties>
			<maxFlightTime>	200.000000	</maxFlightTime>
			<modelFile>	space/tong_yong/dong_wu/dong_wu/ty_hai_gui_001.model	</modelFile>
			<amount>	1	</amount>
			<modelScale>	1.000000	</modelScale>
			<radius>	10.000000	</radius>
			<approachRadius>	10.000000	</approachRadius>
			<collisionFraction>	0.500000	</collisionFraction>
			<influenceRadius>	10.000000	</influenceRadius>
			<speed>	0.200000	</speed>
			<stopRadius>	1.000000	</stopRadius>
			<patrolPathNode>	</patrolPathNode>
		</properties>
	</entity_4>
	<entity_5>
		<type>	Flock	</type>
		<transform>
			<row0>	-0.999995 0.000000 -0.000001	</row0>
			<row1>	0.000000 0.999996 0.000000	</row1>
			<row2>	0.000001 0.000000 -0.999995	</row2>
			<row3>	-172.102188 14.920662 -34.733414	</row3>
		</transform>
		<clientOnly>	true	</clientOnly>
		<properties>
			<maxFlightTime>	200.000000	</maxFlightTime>
			<modelFile>	space/tong_yong/dong_wu/dong_wu/ty_yu_001.model	</modelFile>
			<amount>	10	</amount>
			<modelScale>	1.000000	</modelScale>
			<radius>	20.000000	</radius>
			<approachRadius>	10.000000	</approachRadius>
			<collisionFraction>	0.700000	</collisionFraction>
			<influenceRadius>	15.000000	</influenceRadius>
			<speed>	0.100000	</speed>
			<stopRadius>	1.000000	</stopRadius>
			<patrolPathNode>	</patrolPathNode>
		</properties>
	</entity_5>
	<entity_6>
		<type>	Flock	</type>
		<transform>
			<row0>	-0.965652 -0.024438 -0.258663	</row0>
			<row1>	-0.021890 0.999674 -0.012731	</row1>
			<row2>	0.258891 -0.006631 -0.965878	</row2>
			<row3>	-177.714676 30.364544 -73.188858	</row3>
		</transform>
		<clientOnly>	true	</clientOnly>
		<properties>
			<maxFlightTime>	200.000000	</maxFlightTime>
			<modelFile>	space/tong_yong/dong_wu/dong_wu/ty_yu_004.model	</modelFile>
			<amount>	10	</amount>
			<modelScale>	1.000000	</modelScale>
			<radius>	20.000000	</radius>
			<approachRadius>	10.000000	</approachRadius>
			<collisionFraction>	0.700000	</collisionFraction>
			<influenceRadius>	15.000000	</influenceRadius>
			<speed>	0.100000	</speed>
			<stopRadius>	1.000000	</stopRadius>
			<patrolPathNode>	</patrolPathNode>
		</properties>
	</entity_6>
	<entity_7>
		<type>	Flock	</type>
		<transform>
			<row0>	0.499997 0.000000 0.866022	</row0>
			<row1>	0.000000 0.999996 0.000000	</row1>
			<row2>	-0.866022 0.000000 0.499997	</row2>
			<row3>	-153.444443 62.881447 -4.384506	</row3>
		</transform>
		<clientOnly>	true	</clientOnly>
		<properties>
			<maxFlightTime>	200.000000	</maxFlightTime>
			<modelFile>	space/tong_yong/dong_wu/dong_wu/ty_sha_yu_002.model	</modelFile>
			<amount>	1	</amount>
			<modelScale>	1.000000	</modelScale>
			<radius>	20.000000	</radius>
			<approachRadius>	10.000000	</approachRadius>
			<collisionFraction>	0.700000	</collisionFraction>
			<influenceRadius>	15.000000	</influenceRadius>
			<speed>	0.100000	</speed>
			<stopRadius>	1.000000	</stopRadius>
			<patrolPathNode>	</patrolPathNode>
		</properties>
	</entity_7>
	<entity_8>
		<type>	Flock	</type>
		<transform>
			<row0>	-0.707103 0.000000 0.707099	</row0>
			<row1>	0.000000 0.999993 0.000000	</row1>
			<row2>	-0.707099 0.000000 -0.707103	</row2>
			<row3>	-147.873932 48.455017 -25.772308	</row3>
		</transform>
		<clientOnly>	true	</clientOnly>
		<properties>
			<maxFlightTime>	200.000000	</maxFlightTime>
			<modelFile>	space/tong_yong/dong_wu/dong_wu/ty_yu_001.model	</modelFile>
			<amount>	10	</amount>
			<modelScale>	1.000000	</modelScale>
			<radius>	20.000000	</radius>
			<approachRadius>	10.000000	</approachRadius>
			<collisionFraction>	0.700000	</collisionFraction>
			<influenceRadius>	15.000000	</influenceRadius>
			<speed>	0.100000	</speed>
			<stopRadius>	1.000000	</stopRadius>
			<patrolPathNode>	</patrolPathNode>
		</properties>
	</entity_8>
	<entity_9>
		<type>	Flock	</type>
		<transform>
			<row0>	-0.865743 -0.025322 -0.499837	</row0>
			<row1>	-0.021890 0.999674 -0.012731	</row1>
			<row2>	0.499999 -0.000080 -0.866020	</row2>
			<row3>	-149.454102 14.197991 -61.320553	</row3>
		</transform>
		<clientOnly>	true	</clientOnly>
		<properties>
			<maxFlightTime>	200.000000	</maxFlightTime>
			<modelFile>	space/tong_yong/dong_wu/dong_wu/ty_yu_004.model	</modelFile>
			<amount>	10	</amount>
			<modelScale>	1.000000	</modelScale>
			<radius>	20.000000	</radius>
			<approachRadius>	10.000000	</approachRadius>
			<collisionFraction>	0.700000	</collisionFraction>
			<influenceRadius>	15.000000	</influenceRadius>
			<speed>	0.100000	</speed>
			<stopRadius>	1.000000	</stopRadius>
			<patrolPathNode>	</patrolPathNode>
		</properties>
	</entity_9>
	<entity_10>
		<type>	SpawnPointCopyRevival	</type>
		<transform>
			<row0>	0.866020 -0.000092 0.499997	</row0>
			<row1>	-0.000009 0.999994 0.000202	</row1>
			<row2>	-0.499997 -0.000179 0.866020	</row2>
			<row3>	-117.934563 0.105776 -0.045616	</row3>
		</transform>
		<clientOnly>	false	</clientOnly>
		<properties>
			<entityName>	20754018	</entityName>
			<rediviousTime>	3600.000000	</rediviousTime>
			<rediviousTotal>	1	</rediviousTotal>
			<randomWalkRange>	0.000000	</randomWalkRange>
			<patrolList>	</patrolList>
			<patrolPathNode>	</patrolPathNode>
		</properties>
	</entity_10>
	<entity_11>
		<type>	Flock	</type>
		<transform>
			<row0>	0.965400 0.029920 -0.259024	</row0>
			<row1>	-0.031744 0.999486 -0.002863	</row1>
			<row2>	0.258807 0.010987 0.965859	</row2>
			<row3>	-143.317856 10.293105 55.189636	</row3>
		</transform>
		<clientOnly>	true	</clientOnly>
		<properties>
			<maxFlightTime>	200.000000	</maxFlightTime>
			<modelFile>	space/tong_yong/dong_wu/dong_wu/ty_yu_010.model	</modelFile>
			<amount>	8	</amount>
			<modelScale>	1.000000	</modelScale>
			<radius>	20.000000	</radius>
			<approachRadius>	10.000000	</approachRadius>
			<collisionFraction>	0.700000	</collisionFraction>
			<influenceRadius>	15.000000	</influenceRadius>
			<speed>	0.100000	</speed>
			<stopRadius>	1.000000	</stopRadius>
			<patrolPathNode>	</patrolPathNode>
		</properties>
	</entity_11>
	<entity_12>
		<type>	Flock	</type>
		<transform>
			<row0>	0.707111 0.000000 -0.707089	</row0>
			<row1>	0.000000 0.999992 0.000000	</row1>
			<row2>	0.707089 0.000000 0.707111	</row2>
			<row3>	-119.253670 4.649866 41.605343	</row3>
		</transform>
		<clientOnly>	true	</clientOnly>
		<properties>
			<maxFlightTime>	200.000000	</maxFlightTime>
			<modelFile>	space/tong_yong/dong_wu/dong_wu/ty_yu_012.model	</modelFile>
			<amount>	4	</amount>
			<modelScale>	1.000000	</modelScale>
			<radius>	10.000000	</radius>
			<approachRadius>	10.000000	</approachRadius>
			<collisionFraction>	0.500000	</collisionFraction>
			<influenceRadius>	10.000000	</influenceRadius>
			<speed>	0.200000	</speed>
			<stopRadius>	1.000000	</stopRadius>
			<patrolPathNode>	</patrolPathNode>
		</properties>
	</entity_12>
	<entity_13>
		<type>	Flock	</type>
		<transform>
			<row0>	0.258831 0.000000 -0.965912	</row0>
			<row1>	0.000000 0.999992 0.000000	</row1>
			<row2>	0.965912 0.000000 0.258831	</row2>
			<row3>	-114.715508 30.551561 16.611599	</row3>
		</transform>
		<clientOnly>	true	</clientOnly>
		<properties>
			<maxFlightTime>	200.000000	</maxFlightTime>
			<modelFile>	space/tong_yong/dong_wu/dong_wu/ty_yu_009.model	</modelFile>
			<amount>	10	</amount>
			<modelScale>	1.000000	</modelScale>
			<radius>	10.000000	</radius>
			<approachRadius>	10.000000	</approachRadius>
			<collisionFraction>	0.500000	</collisionFraction>
			<influenceRadius>	10.000000	</influenceRadius>
			<speed>	0.200000	</speed>
			<stopRadius>	1.000000	</stopRadius>
			<patrolPathNode>	</patrolPathNode>
		</properties>
	</entity_13>
	<entity_14>
		<type>	Flock	</type>
		<transform>
			<row0>	-0.866019 0.000000 -0.499998	</row0>
			<row1>	0.000000 0.999994 0.000000	</row1>
			<row2>	0.499998 0.000000 -0.866019	</row2>
			<row3>	-175.417587 40.384453 31.878855	</row3>
		</transform>
		<clientOnly>	true	</clientOnly>
		<properties>
			<maxFlightTime>	200.000000	</maxFlightTime>
			<modelFile>	space/tong_yong/dong_wu/dong_wu/ty_yu_001.model	</modelFile>
			<amount>	10	</amount>
			<modelScale>	1.000000	</modelScale>
			<radius>	20.000000	</radius>
			<approachRadius>	10.000000	</approachRadius>
			<collisionFraction>	0.700000	</collisionFraction>
			<influenceRadius>	15.000000	</influenceRadius>
			<speed>	0.100000	</speed>
			<stopRadius>	1.000000	</stopRadius>
			<patrolPathNode>	</patrolPathNode>
		</properties>
	</entity_14>
	<entity_15>
		<type>	Flock	</type>
		<transform>
			<row0>	0.499852 0.018356 0.865909	</row0>
			<row1>	-0.031744 0.999486 -0.002863	</row1>
			<row2>	-0.865521 -0.026056 0.500181	</row2>
			<row3>	-151.535370 5.650273 91.911568	</row3>
		</transform>
		<clientOnly>	true	</clientOnly>
		<properties>
			<maxFlightTime>	200.000000	</maxFlightTime>
			<modelFile>	space/tong_yong/dong_wu/dong_wu/ty_yu_009.model	</modelFile>
			<amount>	5	</amount>
			<modelScale>	1.000000	</modelScale>
			<radius>	20.000000	</radius>
			<approachRadius>	10.000000	</approachRadius>
			<collisionFraction>	0.700000	</collisionFraction>
			<influenceRadius>	15.000000	</influenceRadius>
			<speed>	0.100000	</speed>
			<stopRadius>	1.000000	</stopRadius>
			<patrolPathNode>	</patrolPathNode>
		</properties>
	</entity_15>
	<entity_16>
		<type>	Flock	</type>
		<transform>
			<row0>	-0.000141 0.012736 0.999912	</row0>
			<row1>	-0.021878 0.999673 -0.012735	</row1>
			<row2>	-0.999753 -0.021878 0.000138	</row2>
			<row3>	-110.808334 10.146780 39.242733	</row3>
		</transform>
		<clientOnly>	true	</clientOnly>
		<properties>
			<maxFlightTime>	200.000000	</maxFlightTime>
			<modelFile>	space/tong_yong/dong_wu/dong_wu/ty_yu_012.model	</modelFile>
			<amount>	10	</amount>
			<modelScale>	1.000000	</modelScale>
			<radius>	20.000000	</radius>
			<approachRadius>	10.000000	</approachRadius>
			<collisionFraction>	0.700000	</collisionFraction>
			<influenceRadius>	15.000000	</influenceRadius>
			<speed>	0.100000	</speed>
			<stopRadius>	1.000000	</stopRadius>
			<patrolPathNode>	</patrolPathNode>
		</properties>
	</entity_16>
	<entity_17>
		<type>	Flock	</type>
		<transform>
			<row0>	-0.965917 0.000000 -0.258819	</row0>
			<row1>	0.000000 0.999992 0.000000	</row1>
			<row2>	0.258819 0.000000 -0.965917	</row2>
			<row3>	-186.912064 69.105377 20.949657	</row3>
		</transform>
		<clientOnly>	true	</clientOnly>
		<properties>
			<maxFlightTime>	200.000000	</maxFlightTime>
			<modelFile>	space/tong_yong/dong_wu/dong_wu/ty_yu_001.model	</modelFile>
			<amount>	10	</amount>
			<modelScale>	1.000000	</modelScale>
			<radius>	20.000000	</radius>
			<approachRadius>	10.000000	</approachRadius>
			<collisionFraction>	0.700000	</collisionFraction>
			<influenceRadius>	15.000000	</influenceRadius>
			<speed>	0.100000	</speed>
			<stopRadius>	1.000000	</stopRadius>
			<patrolPathNode>	</patrolPathNode>
		</properties>
	</entity_17>
	<entity_18>
		<type>	Flock	</type>
		<transform>
			<row0>	-0.865646 -0.028924 -0.499809	</row0>
			<row1>	-0.031744 0.999487 -0.002863	</row1>
			<row2>	0.499637 0.013388 -0.866124	</row2>
			<row3>	-126.526703 12.296230 92.950577	</row3>
		</transform>
		<clientOnly>	true	</clientOnly>
		<properties>
			<maxFlightTime>	200.000000	</maxFlightTime>
			<modelFile>	space/tong_yong/dong_wu/dong_wu/ty_yu_010.model	</modelFile>
			<amount>	10	</amount>
			<modelScale>	1.000000	</modelScale>
			<radius>	20.000000	</radius>
			<approachRadius>	10.000000	</approachRadius>
			<collisionFraction>	0.700000	</collisionFraction>
			<influenceRadius>	15.000000	</influenceRadius>
			<speed>	0.100000	</speed>
			<stopRadius>	1.000000	</stopRadius>
			<patrolPathNode>	</patrolPathNode>
		</properties>
	</entity_18>
	<entity_19>
		<type>	SpawnPointCopyRevival	</type>
		<transform>
			<row0>	0.866021 -0.000093 0.499997	</row0>
			<row1>	-0.000009 0.999995 0.000202	</row1>
			<row2>	-0.499997 -0.000179 0.866021	</row2>
			<row3>	-113.200218 0.105608 2.702357	</row3>
		</transform>
		<clientOnly>	false	</clientOnly>
		<properties>
			<entityName>	20754018	</entityName>
			<rediviousTime>	3600.000000	</rediviousTime>
			<rediviousTotal>	1	</rediviousTotal>
			<randomWalkRange>	0.000000	</randomWalkRange>
			<patrolList>	</patrolList>
			<patrolPathNode>	</patrolPathNode>
		</properties>
	</entity_19>
	<entity_20>
		<type>	SpawnPointCopyRevival	</type>
		<transform>
			<row0>	-0.866022 0.000077 0.499998	</row0>
			<row1>	0.000006 0.999997 -0.000143	</row1>
			<row2>	-0.499998 -0.000121 -0.866023	</row2>
			<row3>	-117.733925 0.105719 19.326937	</row3>
		</transform>
		<clientOnly>	false	</clientOnly>
		<properties>
			<entityName>	20754018	</entityName>
			<rediviousTime>	3600.000000	</rediviousTime>
			<rediviousTotal>	1	</rediviousTotal>
			<randomWalkRange>	0.000000	</randomWalkRange>
			<patrolList>	</patrolList>
			<patrolPathNode>	</patrolPathNode>
		</properties>
	</entity_20>
	<entity_21>
		<type>	SpawnPointCopyRevival	</type>
		<transform>
			<row0>	-0.866021 0.000077 0.499998	</row0>
			<row1>	0.000006 0.999996 -0.000143	</row1>
			<row2>	-0.499998 -0.000120 -0.866021	</row2>
			<row3>	-113.312149 0.105713 17.114292	</row3>
		</transform>
		<clientOnly>	false	</clientOnly>
		<properties>
			<entityName>	20754018	</entityName>
			<rediviousTime>	3600.000000	</rediviousTime>
			<rediviousTotal>	1	</rediviousTotal>
			<randomWalkRange>	0.000000	</randomWalkRange>
			<patrolList>	</patrolList>
			<patrolPathNode>	</patrolPathNode>
		</properties>
	</entity_21>
	<entity_22>
		<type>	SpawnPointCopyRevival	</type>
		<transform>
			<row0>	0.965913 -0.000043 0.258815	</row0>
			<row1>	-0.000009 0.999990 0.000202	</row1>
			<row2>	-0.258815 -0.000197 0.965914	</row2>
			<row3>	-101.832718 -2.671875 80.474457	</row3>
		</transform>
		<clientOnly>	false	</clientOnly>
		<properties>
			<entityName>	20754018	</entityName>
			<rediviousTime>	3600.000000	</rediviousTime>
			<rediviousTotal>	1	</rediviousTotal>
			<randomWalkRange>	0.000000	</randomWalkRange>
			<patrolList>	</patrolList>
			<patrolPathNode>	</patrolPathNode>
		</properties>
	</entity_22>
	<entity_23>
		<type>	SpawnPointCopyRevival	</type>
		<transform>
			<row0>	0.000000 -0.000285 -0.999994	</row0>
			<row1>	0.000013 0.999995 -0.000286	</row1>
			<row2>	0.999995 -0.000012 0.000000	</row2>
			<row3>	-113.034248 0.105481 9.700880	</row3>
		</transform>
		<clientOnly>	false	</clientOnly>
		<properties>
			<entityName>	20742030	</entityName>
			<rediviousTime>	3600.000000	</rediviousTime>
			<rediviousTotal>	1	</rediviousTotal>
			<randomWalkRange>	0.000000	</randomWalkRange>
			<patrolList>	206B57DC.43C955BB.179D919D.7DF9B662	</patrolList>
			<patrolPathNode>	242BB6B4.4B2994EB.3E9559BA.835970A4	</patrolPathNode>
		</properties>
	</entity_23>
	<entity_24>
		<type>	SpawnPointCopyRevival	</type>
		<transform>
			<row0>	0.000000 0.000203 -0.999995	</row0>
			<row1>	-0.000009 0.999995 0.000202	</row1>
			<row2>	0.999995 0.000010 0.000000	</row2>
			<row3>	-116.150864 0.105656 9.665308	</row3>
		</transform>
		<clientOnly>	false	</clientOnly>
		<properties>
			<entityName>	20714007	</entityName>
			<rediviousTime>	3600.000000	</rediviousTime>
			<rediviousTotal>	1	</rediviousTotal>
			<randomWalkRange>	0.000000	</randomWalkRange>
			<patrolList>	206B57DC.43C955BB.179D919D.7DF9B662	</patrolList>
			<patrolPathNode>	242BB6B4.4B2994EB.3E9559BA.835970A4	</patrolPathNode>
		</properties>
	</entity_24>
	<entity_25>
		<type>	SpawnPointCopyRevival	</type>
		<transform>
			<row0>	0.866020 -0.000076 -0.499997	</row0>
			<row1>	0.000006 0.999994 -0.000143	</row1>
			<row2>	0.499997 0.000122 0.866020	</row2>
			<row3>	-101.605286 -1.480469 54.764706	</row3>
		</transform>
		<clientOnly>	false	</clientOnly>
		<properties>
			<entityName>	20714007	</entityName>
			<rediviousTime>	3.000000	</rediviousTime>
			<rediviousTotal>	1	</rediviousTotal>
			<randomWalkRange>	2.000000	</randomWalkRange>
			<patrolList>	</patrolList>
			<patrolPathNode>	</patrolPathNode>
		</properties>
	</entity_25>
	<entity_26>
		<type>	SpawnPointCopyRevival	</type>
		<transform>
			<row0>	-0.499996 0.000128 0.866018	</row0>
			<row1>	0.000006 0.999993 -0.000143	</row1>
			<row2>	-0.866018 -0.000065 -0.499996	</row2>
			<row3>	-110.171631 -1.480469 58.789993	</row3>
		</transform>
		<clientOnly>	false	</clientOnly>
		<properties>
			<entityName>	20714007	</entityName>
			<rediviousTime>	3.000000	</rediviousTime>
			<rediviousTotal>	1	</rediviousTotal>
			<randomWalkRange>	2.000000	</randomWalkRange>
			<patrolList>	</patrolList>
			<patrolPathNode>	</patrolPathNode>
		</properties>
	</entity_26>
	<entity_27>
		<type>	SpawnPointCopyRevival	</type>
		<transform>
			<row0>	-0.965917 0.000044 0.258817	</row0>
			<row1>	0.000006 0.999993 -0.000143	</row1>
			<row2>	-0.258817 -0.000135 -0.965917	</row2>
			<row3>	-111.403999 -1.480469 41.795349	</row3>
		</transform>
		<clientOnly>	false	</clientOnly>
		<properties>
			<entityName>	20714007	</entityName>
			<rediviousTime>	3.000000	</rediviousTime>
			<rediviousTotal>	1	</rediviousTotal>
			<randomWalkRange>	2.000000	</randomWalkRange>
			<patrolList>	</patrolList>
			<patrolPathNode>	</patrolPathNode>
		</properties>
	</entity_27>
	<entity_28>
		<type>	SpawnPointCopyRevival	</type>
		<transform>
			<row0>	-0.999992 0.000007 0.000000	</row0>
			<row1>	0.000006 0.999993 -0.000143	</row1>
			<row2>	0.000000 -0.000142 -0.999992	</row2>
			<row3>	-111.427650 -1.496094 50.241825	</row3>
		</transform>
		<clientOnly>	false	</clientOnly>
		<properties>
			<entityName>	20714007	</entityName>
			<rediviousTime>	3.000000	</rediviousTime>
			<rediviousTotal>	1	</rediviousTotal>
			<randomWalkRange>	2.000000	</randomWalkRange>
			<patrolList>	</patrolList>
			<patrolPathNode>	</patrolPathNode>
		</properties>
	</entity_28>
	<entity_29>
		<type>	SpawnPointCopyRevival	</type>
		<transform>
			<row0>	-0.258817 -0.000136 -0.965917	</row0>
			<row1>	0.000006 0.999992 -0.000143	</row1>
			<row2>	0.965917 -0.000042 -0.258817	</row2>
			<row3>	-120.599846 -1.554687 45.336609	</row3>
		</transform>
		<clientOnly>	false	</clientOnly>
		<properties>
			<entityName>	20714007	</entityName>
			<rediviousTime>	3.000000	</rediviousTime>
			<rediviousTotal>	1	</rediviousTotal>
			<randomWalkRange>	2.000000	</randomWalkRange>
			<patrolList>	</patrolList>
			<patrolPathNode>	</patrolPathNode>
		</properties>
	</entity_29>
	<entity_30>
		<type>	SpawnPointCopyRevival	</type>
		<transform>
			<row0>	0.965916 -0.000042 -0.258817	</row0>
			<row1>	0.000006 0.999992 -0.000143	</row1>
			<row2>	0.258817 0.000138 0.965916	</row2>
			<row3>	-127.827026 -1.480469 50.769653	</row3>
		</transform>
		<clientOnly>	false	</clientOnly>
		<properties>
			<entityName>	20714007	</entityName>
			<rediviousTime>	3.000000	</rediviousTime>
			<rediviousTotal>	1	</rediviousTotal>
			<randomWalkRange>	2.000000	</randomWalkRange>
			<patrolList>	</patrolList>
			<patrolPathNode>	</patrolPathNode>
		</properties>
	</entity_30>
	<entity_31>
		<type>	SpawnPointCopyRevival	</type>
		<transform>
			<row0>	0.707100 -0.000105 -0.707100	</row0>
			<row1>	0.000006 0.999992 -0.000143	</row1>
			<row2>	0.707100 0.000098 0.707100	</row2>
			<row3>	-121.399315 -1.480469 57.033134	</row3>
		</transform>
		<clientOnly>	false	</clientOnly>
		<properties>
			<entityName>	20714007	</entityName>
			<rediviousTime>	3.000000	</rediviousTime>
			<rediviousTotal>	1	</rediviousTotal>
			<randomWalkRange>	2.000000	</randomWalkRange>
			<patrolList>	</patrolList>
			<patrolPathNode>	</patrolPathNode>
		</properties>
	</entity_31>
	<entity_32>
		<type>	SpawnPointCopyRevival	</type>
		<transform>
			<row0>	0.707100 0.000098 0.707099	</row0>
			<row1>	0.000006 0.999992 -0.000143	</row1>
			<row2>	-0.707099 0.000107 0.707100	</row2>
			<row3>	-134.240402 -1.466797 56.603767	</row3>
		</transform>
		<clientOnly>	false	</clientOnly>
		<properties>
			<entityName>	20714007	</entityName>
			<rediviousTime>	3.000000	</rediviousTime>
			<rediviousTotal>	1	</rediviousTotal>
			<randomWalkRange>	2.000000	</randomWalkRange>
			<patrolList>	</patrolList>
			<patrolPathNode>	</patrolPathNode>
		</properties>
	</entity_32>
	<entity_33>
		<type>	SpawnPointCopyRevival	</type>
		<transform>
			<row0>	-0.866016 0.000078 0.499996	</row0>
			<row1>	0.000006 0.999992 -0.000143	</row1>
			<row2>	-0.499996 -0.000119 -0.866016	</row2>
			<row3>	-134.559921 -1.478515 45.091553	</row3>
		</transform>
		<clientOnly>	false	</clientOnly>
		<properties>
			<entityName>	20714007	</entityName>
			<rediviousTime>	3.000000	</rediviousTime>
			<rediviousTotal>	1	</rediviousTotal>
			<randomWalkRange>	2.000000	</randomWalkRange>
			<patrolList>	</patrolList>
			<patrolPathNode>	</patrolPathNode>
		</properties>
	</entity_33>
	<entity_34>
		<type>	SpawnPointCopyRevival	</type>
		<transform>
			<row0>	-0.866016 -0.000065 -0.499994	</row0>
			<row1>	0.000006 0.999992 -0.000143	</row1>
			<row2>	0.499994 -0.000125 -0.866017	</row2>
			<row3>	-140.182678 -1.476562 50.447433	</row3>
		</transform>
		<clientOnly>	false	</clientOnly>
		<properties>
			<entityName>	20714007	</entityName>
			<rediviousTime>	3.000000	</rediviousTime>
			<rediviousTotal>	1	</rediviousTotal>
			<randomWalkRange>	2.000000	</randomWalkRange>
			<patrolList>	</patrolList>
			<patrolPathNode>	</patrolPathNode>
		</properties>
	</entity_34>
	<entity_35>
		<type>	SpawnPointCopyRevival	</type>
		<transform>
			<row0>	0.866015 -0.000169 -0.499994	</row0>
			<row1>	0.000202 0.999989 0.000009	</row1>
			<row2>	0.499994 -0.000108 0.866015	</row2>
			<row3>	-124.541008 -2.351562 94.155670	</row3>
		</transform>
		<clientOnly>	false	</clientOnly>
		<properties>
			<entityName>	20754018	</entityName>
			<rediviousTime>	3600.000000	</rediviousTime>
			<rediviousTotal>	1	</rediviousTotal>
			<randomWalkRange>	0.000000	</randomWalkRange>
			<patrolList>	</patrolList>
			<patrolPathNode>	</patrolPathNode>
		</properties>
	</entity_35>
	<entity_36>
		<type>	SpawnPointCopyRevival	</type>
		<transform>
			<row0>	0.999986 -0.000201 0.000000	</row0>
			<row1>	0.000202 0.999989 0.000009	</row1>
			<row2>	0.000001 -0.000009 0.999987	</row2>
			<row3>	-120.192375 -2.242187 90.966171	</row3>
		</transform>
		<clientOnly>	false	</clientOnly>
		<properties>
			<entityName>	20754018	</entityName>
			<rediviousTime>	3600.000000	</rediviousTime>
			<rediviousTotal>	1	</rediviousTotal>
			<randomWalkRange>	0.000000	</randomWalkRange>
			<patrolList>	</patrolList>
			<patrolPathNode>	</patrolPathNode>
		</properties>
	</entity_36>
	<entity_37>
		<type>	SpawnPointCopyRevival	</type>
		<transform>
			<row0>	0.965912 -0.000191 -0.258816	</row0>
			<row1>	0.000202 0.999987 0.000009	</row1>
			<row2>	0.258817 -0.000061 0.965912	</row2>
			<row3>	-118.760468 -2.859375 96.400261	</row3>
		</transform>
		<clientOnly>	false	</clientOnly>
		<properties>
			<entityName>	20754018	</entityName>
			<rediviousTime>	3600.000000	</rediviousTime>
			<rediviousTotal>	1	</rediviousTotal>
			<randomWalkRange>	0.000000	</randomWalkRange>
			<patrolList>	</patrolList>
			<patrolPathNode>	</patrolPathNode>
		</properties>
	</entity_37>
	<entity_38>
		<type>	NPCSpawnPoint	</type>
		<transform>
			<row0>	0.999999 0.000000 0.000000	</row0>
			<row1>	0.000000 0.999999 0.000202	</row1>
			<row2>	0.000000 -0.000202 0.999999	</row2>
			<row3>	-142.437057 0.105530 0.666260	</row3>
		</transform>
		<clientOnly>	false	</clientOnly>
		<properties>
			<entityName>	10111465	</entityName>
			<rediviousTime>	60.000000	</rediviousTime>
			<rediviousTotal>	1	</rediviousTotal>
			<randomWalkRange>	3.000000	</randomWalkRange>
			<patrolList>	</patrolList>
			<lineNumber>	0	</lineNumber>
			<patrolPathNode>	</patrolPathNode>
		</properties>
	</entity_38>
	<entity_39>
		<type>	Flock	</type>
		<transform>
			<row0>	0.965917 0.000000 -0.258814	</row0>
			<row1>	0.000000 0.999991 0.000000	</row1>
			<row2>	0.258814 0.000000 0.965917	</row2>
			<row3>	-171.174744 14.311565 106.450058	</row3>
		</transform>
		<clientOnly>	true	</clientOnly>
		<properties>
			<maxFlightTime>	200.000000	</maxFlightTime>
			<modelFile>	space/tong_yong/dong_wu/dong_wu/ty_yu_001.model	</modelFile>
			<amount>	10	</amount>
			<modelScale>	1.000000	</modelScale>
			<radius>	20.000000	</radius>
			<approachRadius>	10.000000	</approachRadius>
			<collisionFraction>	0.700000	</collisionFraction>
			<influenceRadius>	15.000000	</influenceRadius>
			<speed>	0.100000	</speed>
			<stopRadius>	1.000000	</stopRadius>
			<patrolPathNode>	</patrolPathNode>
		</properties>
	</entity_39>
	<entity_40>
		<type>	Flock	</type>
		<transform>
			<row0>	0.499997 0.000000 -0.866015	</row0>
			<row1>	0.000000 0.999990 0.000000	</row1>
			<row2>	0.866015 0.000000 0.499997	</row2>
			<row3>	-166.330338 21.554348 193.660126	</row3>
		</transform>
		<clientOnly>	true	</clientOnly>
		<properties>
			<maxFlightTime>	200.000000	</maxFlightTime>
			<modelFile>	space/tong_yong/dong_wu/dong_wu/ty_yu_001.model	</modelFile>
			<amount>	10	</amount>
			<modelScale>	1.000000	</modelScale>
			<radius>	20.000000	</radius>
			<approachRadius>	10.000000	</approachRadius>
			<collisionFraction>	0.700000	</collisionFraction>
			<influenceRadius>	15.000000	</influenceRadius>
			<speed>	0.100000	</speed>
			<stopRadius>	1.000000	</stopRadius>
			<patrolPathNode>	</patrolPathNode>
		</properties>
	</entity_40>
	<entity_41>
		<type>	Flock	</type>
		<transform>
			<row0>	-0.000002 0.000000 0.999989	</row0>
			<row1>	0.000000 0.999990 0.000000	</row1>
			<row2>	-0.999989 0.000000 -0.000002	</row2>
			<row3>	-145.791489 48.001648 130.192688	</row3>
		</transform>
		<clientOnly>	true	</clientOnly>
		<properties>
			<maxFlightTime>	200.000000	</maxFlightTime>
			<modelFile>	space/tong_yong/dong_wu/dong_wu/ty_yu_001.model	</modelFile>
			<amount>	10	</amount>
			<modelScale>	1.000000	</modelScale>
			<radius>	20.000000	</radius>
			<approachRadius>	10.000000	</approachRadius>
			<collisionFraction>	0.700000	</collisionFraction>
			<influenceRadius>	15.000000	</influenceRadius>
			<speed>	0.100000	</speed>
			<stopRadius>	1.000000	</stopRadius>
			<patrolPathNode>	</patrolPathNode>
		</properties>
	</entity_41>
	<entity_42>
		<type>	Flock	</type>
		<transform>
			<row0>	-0.999990 0.000000 -0.000016	</row0>
			<row1>	0.000000 0.999991 0.000000	</row1>
			<row2>	0.000016 0.000000 -0.999990	</row2>
			<row3>	-100.127747 29.344963 109.877380	</row3>
		</transform>
		<clientOnly>	true	</clientOnly>
		<properties>
			<maxFlightTime>	200.000000	</maxFlightTime>
			<modelFile>	space/tong_yong/dong_wu/dong_wu/ty_yu_012.model	</modelFile>
			<amount>	4	</amount>
			<modelScale>	1.000000	</modelScale>
			<radius>	10.000000	</radius>
			<approachRadius>	10.000000	</approachRadius>
			<collisionFraction>	0.500000	</collisionFraction>
			<influenceRadius>	10.000000	</influenceRadius>
			<speed>	0.200000	</speed>
			<stopRadius>	1.000000	</stopRadius>
			<patrolPathNode>	</patrolPathNode>
		</properties>
	</entity_42>
	<entity_43>
		<type>	Flock	</type>
		<transform>
			<row0>	0.865742 0.025315 0.499837	</row0>
			<row1>	-0.021878 0.999673 -0.012735	</row1>
			<row2>	-0.499998 0.000090 0.866018	</row2>
			<row3>	-90.438469 19.918522 33.329269	</row3>
		</transform>
		<clientOnly>	true	</clientOnly>
		<properties>
			<maxFlightTime>	200.000000	</maxFlightTime>
			<modelFile>	space/tong_yong/dong_wu/dong_wu/ty_yu_012.model	</modelFile>
			<amount>	10	</amount>
			<modelScale>	1.000000	</modelScale>
			<radius>	20.000000	</radius>
			<approachRadius>	10.000000	</approachRadius>
			<collisionFraction>	0.700000	</collisionFraction>
			<influenceRadius>	15.000000	</influenceRadius>
			<speed>	0.100000	</speed>
			<stopRadius>	1.000000	</stopRadius>
			<patrolPathNode>	</patrolPathNode>
		</properties>
	</entity_43>
	<entity_44>
		<type>	Flock	</type>
		<transform>
			<row0>	-0.865742 -0.025313 -0.499837	</row0>
			<row1>	-0.021878 0.999673 -0.012735	</row1>
			<row2>	0.499998 -0.000090 -0.866018	</row2>
			<row3>	-50.025829 41.130886 73.875145	</row3>
		</transform>
		<clientOnly>	true	</clientOnly>
		<properties>
			<maxFlightTime>	200.000000	</maxFlightTime>
			<modelFile>	space/tong_yong/dong_wu/dong_wu/ty_yu_012.model	</modelFile>
			<amount>	10	</amount>
			<modelScale>	1.000000	</modelScale>
			<radius>	20.000000	</radius>
			<approachRadius>	10.000000	</approachRadius>
			<collisionFraction>	0.700000	</collisionFraction>
			<influenceRadius>	15.000000	</influenceRadius>
			<speed>	0.100000	</speed>
			<stopRadius>	1.000000	</stopRadius>
			<patrolPathNode>	</patrolPathNode>
		</properties>
	</entity_44>
	<entity_45>
		<type>	Flock	</type>
		<transform>
			<row0>	0.865522 0.026057 -0.500181	</row0>
			<row1>	-0.031744 0.999486 -0.002863	</row1>
			<row2>	0.499853 0.018356 0.865909	</row2>
			<row3>	-93.284729 12.731256 85.223686	</row3>
		</transform>
		<clientOnly>	true	</clientOnly>
		<properties>
			<maxFlightTime>	200.000000	</maxFlightTime>
			<modelFile>	space/tong_yong/dong_wu/dong_wu/ty_yu_009.model	</modelFile>
			<amount>	10	</amount>
			<modelScale>	1.000000	</modelScale>
			<radius>	20.000000	</radius>
			<approachRadius>	10.000000	</approachRadius>
			<collisionFraction>	0.700000	</collisionFraction>
			<influenceRadius>	15.000000	</influenceRadius>
			<speed>	0.100000	</speed>
			<stopRadius>	1.000000	</stopRadius>
			<patrolPathNode>	</patrolPathNode>
		</properties>
	</entity_45>
	<entity_46>
		<type>	Flock	</type>
		<transform>
			<row0>	-0.965919 0.000000 0.258815	</row0>
			<row1>	0.000000 0.999993 0.000000	</row1>
			<row2>	-0.258815 0.000000 -0.965919	</row2>
			<row3>	-36.963375 62.406639 36.532200	</row3>
		</transform>
		<clientOnly>	true	</clientOnly>
		<properties>
			<maxFlightTime>	200.000000	</maxFlightTime>
			<modelFile>	space/tong_yong/dong_wu/dong_wu/ty_yu_001.model	</modelFile>
			<amount>	10	</amount>
			<modelScale>	1.000000	</modelScale>
			<radius>	20.000000	</radius>
			<approachRadius>	10.000000	</approachRadius>
			<collisionFraction>	0.700000	</collisionFraction>
			<influenceRadius>	15.000000	</influenceRadius>
			<speed>	0.100000	</speed>
			<stopRadius>	1.000000	</stopRadius>
			<patrolPathNode>	</patrolPathNode>
		</properties>
	</entity_46>
	<entity_47>
		<type>	Flock	</type>
		<transform>
			<row0>	-0.258815 0.000000 -0.965917	</row0>
			<row1>	0.000000 0.999991 0.000000	</row1>
			<row2>	0.965917 0.000000 -0.258815	</row2>
			<row3>	-71.350311 10.182323 36.737724	</row3>
		</transform>
		<clientOnly>	true	</clientOnly>
		<properties>
			<maxFlightTime>	200.000000	</maxFlightTime>
			<modelFile>	space/tong_yong/dong_wu/dong_wu/ty_yu_001.model	</modelFile>
			<amount>	3	</amount>
			<modelScale>	1.000000	</modelScale>
			<radius>	20.000000	</radius>
			<approachRadius>	10.000000	</approachRadius>
			<collisionFraction>	0.700000	</collisionFraction>
			<influenceRadius>	15.000000	</influenceRadius>
			<speed>	0.100000	</speed>
			<stopRadius>	1.000000	</stopRadius>
			<patrolPathNode>	</patrolPathNode>
		</properties>
	</entity_47>
	<entity_48>
		<type>	SpawnPointCopyRevival	</type>
		<transform>
			<row0>	0.866015 -0.000093 0.499993	</row0>
			<row1>	-0.000009 0.999990 0.000202	</row1>
			<row2>	-0.499994 -0.000179 0.866016	</row2>
			<row3>	-94.434639 -3.214843 86.053772	</row3>
		</transform>
		<clientOnly>	false	</clientOnly>
		<properties>
			<entityName>	20754018	</entityName>
			<rediviousTime>	3600.000000	</rediviousTime>
			<rediviousTotal>	1	</rediviousTotal>
			<randomWalkRange>	0.000000	</randomWalkRange>
			<patrolList>	</patrolList>
			<patrolPathNode>	</patrolPathNode>
		</properties>
	</entity_48>
	<entity_49>
		<type>	SpawnPointCopyRevival	</type>
		<transform>
			<row0>	0.707098 -0.000136 0.707098	</row0>
			<row1>	-0.000009 0.999990 0.000202	</row1>
			<row2>	-0.707098 -0.000149 0.707099	</row2>
			<row3>	-96.098221 -2.699218 78.812073	</row3>
		</transform>
		<clientOnly>	false	</clientOnly>
		<properties>
			<entityName>	20754018	</entityName>
			<rediviousTime>	3600.000000	</rediviousTime>
			<rediviousTotal>	1	</rediviousTotal>
			<randomWalkRange>	0.000000	</randomWalkRange>
			<patrolList>	</patrolList>
			<patrolPathNode>	</patrolPathNode>
		</properties>
	</entity_49>
	<entity_50>
		<type>	SpawnPointCopyRevival	</type>
		<transform>
			<row0>	-0.000001 -0.000143 -0.999993	</row0>
			<row1>	0.000006 0.999994 -0.000143	</row1>
			<row2>	0.999994 -0.000005 0.000000	</row2>
			<row3>	-93.157013 -1.480469 36.836418	</row3>
		</transform>
		<clientOnly>	false	</clientOnly>
		<properties>
			<entityName>	20754018	</entityName>
			<rediviousTime>	3600.000000	</rediviousTime>
			<rediviousTotal>	1	</rediviousTotal>
			<randomWalkRange>	0.000000	</randomWalkRange>
			<patrolList>	</patrolList>
			<patrolPathNode>	</patrolPathNode>
		</properties>
	</entity_50>
	<entity_51>
		<type>	SpawnPointCopyRevival	</type>
		<transform>
			<row0>	0.000001 0.000143 0.999994	</row0>
			<row1>	0.000006 0.999994 -0.000143	</row1>
			<row2>	-0.999994 0.000007 0.000000	</row2>
			<row3>	-83.722527 -1.480469 37.436935	</row3>
		</transform>
		<clientOnly>	false	</clientOnly>
		<properties>
			<entityName>	20754018	</entityName>
			<rediviousTime>	3600.000000	</rediviousTime>
			<rediviousTotal>	1	</rediviousTotal>
			<randomWalkRange>	0.000000	</randomWalkRange>
			<patrolList>	</patrolList>
			<patrolPathNode>	</patrolPathNode>
		</properties>
	</entity_51>
	<entity_52>
		<type>	SpawnPointCopyRevival	</type>
		<transform>
			<row0>	-0.499996 0.000128 0.866020	</row0>
			<row1>	0.000006 0.999993 -0.000143	</row1>
			<row2>	-0.866020 -0.000065 -0.499996	</row2>
			<row3>	-99.927040 -1.480469 43.560547	</row3>
		</transform>
		<clientOnly>	false	</clientOnly>
		<properties>
			<entityName>	20714007	</entityName>
			<rediviousTime>	3.000000	</rediviousTime>
			<rediviousTotal>	1	</rediviousTotal>
			<randomWalkRange>	2.000000	</randomWalkRange>
			<patrolList>	</patrolList>
			<patrolPathNode>	</patrolPathNode>
		</properties>
	</entity_52>
	<entity_53>
		<type>	Flock	</type>
		<transform>
			<row0>	-0.706834 -0.024480 -0.706948	</row0>
			<row1>	-0.021890 0.999674 -0.012731	</row1>
			<row2>	0.707033 0.006477 -0.707144	</row2>
			<row3>	-26.021339 17.921877 111.285187	</row3>
		</transform>
		<clientOnly>	true	</clientOnly>
		<properties>
			<maxFlightTime>	200.000000	</maxFlightTime>
			<modelFile>	space/tong_yong/dong_wu/dong_wu/ty_yu_004.model	</modelFile>
			<amount>	10	</amount>
			<modelScale>	1.000000	</modelScale>
			<radius>	20.000000	</radius>
			<approachRadius>	10.000000	</approachRadius>
			<collisionFraction>	0.700000	</collisionFraction>
			<influenceRadius>	15.000000	</influenceRadius>
			<speed>	0.100000	</speed>
			<stopRadius>	1.000000	</stopRadius>
			<patrolPathNode>	</patrolPathNode>
		</properties>
	</entity_53>
	<entity_54>
		<type>	Flock	</type>
		<transform>
			<row0>	-0.706834 -0.024473 -0.706948	</row0>
			<row1>	-0.031744 0.999486 -0.002863	</row1>
			<row2>	0.706658 0.020418 -0.707252	</row2>
			<row3>	-67.103104 7.815254 139.660217	</row3>
		</transform>
		<clientOnly>	true	</clientOnly>
		<properties>
			<maxFlightTime>	200.000000	</maxFlightTime>
			<modelFile>	space/tong_yong/dong_wu/dong_wu/ty_yu_009.model	</modelFile>
			<amount>	10	</amount>
			<modelScale>	1.000000	</modelScale>
			<radius>	20.000000	</radius>
			<approachRadius>	10.000000	</approachRadius>
			<collisionFraction>	0.700000	</collisionFraction>
			<influenceRadius>	15.000000	</influenceRadius>
			<speed>	0.100000	</speed>
			<stopRadius>	1.000000	</stopRadius>
			<patrolPathNode>	</patrolPathNode>
		</properties>
	</entity_54>
	<entity_55>
		<type>	Flock	</type>
		<transform>
			<row0>	-0.965919 0.000000 0.258801	</row0>
			<row1>	0.000000 0.999990 0.000000	</row1>
			<row2>	-0.258801 0.000000 -0.965919	</row2>
			<row3>	-97.887222 2.551786 103.904663	</row3>
		</transform>
		<clientOnly>	true	</clientOnly>
		<properties>
			<maxFlightTime>	200.000000	</maxFlightTime>
			<modelFile>	space/tong_yong/dong_wu/dong_wu/ty_yu_012.model	</modelFile>
			<amount>	3	</amount>
			<modelScale>	1.000000	</modelScale>
			<radius>	10.000000	</radius>
			<approachRadius>	10.000000	</approachRadius>
			<collisionFraction>	0.500000	</collisionFraction>
			<influenceRadius>	10.000000	</influenceRadius>
			<speed>	0.200000	</speed>
			<stopRadius>	1.000000	</stopRadius>
			<patrolPathNode>	</patrolPathNode>
		</properties>
	</entity_55>
	<entity_56>
		<type>	Flock	</type>
		<transform>
			<row0>	-0.965465 -0.031403 -0.258609	</row0>
			<row1>	-0.031744 0.999486 -0.002863	</row1>
			<row2>	0.258566 0.005446 -0.965970	</row2>
			<row3>	-75.121292 29.294874 156.432617	</row3>
		</transform>
		<clientOnly>	true	</clientOnly>
		<properties>
			<maxFlightTime>	200.000000	</maxFlightTime>
			<modelFile>	space/tong_yong/dong_wu/dong_wu/ty_yu_010.model	</modelFile>
			<amount>	10	</amount>
			<modelScale>	1.000000	</modelScale>
			<radius>	20.000000	</radius>
			<approachRadius>	10.000000	</approachRadius>
			<collisionFraction>	0.700000	</collisionFraction>
			<influenceRadius>	15.000000	</influenceRadius>
			<speed>	0.100000	</speed>
			<stopRadius>	1.000000	</stopRadius>
			<patrolPathNode>	</patrolPathNode>
		</properties>
	</entity_56>
	<entity_57>
		<type>	Flock	</type>
		<transform>
			<row0>	-0.500009 0.000000 0.866009	</row0>
			<row1>	0.000000 0.999992 0.000000	</row1>
