<root>
	<entity_1>
		<type>	SpawnPointCopyKuafuRemains	</type>
		<transform>
			<row0>	-0.977547 0.129801 -0.165910	</row0>
			<row1>	0.121227 0.990747 0.060842	</row1>
			<row2>	0.172274 0.039364 -0.984247	</row2>
			<row3>	-1.221001 30.702000 -38.528004	</row3>
		</transform>
		<clientOnly>	false	</clientOnly>
		<properties>
			<entityName>	30111349	</entityName>
			<rediviousTime>	60.000000	</rediviousTime>
			<rediviousTotal>	1	</rediviousTotal>
			<randomWalkRange>	3.000000	</randomWalkRange>
			<patrolList>	</patrolList>
			<entityType>	6	</entityType>
			<step>	1	</step>
			<group>	0	</group>
			<event>	0	</event>
			<isSpawnOnStep>	1	</isSpawnOnStep>
			<patrolPathNode>	</patrolPathNode>
		</properties>
	</entity_1>
	<entity_2>
		<type>	SpawnPointCopyKuafuRemains	</type>
		<transform>
			<row0>	-0.991747 0.121460 0.040710	</row0>
			<row1>	0.123628 0.990746 0.055813	</row1>
			<row2>	-0.033555 0.060385 -0.997595	</row2>
			<row3>	-6.612030 30.899994 -29.945030	</row3>
		</transform>
		<clientOnly>	false	</clientOnly>
		<properties>
			<entityName>	30111349	</entityName>
			<rediviousTime>	60.000000	</rediviousTime>
			<rediviousTotal>	1	</rediviousTotal>
			<randomWalkRange>	3.000000	</randomWalkRange>
			<patrolList>	</patrolList>
			<entityType>	6	</entityType>
			<step>	1	</step>
			<group>	0	</group>
			<event>	0	</event>
			<isSpawnOnStep>	1	</isSpawnOnStep>
			<patrolPathNode>	</patrolPathNode>
		</properties>
	</entity_2>
	<entity_3>
		<type>	SpawnPointCopyKuafuRemains	</type>
		<transform>
			<row0>	0.020494 0.004678 -0.999761	</row0>
			<row1>	-0.013296 0.999888 0.004407	</row1>
			<row2>	0.999685 0.013204 0.020552	</row2>
			<row3>	-4.153152 18.282049 50.023029	</row3>
		</transform>
		<clientOnly>	false	</clientOnly>
		<properties>
			<entityName>	20212005|20212010|20212011	</entityName>
			<rediviousTime>	60.000000	</rediviousTime>
			<rediviousTotal>	1	</rediviousTotal>
			<randomWalkRange>	3.000000	</randomWalkRange>
			<patrolList>	</patrolList>
			<entityType>	5	</entityType>
			<step>	1	</step>
			<group>	0	</group>
			<event>	0	</event>
			<isSpawnOnStep>	1	</isSpawnOnStep>
			<patrolPathNode>	</patrolPathNode>
		</properties>
	</entity_3>
	<entity_4>
		<type>	SpawnPointCopyKuafuRemains	</type>
		<transform>
			<row0>	-0.237962 0.006777 -0.971228	</row0>
			<row1>	-0.025052 0.999582 0.013115	</row1>
			<row2>	0.970930 0.027455 -0.237699	</row2>
			<row3>	-11.230698 18.752048 14.116612	</row3>
		</transform>
		<clientOnly>	false	</clientOnly>
		<properties>
			<entityName>	20212005|20212010|20212011	</entityName>
			<rediviousTime>	60.000000	</rediviousTime>
			<rediviousTotal>	1	</rediviousTotal>
			<randomWalkRange>	3.000000	</randomWalkRange>
			<patrolList>	</patrolList>
			<entityType>	5	</entityType>
			<step>	1	</step>
			<group>	0	</group>
			<event>	0	</event>
			<isSpawnOnStep>	1	</isSpawnOnStep>
			<patrolPathNode>	</patrolPathNode>
		</properties>
	</entity_4>
	<entity_5>
		<type>	SpawnPointCopyKuafuRemains	</type>
		<transform>
			<row0>	0.846045 -0.000001 -0.533102	</row0>
			<row1>	0.000000 0.999995 0.000000	</row1>
			<row2>	0.533099 0.000000 0.846043	</row2>
			<row3>	-1.245911 18.209316 25.189091	</row3>
		</transform>
		<clientOnly>	false	</clientOnly>
		<properties>
			<entityName>	20212007	</entityName>
			<rediviousTime>	60.000000	</rediviousTime>
			<rediviousTotal>	1	</rediviousTotal>
			<randomWalkRange>	3.000000	</randomWalkRange>
			<patrolList>	</patrolList>
			<entityType>	4	</entityType>
			<step>	1	</step>
			<group>	0	</group>
			<event>	0	</event>
			<isSpawnOnStep>	1	</isSpawnOnStep>
			<patrolPathNode>	</patrolPathNode>
		</properties>
	</entity_5>
	<entity_6>
		<type>	SpawnPointCopyKuafuRemains	</type>
		<transform>
			<row0>	0.962899 0.000000 0.269812	</row0>
			<row1>	0.000000 0.999988 0.000000	</row1>
			<row2>	-0.269811 0.000000 0.962897	</row2>
			<row3>	96.708275 68.984337 -155.527908	</row3>
		</transform>
		<clientOnly>	false	</clientOnly>
		<properties>
			<entityName>	20321027	</entityName>
			<rediviousTime>	60.000000	</rediviousTime>
			<rediviousTotal>	1	</rediviousTotal>
			<randomWalkRange>	3.000000	</randomWalkRange>
			<patrolList>	</patrolList>
			<entityType>	1	</entityType>
			<step>	3	</step>
			<group>	0	</group>
			<event>	6	</event>
			<isSpawnOnStep>	0	</isSpawnOnStep>
			<patrolPathNode>	</patrolPathNode>
		</properties>
	</entity_6>
	<entity_7>
		<type>	SpawnPointCopyKuafuRemains	</type>
		<transform>
			<row0>	0.993624 -0.099278 0.053171	</row0>
			<row1>	0.096586 0.994004 0.051008	</row1>
			<row2>	-0.057918 -0.045544 0.997266	</row2>
			<row3>	22.643991 25.365225 -20.773773	</row3>
		</transform>
		<clientOnly>	false	</clientOnly>
		<properties>
			<entityName>	20154004	</entityName>
			<rediviousTime>	60.000000	</rediviousTime>
			<rediviousTotal>	1	</rediviousTotal>
			<randomWalkRange>	3.000000	</randomWalkRange>
			<patrolList>	</patrolList>
			<entityType>	2	</entityType>
			<step>	1	</step>
			<group>	0	</group>
			<event>	0	</event>
			<isSpawnOnStep>	1	</isSpawnOnStep>
			<patrolPathNode>	</patrolPathNode>
		</properties>
	</entity_7>
	<entity_8>
		<type>	SpawnPointCopyKuafuRemains	</type>
		<transform>
			<row0>	0.890127 -0.056367 -0.452184	</row0>
			<row1>	0.096547 0.993108 0.066257	</row1>
			<row2>	0.445336 -0.102633 0.889444	</row2>
			<row3>	17.283161 25.355459 -18.996941	</row3>
		</transform>
		<clientOnly>	false	</clientOnly>
		<properties>
			<entityName>	20124004	</entityName>
			<rediviousTime>	60.000000	</rediviousTime>
			<rediviousTotal>	1	</rediviousTotal>
			<randomWalkRange>	3.000000	</randomWalkRange>
			<patrolList>	</patrolList>
			<entityType>	2	</entityType>
			<step>	1	</step>
			<group>	0	</group>
			<event>	0	</event>
			<isSpawnOnStep>	1	</isSpawnOnStep>
			<patrolPathNode>	</patrolPathNode>
		</properties>
	</entity_8>
	<entity_9>
		<type>	SpawnPointCopyKuafuRemains	</type>
		<transform>
			<row0>	0.945695 -0.097470 0.310058	</row0>
			<row1>	0.080466 0.994478 0.067195	</row1>
			<row2>	-0.314900 -0.038594 0.948325	</row2>
			<row3>	27.385792 24.970694 -19.087509	</row3>
		</transform>
		<clientOnly>	false	</clientOnly>
		<properties>
			<entityName>	20114004	</entityName>
			<rediviousTime>	60.000000	</rediviousTime>
			<rediviousTotal>	1	</rediviousTotal>
			<randomWalkRange>	3.000000	</randomWalkRange>
			<patrolList>	</patrolList>
			<entityType>	2	</entityType>
			<step>	1	</step>
			<group>	0	</group>
			<event>	0	</event>
			<isSpawnOnStep>	1	</isSpawnOnStep>
			<patrolPathNode>	</patrolPathNode>
		</properties>
	</entity_9>
	<entity_10>
		<type>	SpawnPointCopyKuafuRemains	</type>
		<transform>
			<row0>	-0.479032 -0.182110 0.858689	</row0>
			<row1>	-0.191583 0.976342 0.100184	</row1>
			<row2>	-0.856624 -0.116516 -0.502593	</row2>
			<row3>	28.109678 44.417194 -60.298225	</row3>
		</transform>
		<clientOnly>	false	</clientOnly>
		<properties>
			<entityName>	20212005	</entityName>
			<rediviousTime>	60.000000	</rediviousTime>
			<rediviousTotal>	1	</rediviousTotal>
			<randomWalkRange>	3.000000	</randomWalkRange>
			<patrolList>	</patrolList>
			<entityType>	5	</entityType>
			<step>	1	</step>
			<group>	0	</group>
			<event>	0	</event>
			<isSpawnOnStep>	1	</isSpawnOnStep>
			<patrolPathNode>	</patrolPathNode>
		</properties>
	</entity_10>
	<entity_11>
		<type>	SpawnPointCopyKuafuRemains	</type>
		<transform>
			<row0>	0.976334 0.077848 -0.201725	</row0>
			<row1>	-0.073038 0.996833 0.031199	</row1>
			<row2>	0.203515 -0.015724 0.978934	</row2>
			<row3>	68.963356 53.976906 -59.873131	</row3>
		</transform>
		<clientOnly>	false	</clientOnly>
		<properties>
			<entityName>	20212005	</entityName>
			<rediviousTime>	60.000000	</rediviousTime>
			<rediviousTotal>	1	</rediviousTotal>
			<randomWalkRange>	3.000000	</randomWalkRange>
			<patrolList>	</patrolList>
			<entityType>	5	</entityType>
			<step>	1	</step>
			<group>	0	</group>
			<event>	0	</event>
			<isSpawnOnStep>	1	</isSpawnOnStep>
			<patrolPathNode>	</patrolPathNode>
		</properties>
	</entity_11>
	<entity_12>
		<type>	SpawnPointCopyKuafuRemains	</type>
		<transform>
			<row0>	-0.203584 0.016705 -0.978904	</row0>
			<row1>	-0.063880 0.997488 0.030307	</row1>
			<row2>	0.976960 0.068706 -0.202005	</row2>
			<row3>	73.617775 54.405884 -68.191887	</row3>
		</transform>
		<clientOnly>	false	</clientOnly>
		<properties>
			<entityName>	20212005	</entityName>
			<rediviousTime>	60.000000	</rediviousTime>
			<rediviousTotal>	1	</rediviousTotal>
			<randomWalkRange>	3.000000	</randomWalkRange>
			<patrolList>	</patrolList>
			<entityType>	5	</entityType>
			<step>	1	</step>
			<group>	0	</group>
			<event>	0	</event>
			<isSpawnOnStep>	1	</isSpawnOnStep>
			<patrolPathNode>	</patrolPathNode>
		</properties>
	</entity_12>
	<entity_13>
		<type>	SpawnPointCopyKuafuRemains	</type>
		<transform>
			<row0>	-0.855888 0.135375 -0.499102	</row0>
			<row1>	0.074740 0.987366 0.139642	</row1>
			<row2>	0.511705 0.082216 -0.855201	</row2>
			<row3>	3.888000 30.776997 -42.007008	</row3>
		</transform>
		<clientOnly>	false	</clientOnly>
		<properties>
			<entityName>	30111349	</entityName>
			<rediviousTime>	60.000000	</rediviousTime>
			<rediviousTotal>	1	</rediviousTotal>
			<randomWalkRange>	3.000000	</randomWalkRange>
			<patrolList>	</patrolList>
			<entityType>	6	</entityType>
			<step>	1	</step>
			<group>	0	</group>
			<event>	0	</event>
			<isSpawnOnStep>	1	</isSpawnOnStep>
			<patrolPathNode>	</patrolPathNode>
		</properties>
	</entity_13>
	<entity_14>
		<type>	SpawnPointCopyKuafuRemains	</type>
		<transform>
			<row0>	0.563721 -0.002015 -0.825927	</row0>
			<row1>	0.001639 0.999974 -0.001319	</row1>
			<row2>	0.825927 -0.000608 0.563724	</row2>
			<row3>	96.862938 55.255852 -22.220222	</row3>
		</transform>
		<clientOnly>	false	</clientOnly>
		<properties>
			<entityName>	20122015|20112017|20142017|20132014	</entityName>
			<rediviousTime>	60.000000	</rediviousTime>
			<rediviousTotal>	1	</rediviousTotal>
			<randomWalkRange>	3.000000	</randomWalkRange>
			<patrolList>	</patrolList>
			<entityType>	1	</entityType>
			<step>	2	</step>
			<group>	2	</group>
			<event>	0	</event>
			<isSpawnOnStep>	1	</isSpawnOnStep>
			<patrolPathNode>	</patrolPathNode>
		</properties>
	</entity_14>
	<entity_15>
		<type>	SpawnPointCopyKuafuRemains	</type>
		<transform>
			<row0>	-0.859894 0.000735 -0.510416	</row0>
			<row1>	0.001639 0.999975 -0.001319	</row1>
			<row2>	0.510416 -0.001968 -0.859892	</row2>
			<row3>	99.045616 56.943352 -10.508255	</row3>
		</transform>
		<clientOnly>	false	</clientOnly>
		<properties>
			<entityName>	20122015|20112017|20142017|20132014	</entityName>
			<rediviousTime>	60.000000	</rediviousTime>
			<rediviousTotal>	1	</rediviousTotal>
			<randomWalkRange>	3.000000	</randomWalkRange>
			<patrolList>	</patrolList>
			<entityType>	1	</entityType>
			<step>	2	</step>
			<group>	2	</group>
			<event>	0	</event>
			<isSpawnOnStep>	1	</isSpawnOnStep>
			<patrolPathNode>	</patrolPathNode>
		</properties>
	</entity_15>
	<entity_16>
		<type>	SpawnPointCopyKuafuRemains	</type>
		<transform>
			<row0>	-0.247120 -0.000874 -0.968956	</row0>
			<row1>	0.001639 0.999975 -0.001319	</row1>
			<row2>	0.968955 -0.001912 -0.247117	</row2>
			<row3>	95.237480 56.031242 -15.124352	</row3>
		</transform>
		<clientOnly>	false	</clientOnly>
		<properties>
			<entityName>	20122015|20112017|20142017|20132014	</entityName>
			<rediviousTime>	60.000000	</rediviousTime>
			<rediviousTotal>	1	</rediviousTotal>
			<randomWalkRange>	3.000000	</randomWalkRange>
			<patrolList>	</patrolList>
			<entityType>	1	</entityType>
			<step>	2	</step>
			<group>	2	</group>
			<event>	0	</event>
			<isSpawnOnStep>	1	</isSpawnOnStep>
			<patrolPathNode>	</patrolPathNode>
		</properties>
	</entity_16>
	<entity_17>
		<type>	SpawnPointCopyKuafuRemains	</type>
		<transform>
			<row0>	-0.859894 0.000735 -0.510416	</row0>
			<row1>	0.001639 0.999975 -0.001319	</row1>
			<row2>	0.510416 -0.001968 -0.859892	</row2>
			<row3>	87.759438 55.199211 -33.966980	</row3>
		</transform>
		<clientOnly>	false	</clientOnly>
		<properties>
			<entityName>	20122015|20112017|20142017|20132014	</entityName>
			<rediviousTime>	60.000000	</rediviousTime>
			<rediviousTotal>	1	</rediviousTotal>
			<randomWalkRange>	3.000000	</randomWalkRange>
			<patrolList>	</patrolList>
			<entityType>	1	</entityType>
			<step>	2	</step>
			<group>	1	</group>
			<event>	0	</event>
			<isSpawnOnStep>	1	</isSpawnOnStep>
			<patrolPathNode>	</patrolPathNode>
		</properties>
	</entity_17>
	<entity_18>
		<type>	SpawnPointCopyKuafuRemains	</type>
		<transform>
			<row0>	-0.936308 0.001998 0.351087	</row0>
			<row1>	0.001639 0.999973 -0.001319	</row1>
			<row2>	-0.351086 -0.000657 -0.936311	</row2>
			<row3>	94.439224 54.761711 -33.117630	</row3>
		</transform>
		<clientOnly>	false	</clientOnly>
		<properties>
			<entityName>	20122015|20112017|20142017|20132014	</entityName>
			<rediviousTime>	60.000000	</rediviousTime>
			<rediviousTotal>	1	</rediviousTotal>
			<randomWalkRange>	3.000000	</randomWalkRange>
			<patrolList>	</patrolList>
			<entityType>	1	</entityType>
			<step>	2	</step>
			<group>	1	</group>
			<event>	0	</event>
			<isSpawnOnStep>	1	</isSpawnOnStep>
			<patrolPathNode>	</patrolPathNode>
		</properties>
	</entity_18>
	<entity_19>
		<type>	SpawnPointCopyKuafuRemains	</type>
		<transform>
			<row0>	0.108157 -0.002102 0.994111	</row0>
			<row1>	0.000323 0.999979 0.002079	</row1>
			<row2>	-0.994113 0.000097 0.108156	</row2>
			<row3>	91.942261 54.890617 -40.457233	</row3>
		</transform>
		<clientOnly>	false	</clientOnly>
		<properties>
			<entityName>	20212006	</entityName>
			<rediviousTime>	60.000000	</rediviousTime>
			<rediviousTotal>	1	</rediviousTotal>
			<randomWalkRange>	3.000000	</randomWalkRange>
			<patrolList>	</patrolList>
			<entityType>	3	</entityType>
			<step>	2	</step>
			<group>	1	</group>
			<event>	5	</event>
			<isSpawnOnStep>	1	</isSpawnOnStep>
			<patrolPathNode>	</patrolPathNode>
		</properties>
	</entity_19>
	<entity_20>
		<type>	SpawnPointCopyKuafuRemains	</type>
		<transform>
			<row0>	-0.247120 -0.000874 -0.968956	</row0>
			<row1>	0.001639 0.999975 -0.001319	</row1>
			<row2>	0.968955 -0.001912 -0.247117	</row2>
			<row3>	83.951286 55.398430 -38.583084	</row3>
		</transform>
		<clientOnly>	false	</clientOnly>
		<properties>
			<entityName>	20122015|20112017|20142017|20132014	</entityName>
			<rediviousTime>	60.000000	</rediviousTime>
			<rediviousTotal>	1	</rediviousTotal>
			<randomWalkRange>	3.000000	</randomWalkRange>
			<patrolList>	</patrolList>
			<entityType>	1	</entityType>
			<step>	2	</step>
			<group>	1	</group>
			<event>	0	</event>
			<isSpawnOnStep>	1	</isSpawnOnStep>
			<patrolPathNode>	</patrolPathNode>
		</properties>
	</entity_20>
	<entity_21>
		<type>	SpawnPointCopyKuafuRemains	</type>
		<transform>
			<row0>	-0.121788 0.001509 0.992524	</row0>
			<row1>	0.001639 0.999972 -0.001319	</row1>
			<row2>	-0.992523 0.001469 -0.121793	</row2>
			<row3>	99.559921 54.533195 -38.657578	</row3>
		</transform>
		<clientOnly>	false	</clientOnly>
		<properties>
			<entityName>	20122015|20112017|20142017|20132014	</entityName>
			<rediviousTime>	60.000000	</rediviousTime>
			<rediviousTotal>	1	</rediviousTotal>
			<randomWalkRange>	3.000000	</randomWalkRange>
			<patrolList>	</patrolList>
			<entityType>	1	</entityType>
			<step>	2	</step>
			<group>	1	</group>
			<event>	0	</event>
			<isSpawnOnStep>	1	</isSpawnOnStep>
			<patrolPathNode>	</patrolPathNode>
		</properties>
	</entity_21>
	<entity_22>
		<type>	SpawnPointCopyKuafuRemains	</type>
		<transform>
			<row0>	0.575738 0.000134 0.817598	</row0>
			<row1>	0.001640 0.999973 -0.001318	</row1>
			<row2>	-0.817597 0.002103 0.575734	</row2>
			<row3>	97.840790 54.740227 -45.332443	</row3>
		</transform>
		<clientOnly>	false	</clientOnly>
		<properties>
			<entityName>	20122015|20112017|20142017|20132014	</entityName>
			<rediviousTime>	60.000000	</rediviousTime>
			<rediviousTotal>	1	</rediviousTotal>
			<randomWalkRange>	3.000000	</randomWalkRange>
			<patrolList>	</patrolList>
			<entityType>	1	</entityType>
			<step>	2	</step>
			<group>	1	</group>
			<event>	0	</event>
			<isSpawnOnStep>	1	</isSpawnOnStep>
			<patrolPathNode>	</patrolPathNode>
		</properties>
	</entity_22>
	<entity_23>
		<type>	SpawnPointCopyKuafuRemains	</type>
		<transform>
			<row0>	0.992145 -0.001792 -0.124829	</row0>
			<row1>	0.001639 0.999971 -0.001319	</row1>
			<row2>	0.124828 0.001107 0.992145	</row2>
			<row3>	91.419983 54.919914 -48.228836	</row3>
		</transform>
		<clientOnly>	false	</clientOnly>
		<properties>
			<entityName>	20122015|20112017|20142017|20132014	</entityName>
			<rediviousTime>	60.000000	</rediviousTime>
			<rediviousTotal>	1	</rediviousTotal>
			<randomWalkRange>	3.000000	</randomWalkRange>
			<patrolList>	</patrolList>
			<entityType>	1	</entityType>
			<step>	2	</step>
			<group>	1	</group>
			<event>	0	</event>
			<isSpawnOnStep>	1	</isSpawnOnStep>
			<patrolPathNode>	</patrolPathNode>
		</properties>
	</entity_23>
	<entity_24>
		<type>	SpawnPointCopyKuafuRemains	</type>
		<transform>
			<row0>	0.563721 -0.002015 -0.825927	</row0>
			<row1>	0.001639 0.999974 -0.001319	</row1>
			<row2>	0.825927 -0.000608 0.563724	</row2>
			<row3>	85.576744 54.800774 -45.678925	</row3>
		</transform>
		<clientOnly>	false	</clientOnly>
		<properties>
			<entityName>	20122015|20112017|20142017|20132014	</entityName>
			<rediviousTime>	60.000000	</rediviousTime>
			<rediviousTotal>	1	</rediviousTotal>
			<randomWalkRange>	3.000000	</randomWalkRange>
			<patrolList>	</patrolList>
			<entityType>	1	</entityType>
			<step>	2	</step>
			<group>	1	</group>
			<event>	0	</event>
			<isSpawnOnStep>	1	</isSpawnOnStep>
			<patrolPathNode>	</patrolPathNode>
		</properties>
	</entity_24>
	<entity_25>
		<type>	SpawnPointCopyKuafuRemains	</type>
		<transform>
			<row0>	-0.859894 0.000735 -0.510416	</row0>
			<row1>	0.001639 0.999975 -0.001319	</row1>
			<row2>	0.510416 -0.001968 -0.859892	</row2>
			<row3>	93.670815 54.769524 -58.044403	</row3>
		</transform>
		<clientOnly>	false	</clientOnly>
		<properties>
			<entityName>	20122015|20112017|20142017|20132014	</entityName>
			<rediviousTime>	60.000000	</rediviousTime>
			<rediviousTotal>	1	</rediviousTotal>
			<randomWalkRange>	3.000000	</randomWalkRange>
			<patrolList>	</patrolList>
			<entityType>	1	</entityType>
			<step>	2	</step>
			<group>	8	</group>
			<event>	0	</event>
			<isSpawnOnStep>	1	</isSpawnOnStep>
			<patrolPathNode>	</patrolPathNode>
		</properties>
	</entity_25>
	<entity_26>
		<type>	SpawnPointCopyKuafuRemains	</type>
		<transform>
			<row0>	-0.247120 -0.000874 -0.968956	</row0>
			<row1>	0.001639 0.999975 -0.001319	</row1>
			<row2>	0.968955 -0.001912 -0.247117	</row2>
			<row3>	89.862663 55.044914 -62.660507	</row3>
		</transform>
		<clientOnly>	false	</clientOnly>
		<properties>
			<entityName>	20122015|20112017|20142017|20132014	</entityName>
			<rediviousTime>	60.000000	</rediviousTime>
			<rediviousTotal>	1	</rediviousTotal>
			<randomWalkRange>	3.000000	</randomWalkRange>
			<patrolList>	</patrolList>
			<entityType>	1	</entityType>
			<step>	2	</step>
			<group>	8	</group>
			<event>	0	</event>
			<isSpawnOnStep>	1	</isSpawnOnStep>
			<patrolPathNode>	</patrolPathNode>
		</properties>
	</entity_26>
	<entity_27>
		<type>	SpawnPointCopyKuafuRemains	</type>
		<transform>
			<row0>	0.563721 -0.002015 -0.825927	</row0>
			<row1>	0.001639 0.999974 -0.001319	</row1>
			<row2>	0.825927 -0.000608 0.563724	</row2>
			<row3>	91.488121 55.041008 -69.756317	</row3>
		</transform>
		<clientOnly>	false	</clientOnly>
		<properties>
			<entityName>	20122015|20112017|20142017|20132014	</entityName>
			<rediviousTime>	60.000000	</rediviousTime>
			<rediviousTotal>	1	</rediviousTotal>
			<randomWalkRange>	3.000000	</randomWalkRange>
			<patrolList>	</patrolList>
			<entityType>	1	</entityType>
			<step>	2	</step>
			<group>	8	</group>
			<event>	0	</event>
			<isSpawnOnStep>	1	</isSpawnOnStep>
			<patrolPathNode>	</patrolPathNode>
		</properties>
	</entity_27>
	<entity_28>
		<type>	SpawnPointCopyKuafuRemains	</type>
		<transform>
			<row0>	0.992145 -0.001792 -0.124829	</row0>
			<row1>	0.001639 0.999971 -0.001319	</row1>
			<row2>	0.124828 0.001107 0.992145	</row2>
			<row3>	97.331375 55.011711 -72.306229	</row3>
		</transform>
		<clientOnly>	false	</clientOnly>
		<properties>
			<entityName>	20122015|20112017|20142017|20132014	</entityName>
			<rediviousTime>	60.000000	</rediviousTime>
			<rediviousTotal>	1	</rediviousTotal>
			<randomWalkRange>	3.000000	</randomWalkRange>
			<patrolList>	</patrolList>
			<entityType>	1	</entityType>
			<step>	2	</step>
			<group>	8	</group>
			<event>	0	</event>
			<isSpawnOnStep>	1	</isSpawnOnStep>
			<patrolPathNode>	</patrolPathNode>
		</properties>
	</entity_28>
	<entity_29>
		<type>	SpawnPointCopyKuafuRemains	</type>
		<transform>
			<row0>	-0.631635 -0.001408 0.775238	</row0>
			<row1>	0.000323 0.999978 0.002079	</row1>
			<row2>	-0.775238 0.001564 -0.631634	</row2>
			<row3>	97.853676 54.916008 -64.534668	</row3>
		</transform>
		<clientOnly>	false	</clientOnly>
		<properties>
			<entityName>	20212006	</entityName>
			<rediviousTime>	60.000000	</rediviousTime>
			<rediviousTotal>	1	</rediviousTotal>
			<randomWalkRange>	3.000000	</randomWalkRange>
			<patrolList>	</patrolList>
			<entityType>	3	</entityType>
			<step>	2	</step>
			<group>	8	</group>
			<event>	5	</event>
			<isSpawnOnStep>	1	</isSpawnOnStep>
			<patrolPathNode>	</patrolPathNode>
		</properties>
	</entity_29>
	<entity_30>
		<type>	SpawnPointCopyKuafuRemains	</type>
		<transform>
			<row0>	0.866076 -0.018655 -0.499554	</row0>
			<row1>	0.018825 0.999808 -0.004699	</row1>
			<row2>	0.499547 -0.005334 0.866265	</row2>
			<row3>	60.519131 19.454102 90.111771	</row3>
		</transform>
		<clientOnly>	false	</clientOnly>
		<properties>
			<entityName>	20212005|20212010|20212011	</entityName>
			<rediviousTime>	60.000000	</rediviousTime>
			<rediviousTotal>	1	</rediviousTotal>
			<randomWalkRange>	3.000000	</randomWalkRange>
			<patrolList>	</patrolList>
			<entityType>	5	</entityType>
			<step>	1	</step>
			<group>	0	</group>
			<event>	0	</event>
			<isSpawnOnStep>	1	</isSpawnOnStep>
			<patrolPathNode>	</patrolPathNode>
		</properties>
	</entity_30>
	<entity_31>
		<type>	SpawnPointCopyKuafuRemains	</type>
		<transform>
			<row0>	0.690456 0.008259 0.723319	</row0>
			<row1>	-0.016202 0.999856 0.004048	</row1>
			<row2>	-0.723185 -0.014513 0.690493	</row2>
			<row3>	58.074627 19.506260 90.456726	</row3>
		</transform>
		<clientOnly>	false	</clientOnly>
		<properties>
			<entityName>	20212005|20212010|20212011	</entityName>
			<rediviousTime>	60.000000	</rediviousTime>
			<rediviousTotal>	1	</rediviousTotal>
			<randomWalkRange>	3.000000	</randomWalkRange>
			<patrolList>	</patrolList>
			<entityType>	5	</entityType>
			<step>	1	</step>
			<group>	0	</group>
			<event>	0	</event>
			<isSpawnOnStep>	1	</isSpawnOnStep>
			<patrolPathNode>	</patrolPathNode>
		</properties>
	</entity_31>
	<entity_32>
		<type>	SpawnPointCopyKuafuRemains	</type>
		<transform>
			<row0>	0.723278 0.008626 -0.690490	</row0>
			<row1>	-0.016130 0.999853 -0.004403	</row1>
			<row2>	0.690356 0.014323 0.723316	</row2>
			<row3>	48.126251 19.296909 91.425819	</row3>
		</transform>
		<clientOnly>	false	</clientOnly>
		<properties>
			<entityName>	20212005|20212010|20212011	</entityName>
			<rediviousTime>	60.000000	</rediviousTime>
			<rediviousTotal>	1	</rediviousTotal>
			<randomWalkRange>	3.000000	</randomWalkRange>
			<patrolList>	</patrolList>
			<entityType>	5	</entityType>
			<step>	1	</step>
			<group>	0	</group>
			<event>	0	</event>
			<isSpawnOnStep>	1	</isSpawnOnStep>
			<patrolPathNode>	</patrolPathNode>
		</properties>
	</entity_32>
	<entity_33>
		<type>	SpawnPointCopyKuafuRemains	</type>
		<transform>
			<row0>	-0.277318 -0.047632 0.959584	</row0>
			<row1>	-0.013066 0.998855 0.045804	</row1>
			<row2>	-0.960678 0.000166 -0.277625	</row2>
			<row3>	28.560101 19.507366 82.421440	</row3>
		</transform>
		<clientOnly>	false	</clientOnly>
		<properties>
			<entityName>	20212005|20212010|20212011	</entityName>
			<rediviousTime>	60.000000	</rediviousTime>
			<rediviousTotal>	1	</rediviousTotal>
			<randomWalkRange>	3.000000	</randomWalkRange>
			<patrolList>	</patrolList>
			<entityType>	5	</entityType>
			<step>	1	</step>
			<group>	0	</group>
			<event>	0	</event>
			<isSpawnOnStep>	1	</isSpawnOnStep>
			<patrolPathNode>	</patrolPathNode>
		</properties>
	</entity_33>
	<entity_34>
		<type>	SpawnPointCopyKuafuRemains	</type>
		<transform>
			<row0>	0.999744 0.009720 0.019709	</row0>
			<row1>	-0.010583 0.998958 0.044109	</row1>
			<row2>	-0.019259 -0.044306 0.998819	</row2>
			<row3>	21.157461 19.063406 81.244141	</row3>
		</transform>
		<clientOnly>	false	</clientOnly>
		<properties>
			<entityName>	20212005|20212010|20212011	</entityName>
			<rediviousTime>	60.000000	</rediviousTime>
			<rediviousTotal>	1	</rediviousTotal>
			<randomWalkRange>	3.000000	</randomWalkRange>
			<patrolList>	</patrolList>
			<entityType>	5	</entityType>
			<step>	1	</step>
			<group>	0	</group>
			<event>	0	</event>
			<isSpawnOnStep>	1	</isSpawnOnStep>
			<patrolPathNode>	</patrolPathNode>
		</properties>
	</entity_34>
	<entity_35>
		<type>	SpawnPointCopyKuafuRemains	</type>
		<transform>
			<row0>	-0.958946 -0.047891 -0.279457	</row0>
			<row1>	-0.059175 0.997719 0.032078	</row1>
			<row2>	0.277286 0.047299 -0.959607	</row2>
			<row3>	31.430984 19.884716 80.401230	</row3>
		</transform>
		<clientOnly>	false	</clientOnly>
		<properties>
			<entityName>	20212005|20212010|20212011	</entityName>
			<rediviousTime>	60.000000	</rediviousTime>
			<rediviousTotal>	1	</rediviousTotal>
			<randomWalkRange>	3.000000	</randomWalkRange>
			<patrolList>	</patrolList>
			<entityType>	5	</entityType>
			<step>	1	</step>
			<group>	0	</group>
			<event>	0	</event>
			<isSpawnOnStep>	1	</isSpawnOnStep>
			<patrolPathNode>	</patrolPathNode>
		</properties>
	</entity_35>
	<entity_36>
		<type>	SpawnPointCopyKuafuRemains	</type>
		<transform>
			<row0>	-0.999691 -0.012696 -0.020550	</row0>
			<row1>	-0.012953 0.999826 0.012441	</row1>
			<row2>	0.020387 0.012705 -0.999697	</row2>
			<row3>	1.656358 18.287073 62.932957	</row3>
		</transform>
		<clientOnly>	false	</clientOnly>
		<properties>
			<entityName>	20212005|20212010|20212011	</entityName>
			<rediviousTime>	60.000000	</rediviousTime>
			<rediviousTotal>	1	</rediviousTotal>
			<randomWalkRange>	3.000000	</randomWalkRange>
			<patrolList>	</patrolList>
			<entityType>	5	</entityType>
			<step>	1	</step>
			<group>	0	</group>
			<event>	0	</event>
			<isSpawnOnStep>	1	</isSpawnOnStep>
			<patrolPathNode>	</patrolPathNode>
		</properties>
	</entity_36>
	<entity_37>
		<type>	SpawnPointCopyKuafuRemains	</type>
		<transform>
			<row0>	-0.517548 0.012410 0.855543	</row0>
			<row1>	0.016976 0.999833 -0.004236	</row1>
			<row2>	-0.855467 0.012333 -0.517678	</row2>
			<row3>	65.714279 18.707073 42.006676	</row3>
		</transform>
		<clientOnly>	false	</clientOnly>
		<properties>
			<entityName>	20212005|20212010|20212011	</entityName>
			<rediviousTime>	60.000000	</rediviousTime>
			<rediviousTotal>	1	</rediviousTotal>
			<randomWalkRange>	3.000000	</randomWalkRange>
			<patrolList>	</patrolList>
			<entityType>	5	</entityType>
			<step>	1	</step>
			<group>	0	</group>
			<event>	0	</event>
			<isSpawnOnStep>	1	</isSpawnOnStep>
			<patrolPathNode>	</patrolPathNode>
		</properties>
	</entity_37>
	<entity_38>
		<type>	SpawnPointCopyKuafuRemains	</type>
		<transform>
			<row0>	-0.961104 -0.139459 0.238311	</row0>
			<row1>	-0.140726 0.989964 0.011771	</row1>
			<row2>	-0.237567 -0.022223 -0.971099	</row2>
			<row3>	68.124557 18.743128 40.665798	</row3>
		</transform>
		<clientOnly>	false	</clientOnly>
		<properties>
			<entityName>	20212005|20212010|20212011	</entityName>
			<rediviousTime>	60.000000	</rediviousTime>
			<rediviousTotal>	1	</rediviousTotal>
			<randomWalkRange>	3.000000	</randomWalkRange>
			<patrolList>	</patrolList>
			<entityType>	5	</entityType>
			<step>	1	</step>
			<group>	0	</group>
			<event>	0	</event>
			<isSpawnOnStep>	1	</isSpawnOnStep>
			<patrolPathNode>	</patrolPathNode>
		</properties>
	</entity_38>
	<entity_39>
		<type>	SpawnPointCopyKuafuRemains	</type>
		<transform>
			<row0>	0.258060 -0.041643 -0.965226	</row0>
			<row1>	0.125391 0.992059 -0.009276	</row1>
			<row2>	0.957950 -0.118638 0.261236	</row2>
			<row3>	58.089535 18.722273 27.780197	</row3>
		</transform>
		<clientOnly>	false	</clientOnly>
		<properties>
			<entityName>	20212009	</entityName>
			<rediviousTime>	60.000000	</rediviousTime>
			<rediviousTotal>	1	</rediviousTotal>
			<randomWalkRange>	3.000000	</randomWalkRange>
			<patrolList>	</patrolList>
			<entityType>	4	</entityType>
			<step>	1	</step>
			<group>	0	</group>
			<event>	0	</event>
			<isSpawnOnStep>	1	</isSpawnOnStep>
			<patrolPathNode>	</patrolPathNode>
		</properties>
	</entity_39>
	<entity_40>
		<type>	SpawnPointCopyKuafuRemains	</type>
		<transform>
			<row0>	0.864309 -0.041866 -0.501206	</row0>
			<row1>	0.024568 0.998850 -0.041065	</row1>
			<row2>	0.502348 0.023179 0.864348	</row2>
			<row3>	57.700420 18.606558 61.619675	</row3>
		</transform>
		<clientOnly>	false	</clientOnly>
		<properties>
			<entityName>	20212009	</entityName>
			<rediviousTime>	60.000000	</rediviousTime>
			<rediviousTotal>	1	</rediviousTotal>
			<randomWalkRange>	3.000000	</randomWalkRange>
			<patrolList>	</patrolList>
			<entityType>	4	</entityType>
			<step>	1	</step>
			<group>	0	</group>
			<event>	0	</event>
			<isSpawnOnStep>	1	</isSpawnOnStep>
			<patrolPathNode>	</patrolPathNode>
		</properties>
	</entity_40>
	<entity_41>
		<type>	SpawnPointCopyKuafuRemains	</type>
		<transform>
			<row0>	0.828327 0.049377 -0.558056	</row0>
			<row1>	-0.282518 0.896990 -0.339976	</row1>
			<row2>	0.483783 0.439272 0.756954	</row2>
			<row3>	44.376232 19.039902 29.818272	</row3>
		</transform>
		<clientOnly>	false	</clientOnly>
		<properties>
			<entityName>	20212007	</entityName>
			<rediviousTime>	60.000000	</rediviousTime>
			<rediviousTotal>	1	</rediviousTotal>
			<randomWalkRange>	3.000000	</randomWalkRange>
			<patrolList>	</patrolList>
			<entityType>	4	</entityType>
			<step>	1	</step>
			<group>	0	</group>
			<event>	0	</event>
			<isSpawnOnStep>	1	</isSpawnOnStep>
			<patrolPathNode>	</patrolPathNode>
		</properties>
	</entity_41>
	<entity_42>
		<type>	SpawnPointCopyKuafuRemains	</type>
		<transform>
			<row0>	0.840900 -0.045808 -0.539240	</row0>
			<row1>	0.032098 0.998874 -0.034798	</row1>
			<row2>	0.540226 0.011953 0.841426	</row2>
			<row3>	90.174156 19.652491 90.184288	</row3>
		</transform>
		<clientOnly>	false	</clientOnly>
		<properties>
			<entityName>	20212007	</entityName>
			<rediviousTime>	60.000000	</rediviousTime>
			<rediviousTotal>	1	</rediviousTotal>
			<randomWalkRange>	3.000000	</randomWalkRange>
			<patrolList>	</patrolList>
			<entityType>	4	</entityType>
			<step>	1	</step>
			<group>	0	</group>
			<event>	0	</event>
			<isSpawnOnStep>	1	</isSpawnOnStep>
			<patrolPathNode>	</patrolPathNode>
		</properties>
	</entity_42>
	<entity_43>
		<type>	SpawnPointCopyKuafuRemains	</type>
		<transform>
			<row0>	0.841072 -0.039913 -0.539440	</row0>
			<row1>	0.026254 0.999106 -0.032987	</row1>
			<row2>	0.540273 0.013582 0.841371	</row2>
			<row3>	88.043877 19.642792 89.825554	</row3>
		</transform>
		<clientOnly>	false	</clientOnly>
		<properties>
			<entityName>	20212008	</entityName>
			<rediviousTime>	60.000000	</rediviousTime>
			<rediviousTotal>	1	</rediviousTotal>
			<randomWalkRange>	3.000000	</randomWalkRange>
			<patrolList>	</patrolList>
			<entityType>	4	</entityType>
			<step>	1	</step>
			<group>	0	</group>
			<event>	0	</event>
			<isSpawnOnStep>	1	</isSpawnOnStep>
			<patrolPathNode>	</patrolPathNode>
		</properties>
	</entity_43>
	<entity_44>
		<type>	SpawnPointCopyKuafuRemains	</type>
		<transform>
			<row0>	0.839233 0.191124 -0.509068	</row0>
			<row1>	-0.070087 0.966400 0.247282	</row1>
			<row2>	0.539225 -0.171849 0.824433	</row2>
			<row3>	48.819138 19.038471 50.908306	</row3>
		</transform>
		<clientOnly>	false	</clientOnly>
		<properties>
			<entityName>	20212007	</entityName>
			<rediviousTime>	60.000000	</rediviousTime>
			<rediviousTotal>	1	</rediviousTotal>
			<randomWalkRange>	3.000000	</randomWalkRange>
			<patrolList>	</patrolList>
			<entityType>	4	</entityType>
			<step>	1	</step>
			<group>	0	</group>
			<event>	0	</event>
			<isSpawnOnStep>	1	</isSpawnOnStep>
			<patrolPathNode>	</patrolPathNode>
		</properties>
	</entity_44>
	<entity_45>
		<type>	SpawnPointCopyKuafuRemains	</type>
		<transform>
			<row0>	0.846045 -0.000001 -0.533102	</row0>
			<row1>	0.000000 0.999995 0.000000	</row1>
			<row2>	0.533099 0.000000 0.846043	</row2>
			<row3>	68.089455 18.209314 54.206917	</row3>
		</transform>
		<clientOnly>	false	</clientOnly>
		<properties>
			<entityName>	20212007	</entityName>
			<rediviousTime>	60.000000	</rediviousTime>
			<rediviousTotal>	1	</rediviousTotal>
			<randomWalkRange>	3.000000	</randomWalkRange>
			<patrolList>	</patrolList>
			<entityType>	4	</entityType>
			<step>	1	</step>
			<group>	0	</group>
			<event>	0	</event>
			<isSpawnOnStep>	1	</isSpawnOnStep>
			<patrolPathNode>	</patrolPathNode>
		</properties>
	</entity_45>
	<entity_46>
		<type>	SpawnPointCopyKuafuRemains	</type>
		<transform>
			<row0>	0.846045 -0.000001 -0.533102	</row0>
			<row1>	0.000000 0.999995 0.000000	</row1>
			<row2>	0.533099 0.000000 0.846043	</row2>
			<row3>	71.501976 18.209312 75.822701	</row3>
		</transform>
		<clientOnly>	false	</clientOnly>
		<properties>
			<entityName>	20212007	</entityName>
			<rediviousTime>	60.000000	</rediviousTime>
			<rediviousTotal>	1	</rediviousTotal>
			<randomWalkRange>	3.000000	</randomWalkRange>
			<patrolList>	</patrolList>
			<entityType>	4	</entityType>
			<step>	1	</step>
			<group>	0	</group>
			<event>	0	</event>
			<isSpawnOnStep>	1	</isSpawnOnStep>
			<patrolPathNode>	</patrolPathNode>
		</properties>
	</entity_46>
	<entity_47>
		<type>	SpawnPointCopyKuafuRemains	</type>
		<transform>
			<row0>	0.846045 -0.000001 -0.533102	</row0>
			<row1>	0.000000 0.999995 0.000000	</row1>
			<row2>	0.533099 0.000000 0.846043	</row2>
			<row3>	41.326244 18.209318 15.865029	</row3>
		</transform>
		<clientOnly>	false	</clientOnly>
		<properties>
			<entityName>	20212007	</entityName>
			<rediviousTime>	60.000000	</rediviousTime>
			<rediviousTotal>	1	</rediviousTotal>
			<randomWalkRange>	3.000000	</randomWalkRange>
			<patrolList>	</patrolList>
			<entityType>	4	</entityType>
			<step>	1	</step>
			<group>	0	</group>
			<event>	0	</event>
			<isSpawnOnStep>	1	</isSpawnOnStep>
			<patrolPathNode>	</patrolPathNode>
		</properties>
	</entity_47>
	<entity_48>
		<type>	SpawnPointCopyKuafuRemains	</type>
		<transform>
			<row0>	0.846045 -0.000001 -0.533102	</row0>
			<row1>	0.000000 0.999995 0.000000	</row1>
			<row2>	0.533099 0.000000 0.846043	</row2>
			<row3>	74.411507 18.209318 67.264862	</row3>
		</transform>
		<clientOnly>	false	</clientOnly>
		<properties>
			<entityName>	20212007	</entityName>
			<rediviousTime>	60.000000	</rediviousTime>
			<rediviousTotal>	1	</rediviousTotal>
			<randomWalkRange>	3.000000	</randomWalkRange>
			<patrolList>	</patrolList>
			<entityType>	4	</entityType>
			<step>	1	</step>
			<group>	0	</group>
			<event>	0	</event>
			<isSpawnOnStep>	1	</isSpawnOnStep>
			<patrolPathNode>	</patrolPathNode>
		</properties>
	</entity_48>
	<entity_49>
		<type>	SpawnPointCopyKuafuRemains	</type>
		<transform>
			<row0>	0.846045 -0.000001 -0.533102	</row0>
			<row1>	0.000000 0.999995 0.000000	</row1>
			<row2>	0.533099 0.000000 0.846043	</row2>
			<row3>	87.202393 18.209314 50.918163	</row3>
		</transform>
		<clientOnly>	false	</clientOnly>
		<properties>
			<entityName>	20212007	</entityName>
			<rediviousTime>	60.000000	</rediviousTime>
			<rediviousTotal>	1	</rediviousTotal>
			<randomWalkRange>	3.000000	</randomWalkRange>
			<patrolList>	</patrolList>
			<entityType>	4	</entityType>
			<step>	1	</step>
			<group>	0	</group>
			<event>	0	</event>
			<isSpawnOnStep>	1	</isSpawnOnStep>
			<patrolPathNode>	</patrolPathNode>
		</properties>
	</entity_49>
	<entity_50>
		<type>	SpawnPointCopyKuafuRemains	</type>
		<transform>
			<row0>	0.846045 -0.000001 -0.533102	</row0>
			<row1>	0.000000 0.999995 0.000000	</row1>
			<row2>	0.533099 0.000000 0.846043	</row2>
			<row3>	94.511894 18.209311 65.729195	</row3>
		</transform>
		<clientOnly>	false	</clientOnly>
		<properties>
			<entityName>	20212007	</entityName>
			<rediviousTime>	60.000000	</rediviousTime>
			<rediviousTotal>	1	</rediviousTotal>
			<randomWalkRange>	3.000000	</randomWalkRange>
			<patrolList>	</patrolList>
			<entityType>	4	</entityType>
			<step>	1	</step>
			<group>	0	</group>
			<event>	0	</event>
			<isSpawnOnStep>	1	</isSpawnOnStep>
			<patrolPathNode>	</patrolPathNode>
		</properties>
	</entity_50>
	<entity_51>
		<type>	SpawnPointCopyKuafuRemains	</type>
		<transform>
			<row0>	0.846045 -0.000001 -0.533102	</row0>
			<row1>	0.000000 0.999995 0.000000	</row1>
			<row2>	0.533099 0.000000 0.846043	</row2>
			<row3>	84.501373 18.209322 63.000813	</row3>
		</transform>
		<clientOnly>	false	</clientOnly>
		<properties>
			<entityName>	20212009	</entityName>
			<rediviousTime>	60.000000	</rediviousTime>
			<rediviousTotal>	1	</rediviousTotal>
			<randomWalkRange>	3.000000	</randomWalkRange>
			<patrolList>	</patrolList>
			<entityType>	4	</entityType>
			<step>	1	</step>
			<group>	0	</group>
			<event>	0	</event>
			<isSpawnOnStep>	1	</isSpawnOnStep>
			<patrolPathNode>	</patrolPathNode>
		</properties>
	</entity_51>
	<entity_52>
		<type>	SpawnPointCopyKuafuRemains	</type>
		<transform>
			<row0>	0.846045 -0.000001 -0.533102	</row0>
			<row1>	0.000000 0.999995 0.000000	</row1>
			<row2>	0.533099 0.000000 0.846043	</row2>
			<row3>	97.246780 18.209318 52.953941	</row3>
		</transform>
		<clientOnly>	false	</clientOnly>
		<properties>
			<entityName>	20212009	</entityName>
			<rediviousTime>	60.000000	</rediviousTime>
			<rediviousTotal>	1	</rediviousTotal>
			<randomWalkRange>	3.000000	</randomWalkRange>
			<patrolList>	</patrolList>
			<entityType>	4	</entityType>
			<step>	1	</step>
			<group>	0	</group>
			<event>	0	</event>
			<isSpawnOnStep>	1	</isSpawnOnStep>
			<patrolPathNode>	</patrolPathNode>
		</properties>
	</entity_52>
	<entity_53>
		<type>	SpawnPointCopyKuafuRemains	</type>
		<transform>
			<row0>	0.733909 -0.000001 0.679240	</row0>
			<row1>	0.000000 0.999995 0.000000	</row1>
			<row2>	-0.679238 0.000000 0.733906	</row2>
			<row3>	99.501373 18.209311 76.523735	</row3>
		</transform>
		<clientOnly>	false	</clientOnly>
		<properties>
			<entityName>	20212009	</entityName>
			<rediviousTime>	60.000000	</rediviousTime>
			<rediviousTotal>	1	</rediviousTotal>
			<randomWalkRange>	3.000000	</randomWalkRange>
			<patrolList>	</patrolList>
			<entityType>	4	</entityType>
			<step>	1	</step>
			<group>	0	</group>
			<event>	0	</event>
			<isSpawnOnStep>	1	</isSpawnOnStep>
			<patrolPathNode>	</patrolPathNode>
		</properties>
	</entity_53>
	<entity_54>
		<type>	SpawnPointCopyKuafuRemains	</type>
		<transform>
			<row0>	0.038657 -0.000001 0.999247	</row0>
			<row1>	0.000000 0.999995 0.000000	</row1>
			<row2>	-0.999243 0.000000 0.038656	</row2>
			<row3>	85.208679 18.209311 72.948860	</row3>
		</transform>
		<clientOnly>	false	</clientOnly>
		<properties>
			<entityName>	20212009	</entityName>
			<rediviousTime>	60.000000	</rediviousTime>
			<rediviousTotal>	1	</rediviousTotal>
			<randomWalkRange>	3.000000	</randomWalkRange>
			<patrolList>	</patrolList>
			<entityType>	4	</entityType>
			<step>	1	</step>
			<group>	0	</group>
			<event>	0	</event>
			<isSpawnOnStep>	1	</isSpawnOnStep>
			<patrolPathNode>	</patrolPathNode>
		</properties>
	</entity_54>
	<entity_55>
		<type>	SpawnPointCopyKuafuRemains	</type>
		<transform>
