<root>
	<entity_1>
		<type>	MonsterSpawnPoint	</type>
		<transform>
			<row0>	0.258819 0.000000 0.965919	</row0>
			<row1>	0.000000 0.999998 0.000000	</row1>
			<row2>	-0.965919 0.000000 0.258819	</row2>
			<row3>	89.298798 7.542968 -7.209305	</row3>
		</transform>
		<clientOnly>	false	</clientOnly>
		<properties>
			<entityName>	20321025	</entityName>
			<rediviousTime>	15.000000	</rediviousTime>
			<rediviousTotal>	1	</rediviousTotal>
			<randomWalkRange>	3.000000	</randomWalkRange>
			<patrolList>	</patrolList>
			<lineNumber>	0	</lineNumber>
			<patrolPathNode>	</patrolPathNode>
		</properties>
	</entity_1>
	<entity_2>
		<type>	CollectPoint	</type>
		<transform>
			<row0>	0.811246 -0.403580 0.423081	</row0>
			<row1>	0.278291 0.902883 0.327651	</row1>
			<row2>	-0.514227 -0.148064 0.844774	</row2>
			<row3>	39.156826 14.605106 -5.142899	</row3>
		</transform>
		<clientOnly>	false	</clientOnly>
		<properties>
			<className>	30112119	</className>
			<rediviousTime>	2100.000000	</rediviousTime>
			<lineNumber>	1	</lineNumber>
			<patrolPathNode>	</patrolPathNode>
		</properties>
	</entity_2>
	<entity_3>
		<type>	CollectPoint	</type>
		<transform>
			<row0>	-0.045113 0.119970 -0.991748	</row0>
			<row1>	-0.148615 0.980906 0.125419	</row1>
			<row2>	0.987860 0.153051 -0.026420	</row2>
			<row3>	95.819458 8.239247 -6.810120	</row3>
		</transform>
		<clientOnly>	false	</clientOnly>
		<properties>
			<className>	30112113	</className>
			<rediviousTime>	2100.000000	</rediviousTime>
			<lineNumber>	1	</lineNumber>
			<patrolPathNode>	</patrolPathNode>
		</properties>
	</entity_3>
	<entity_4>
		<type>	MonsterSpawnPoint	</type>
		<transform>
			<row0>	-0.258816 0.000000 0.965920	</row0>
			<row1>	0.000000 0.999998 0.000000	</row1>
			<row2>	-0.965920 0.000000 -0.258816	</row2>
			<row3>	92.611404 9.775389 24.313927	</row3>
		</transform>
		<clientOnly>	false	</clientOnly>
		<properties>
			<entityName>	20321025	</entityName>
			<rediviousTime>	15.000000	</rediviousTime>
			<rediviousTotal>	1	</rediviousTotal>
			<randomWalkRange>	3.000000	</randomWalkRange>
			<patrolList>	</patrolList>
			<lineNumber>	0	</lineNumber>
			<patrolPathNode>	</patrolPathNode>
		</properties>
	</entity_4>
	<entity_5>
		<type>	MonsterSpawnPoint	</type>
		<transform>
			<row0>	0.999992 0.000000 -0.000002	</row0>
			<row1>	0.000000 0.999998 0.000000	</row1>
			<row2>	0.000002 0.000000 0.999992	</row2>
			<row3>	85.518768 7.414062 4.748736	</row3>
		</transform>
		<clientOnly>	false	</clientOnly>
		<properties>
			<entityName>	20321025	</entityName>
			<rediviousTime>	15.000000	</rediviousTime>
			<rediviousTotal>	1	</rediviousTotal>
			<randomWalkRange>	3.000000	</randomWalkRange>
			<patrolList>	</patrolList>
			<lineNumber>	0	</lineNumber>
			<patrolPathNode>	</patrolPathNode>
		</properties>
	</entity_5>
	<entity_6>
		<type>	MonsterSpawnPoint	</type>
		<transform>
			<row0>	-0.866014 0.000000 0.499995	</row0>
			<row1>	0.000000 0.999995 0.000000	</row1>
			<row2>	-0.499995 0.000000 -0.866014	</row2>
			<row3>	48.356171 13.789061 0.066906	</row3>
		</transform>
		<clientOnly>	false	</clientOnly>
		<properties>
			<entityName>	20321025	</entityName>
			<rediviousTime>	15.000000	</rediviousTime>
			<rediviousTotal>	1	</rediviousTotal>
			<randomWalkRange>	3.000000	</randomWalkRange>
			<patrolList>	</patrolList>
			<lineNumber>	0	</lineNumber>
			<patrolPathNode>	</patrolPathNode>
		</properties>
	</entity_6>
	<entity_7>
		<type>	MonsterSpawnPoint	</type>
		<transform>
			<row0>	-0.707099 0.000000 -0.707097	</row0>
			<row1>	0.000000 0.999995 0.000000	</row1>
			<row2>	0.707097 0.000000 -0.707099	</row2>
			<row3>	53.134575 12.720701 9.329462	</row3>
		</transform>
		<clientOnly>	false	</clientOnly>
		<properties>
			<entityName>	20321025	</entityName>
			<rediviousTime>	15.000000	</rediviousTime>
			<rediviousTotal>	1	</rediviousTotal>
			<randomWalkRange>	3.000000	</randomWalkRange>
			<patrolList>	</patrolList>
			<lineNumber>	0	</lineNumber>
			<patrolPathNode>	</patrolPathNode>
		</properties>
	</entity_7>
	<entity_8>
		<type>	MonsterSpawnPoint	</type>
		<transform>
			<row0>	-0.000001 0.000000 -0.999987	</row0>
			<row1>	0.000000 0.999995 0.000000	</row1>
			<row2>	0.999987 0.000000 -0.000001	</row2>
			<row3>	40.871861 12.716795 10.113515	</row3>
		</transform>
		<clientOnly>	false	</clientOnly>
		<properties>
			<entityName>	20321025	</entityName>
			<rediviousTime>	15.000000	</rediviousTime>
			<rediviousTotal>	1	</rediviousTotal>
			<randomWalkRange>	3.000000	</randomWalkRange>
			<patrolList>	</patrolList>
			<lineNumber>	0	</lineNumber>
			<patrolPathNode>	</patrolPathNode>
		</properties>
	</entity_8>
	<entity_9>
		<type>	MonsterSpawnPoint	</type>
		<transform>
			<row0>	0.999990 0.000000 -0.000001	</row0>
			<row1>	0.000000 0.999996 0.000000	</row1>
			<row2>	0.000001 0.000000 0.999990	</row2>
			<row3>	69.819313 9.003904 30.938499	</row3>
		</transform>
		<clientOnly>	false	</clientOnly>
		<properties>
			<entityName>	20321025	</entityName>
			<rediviousTime>	15.000000	</rediviousTime>
			<rediviousTotal>	1	</rediviousTotal>
			<randomWalkRange>	3.000000	</randomWalkRange>
			<patrolList>	</patrolList>
			<lineNumber>	0	</lineNumber>
			<patrolPathNode>	</patrolPathNode>
		</properties>
	</entity_9>
	<entity_10>
		<type>	MonsterSpawnPoint	</type>
		<transform>
			<row0>	0.866017 0.000000 0.499994	</row0>
			<row1>	0.000000 0.999996 0.000000	</row1>
			<row2>	-0.499994 0.000000 0.866017	</row2>
			<row3>	82.847984 9.951170 37.015255	</row3>
		</transform>
		<clientOnly>	false	</clientOnly>
		<properties>
			<entityName>	20321025	</entityName>
			<rediviousTime>	15.000000	</rediviousTime>
			<rediviousTotal>	1	</rediviousTotal>
			<randomWalkRange>	3.000000	</randomWalkRange>
			<patrolList>	</patrolList>
			<lineNumber>	0	</lineNumber>
			<patrolPathNode>	</patrolPathNode>
		</properties>
	</entity_10>
	<entity_11>
		<type>	MonsterSpawnPoint	</type>
		<transform>
			<row0>	-0.499994 0.000000 0.866017	</row0>
			<row1>	0.000000 0.999996 0.000000	</row1>
			<row2>	-0.866017 0.000000 -0.499994	</row2>
			<row3>	86.820152 13.898436 76.346573	</row3>
		</transform>
		<clientOnly>	false	</clientOnly>
		<properties>
			<entityName>	20321025	</entityName>
			<rediviousTime>	15.000000	</rediviousTime>
			<rediviousTotal>	1	</rediviousTotal>
			<randomWalkRange>	3.000000	</randomWalkRange>
			<patrolList>	</patrolList>
			<lineNumber>	0	</lineNumber>
			<patrolPathNode>	</patrolPathNode>
		</properties>
	</entity_11>
	<entity_12>
		<type>	MonsterSpawnPoint	</type>
		<transform>
			<row0>	0.965915 0.000000 -0.258817	</row0>
			<row1>	0.000000 0.999995 0.000000	</row1>
			<row2>	0.258817 0.000000 0.965915	</row2>
			<row3>	89.192291 11.988279 61.940907	</row3>
		</transform>
		<clientOnly>	false	</clientOnly>
		<properties>
			<entityName>	20321025	</entityName>
			<rediviousTime>	15.000000	</rediviousTime>
			<rediviousTotal>	1	</rediviousTotal>
			<randomWalkRange>	3.000000	</randomWalkRange>
			<patrolList>	</patrolList>
			<lineNumber>	0	</lineNumber>
			<patrolPathNode>	</patrolPathNode>
		</properties>
	</entity_12>
	<entity_13>
		<type>	MonsterSpawnPoint	</type>
		<transform>
			<row0>	0.000001 0.000000 0.999990	</row0>
			<row1>	0.000000 0.999996 0.000000	</row1>
			<row2>	-0.999990 0.000000 0.000001	</row2>
			<row3>	83.756432 10.371092 56.296715	</row3>
		</transform>
		<clientOnly>	false	</clientOnly>
		<properties>
			<entityName>	20321025	</entityName>
			<rediviousTime>	15.000000	</rediviousTime>
			<rediviousTotal>	1	</rediviousTotal>
			<randomWalkRange>	3.000000	</randomWalkRange>
			<patrolList>	</patrolList>
			<lineNumber>	0	</lineNumber>
			<patrolPathNode>	</patrolPathNode>
		</properties>
	</entity_13>
	<entity_14>
		<type>	MonsterSpawnPoint	</type>
		<transform>
			<row0>	0.866016 0.000000 -0.499996	</row0>
			<row1>	0.000000 0.999996 0.000000	</row1>
			<row2>	0.499996 0.000000 0.866016	</row2>
			<row3>	59.612755 8.824217 46.623810	</row3>
		</transform>
		<clientOnly>	false	</clientOnly>
		<properties>
			<entityName>	20321025	</entityName>
			<rediviousTime>	15.000000	</rediviousTime>
			<rediviousTotal>	1	</rediviousTotal>
			<randomWalkRange>	3.000000	</randomWalkRange>
			<patrolList>	</patrolList>
			<lineNumber>	0	</lineNumber>
			<patrolPathNode>	</patrolPathNode>
		</properties>
	</entity_14>
	<entity_15>
		<type>	MonsterSpawnPoint	</type>
		<transform>
			<row0>	0.000001 0.000000 0.999988	</row0>
			<row1>	0.000000 0.999996 0.000000	</row1>
			<row2>	-0.999988 0.000000 0.000001	</row2>
			<row3>	54.026241 6.857421 50.254814	</row3>
		</transform>
		<clientOnly>	false	</clientOnly>
		<properties>
			<entityName>	20321025	</entityName>
			<rediviousTime>	15.000000	</rediviousTime>
			<rediviousTotal>	1	</rediviousTotal>
			<randomWalkRange>	3.000000	</randomWalkRange>
			<patrolList>	</patrolList>
			<lineNumber>	0	</lineNumber>
			<patrolPathNode>	</patrolPathNode>
		</properties>
	</entity_15>
	<entity_16>
		<type>	MonsterSpawnPoint	</type>
		<transform>
			<row0>	-0.000001 0.000000 -0.999992	</row0>
			<row1>	0.000000 0.999997 0.000000	</row1>
			<row2>	0.999992 0.000000 -0.000001	</row2>
			<row3>	63.471939 8.851561 65.064438	</row3>
		</transform>
		<clientOnly>	false	</clientOnly>
		<properties>
			<entityName>	20321025	</entityName>
			<rediviousTime>	15.000000	</rediviousTime>
			<rediviousTotal>	1	</rediviousTotal>
			<randomWalkRange>	3.000000	</randomWalkRange>
			<patrolList>	</patrolList>
			<lineNumber>	0	</lineNumber>
			<patrolPathNode>	</patrolPathNode>
		</properties>
	</entity_16>
	<entity_17>
		<type>	MonsterSpawnPoint	</type>
		<transform>
			<row0>	-0.866019 0.000000 -0.499995	</row0>
			<row1>	0.000000 0.999997 0.000000	</row1>
			<row2>	0.499995 0.000000 -0.866019	</row2>
			<row3>	55.410454 6.599608 69.604904	</row3>
		</transform>
		<clientOnly>	false	</clientOnly>
		<properties>
			<entityName>	20321025	</entityName>
			<rediviousTime>	15.000000	</rediviousTime>
			<rediviousTotal>	1	</rediviousTotal>
			<randomWalkRange>	3.000000	</randomWalkRange>
			<patrolList>	</patrolList>
			<lineNumber>	0	</lineNumber>
			<patrolPathNode>	</patrolPathNode>
		</properties>
	</entity_17>
	<entity_18>
		<type>	MonsterSpawnPoint	</type>
		<transform>
			<row0>	-0.258818 0.000000 -0.965916	</row0>
			<row1>	0.000000 0.999997 0.000000	</row1>
			<row2>	0.965916 0.000000 -0.258818	</row2>
			<row3>	46.968864 6.599608 72.584839	</row3>
		</transform>
		<clientOnly>	false	</clientOnly>
		<properties>
			<entityName>	20321025	</entityName>
			<rediviousTime>	15.000000	</rediviousTime>
			<rediviousTotal>	1	</rediviousTotal>
			<randomWalkRange>	3.000000	</randomWalkRange>
			<patrolList>	</patrolList>
			<lineNumber>	0	</lineNumber>
			<patrolPathNode>	</patrolPathNode>
		</properties>
	</entity_18>
	<entity_19>
		<type>	MonsterSpawnPoint	</type>
		<transform>
			<row0>	0.707099 0.000000 0.707097	</row0>
			<row1>	0.000000 0.999996 0.000000	</row1>
			<row2>	-0.707097 0.000000 0.707099	</row2>
			<row3>	35.970928 6.679687 42.713085	</row3>
		</transform>
		<clientOnly>	false	</clientOnly>
		<properties>
			<entityName>	20321025	</entityName>
			<rediviousTime>	15.000000	</rediviousTime>
			<rediviousTotal>	1	</rediviousTotal>
			<randomWalkRange>	3.000000	</randomWalkRange>
			<patrolList>	</patrolList>
			<lineNumber>	0	</lineNumber>
			<patrolPathNode>	</patrolPathNode>
		</properties>
	</entity_19>
	<entity_20>
		<type>	MonsterSpawnPoint	</type>
		<transform>
			<row0>	0.866014 0.000000 -0.499995	</row0>
			<row1>	0.000000 0.999996 0.000000	</row1>
			<row2>	0.499995 0.000000 0.866014	</row2>
			<row3>	34.229065 6.599608 46.943871	</row3>
		</transform>
		<clientOnly>	false	</clientOnly>
		<properties>
			<entityName>	20321025	</entityName>
			<rediviousTime>	15.000000	</rediviousTime>
			<rediviousTotal>	1	</rediviousTotal>
			<randomWalkRange>	3.000000	</randomWalkRange>
			<patrolList>	</patrolList>
			<lineNumber>	0	</lineNumber>
			<patrolPathNode>	</patrolPathNode>
		</properties>
	</entity_20>
	<entity_21>
		<type>	MonsterSpawnPoint	</type>
		<transform>
			<row0>	-0.258815 0.000000 0.965914	</row0>
			<row1>	0.000000 0.999996 0.000000	</row1>
			<row2>	-0.965914 0.000000 -0.258815	</row2>
			<row3>	44.452763 6.599608 55.852722	</row3>
		</transform>
		<clientOnly>	false	</clientOnly>
		<properties>
			<entityName>	20321025	</entityName>
			<rediviousTime>	15.000000	</rediviousTime>
			<rediviousTotal>	1	</rediviousTotal>
			<randomWalkRange>	3.000000	</randomWalkRange>
			<patrolList>	</patrolList>
			<lineNumber>	0	</lineNumber>
			<patrolPathNode>	</patrolPathNode>
		</properties>
	</entity_21>
	<entity_22>
		<type>	MonsterSpawnPoint	</type>
		<transform>
			<row0>	0.258817 0.000000 0.965914	</row0>
			<row1>	0.000000 0.999996 0.000000	</row1>
			<row2>	-0.965914 0.000000 0.258817	</row2>
			<row3>	29.773712 6.599608 58.692245	</row3>
		</transform>
		<clientOnly>	false	</clientOnly>
		<properties>
			<entityName>	20321025	</entityName>
			<rediviousTime>	15.000000	</rediviousTime>
			<rediviousTotal>	1	</rediviousTotal>
			<randomWalkRange>	3.000000	</randomWalkRange>
			<patrolList>	</patrolList>
			<lineNumber>	0	</lineNumber>
			<patrolPathNode>	</patrolPathNode>
		</properties>
	</entity_22>
	<entity_23>
		<type>	MonsterSpawnPoint	</type>
		<transform>
			<row0>	-0.258815 0.000000 0.965914	</row0>
			<row1>	0.000000 0.999995 0.000000	</row1>
			<row2>	-0.965914 0.000000 -0.258815	</row2>
			<row3>	38.037006 6.599608 62.403313	</row3>
		</transform>
		<clientOnly>	false	</clientOnly>
		<properties>
			<entityName>	20321025	</entityName>
			<rediviousTime>	15.000000	</rediviousTime>
			<rediviousTotal>	1	</rediviousTotal>
			<randomWalkRange>	3.000000	</randomWalkRange>
			<patrolList>	</patrolList>
			<lineNumber>	0	</lineNumber>
			<patrolPathNode>	</patrolPathNode>
		</properties>
	</entity_23>
	<entity_24>
		<type>	CollectPoint	</type>
		<transform>
			<row0>	-0.460272 0.280440 0.842317	</row0>
			<row1>	0.161361 0.959417 -0.231254	</row1>
			<row2>	-0.872986 0.029479 -0.486847	</row2>
			<row3>	67.748146 15.959609 88.774979	</row3>
		</transform>
		<clientOnly>	false	</clientOnly>
		<properties>
			<className>	30112125	</className>
			<rediviousTime>	2100.000000	</rediviousTime>
			<lineNumber>	1	</lineNumber>
			<patrolPathNode>	</patrolPathNode>
		</properties>
	</entity_24>
	<entity_25>
		<type>	CollectPoint	</type>
		<transform>
			<row0>	-0.515883 -0.065725 -0.854130	</row0>
			<row1>	-0.030836 0.997827 -0.058157	</row1>
			<row2>	0.856099 -0.003661 -0.516789	</row2>
			<row3>	63.732899 8.610491 59.582211	</row3>
		</transform>
		<clientOnly>	false	</clientOnly>
		<properties>
			<className>	30112107	</className>
			<rediviousTime>	2100.000000	</rediviousTime>
			<lineNumber>	1	</lineNumber>
			<patrolPathNode>	</patrolPathNode>
		</properties>
	</entity_25>
	<entity_26>
		<type>	CollectPoint	</type>
		<transform>
			<row0>	-0.510842 -0.136711 -0.848730	</row0>
			<row1>	-0.091677 0.990304 -0.104335	</row1>
			<row2>	0.854767 0.024514 -0.518423	</row2>
			<row3>	80.208916 9.502489 33.892506	</row3>
		</transform>
		<clientOnly>	false	</clientOnly>
		<properties>
			<className>	30112113	</className>
			<rediviousTime>	2100.000000	</rediviousTime>
			<lineNumber>	1	</lineNumber>
			<patrolPathNode>	</patrolPathNode>
		</properties>
	</entity_26>
	<entity_27>
		<type>	MonsterSpawnPoint	</type>
		<transform>
			<row0>	-0.499995 0.000000 0.866020	</row0>
			<row1>	0.000000 0.999998 0.000000	</row1>
			<row2>	-0.866020 0.000000 -0.499995	</row2>
			<row3>	106.153450 9.060545 -4.665642	</row3>
		</transform>
		<clientOnly>	false	</clientOnly>
		<properties>
			<entityName>	20321025	</entityName>
			<rediviousTime>	15.000000	</rediviousTime>
			<rediviousTotal>	1	</rediviousTotal>
			<randomWalkRange>	3.000000	</randomWalkRange>
			<patrolList>	</patrolList>
			<lineNumber>	0	</lineNumber>
			<patrolPathNode>	</patrolPathNode>
		</properties>
	</entity_27>
	<entity_28>
		<type>	MonsterSpawnPoint	</type>
		<transform>
			<row0>	-0.866024 0.000000 -0.499999	</row0>
			<row1>	0.000000 0.999999 0.000000	</row1>
			<row2>	0.499999 0.000000 -0.866024	</row2>
			<row3>	173.045532 11.128904 2.374651	</row3>
		</transform>
		<clientOnly>	false	</clientOnly>
		<properties>
			<entityName>	20631166	</entityName>
			<rediviousTime>	15.000000	</rediviousTime>
			<rediviousTotal>	1	</rediviousTotal>
			<randomWalkRange>	3.000000	</randomWalkRange>
			<patrolList>	</patrolList>
			<lineNumber>	0	</lineNumber>
			<patrolPathNode>	</patrolPathNode>
		</properties>
	</entity_28>
	<entity_29>
		<type>	MonsterSpawnPoint	</type>
		<transform>
			<row0>	0.499998 0.000000 0.866022	</row0>
			<row1>	0.000000 0.999997 0.000000	</row1>
			<row2>	-0.866022 0.000000 0.499998	</row2>
			<row3>	145.208923 11.017576 9.951674	</row3>
		</transform>
		<clientOnly>	false	</clientOnly>
		<properties>
			<entityName>	20631166	</entityName>
			<rediviousTime>	15.000000	</rediviousTime>
			<rediviousTotal>	1	</rediviousTotal>
			<randomWalkRange>	3.000000	</randomWalkRange>
			<patrolList>	</patrolList>
			<lineNumber>	0	</lineNumber>
			<patrolPathNode>	</patrolPathNode>
		</properties>
	</entity_29>
	<entity_30>
		<type>	MonsterSpawnPoint	</type>
		<transform>
			<row0>	-0.866018 0.000000 0.499998	</row0>
			<row1>	0.000000 0.999998 0.000000	</row1>
			<row2>	-0.499998 0.000000 -0.866018	</row2>
			<row3>	110.548096 8.792967 3.598509	</row3>
		</transform>
		<clientOnly>	false	</clientOnly>
		<properties>
			<entityName>	20321025	</entityName>
			<rediviousTime>	15.000000	</rediviousTime>
			<rediviousTotal>	1	</rediviousTotal>
			<randomWalkRange>	3.000000	</randomWalkRange>
			<patrolList>	</patrolList>
			<lineNumber>	0	</lineNumber>
			<patrolPathNode>	</patrolPathNode>
		</properties>
	</entity_30>
	<entity_31>
		<type>	MonsterSpawnPoint	</type>
		<transform>
			<row0>	0.258815 0.000000 -0.965919	</row0>
			<row1>	0.000000 0.999998 0.000000	</row1>
			<row2>	0.965919 0.000000 0.258815	</row2>
			<row3>	100.266579 7.396483 6.880492	</row3>
		</transform>
		<clientOnly>	false	</clientOnly>
		<properties>
			<entityName>	20321025	</entityName>
			<rediviousTime>	15.000000	</rediviousTime>
			<rediviousTotal>	1	</rediviousTotal>
			<randomWalkRange>	3.000000	</randomWalkRange>
			<patrolList>	</patrolList>
			<lineNumber>	0	</lineNumber>
			<patrolPathNode>	</patrolPathNode>
		</properties>
	</entity_31>
	<entity_32>
		<type>	MonsterSpawnPoint	</type>
		<transform>
			<row0>	0.707101 0.000000 -0.707104	</row0>
			<row1>	0.000000 0.999999 0.000000	</row1>
			<row2>	0.707104 0.000000 0.707101	</row2>
			<row3>	106.990311 9.476561 42.955780	</row3>
		</transform>
		<clientOnly>	false	</clientOnly>
		<properties>
			<entityName>	20631166	</entityName>
			<rediviousTime>	15.000000	</rediviousTime>
			<rediviousTotal>	1	</rediviousTotal>
			<randomWalkRange>	3.000000	</randomWalkRange>
			<patrolList>	</patrolList>
			<lineNumber>	0	</lineNumber>
			<patrolPathNode>	</patrolPathNode>
		</properties>
	</entity_32>
	<entity_33>
		<type>	MonsterSpawnPoint	</type>
		<transform>
			<row0>	-0.866021 0.000000 -0.499997	</row0>
			<row1>	0.000000 0.999999 0.000000	</row1>
			<row2>	0.499997 0.000000 -0.866021	</row2>
			<row3>	164.861389 6.599608 47.784885	</row3>
		</transform>
		<clientOnly>	false	</clientOnly>
		<properties>
			<entityName>	20631166	</entityName>
			<rediviousTime>	15.000000	</rediviousTime>
			<rediviousTotal>	1	</rediviousTotal>
			<randomWalkRange>	3.000000	</randomWalkRange>
			<patrolList>	</patrolList>
			<lineNumber>	0	</lineNumber>
			<patrolPathNode>	</patrolPathNode>
		</properties>
	</entity_33>
	<entity_34>
		<type>	MonsterSpawnPoint	</type>
		<transform>
			<row0>	-0.866022 0.000000 -0.499997	</row0>
			<row1>	0.000000 0.999999 0.000000	</row1>
			<row2>	0.499997 0.000000 -0.866022	</row2>
			<row3>	159.974426 6.599608 59.750729	</row3>
		</transform>
		<clientOnly>	false	</clientOnly>
		<properties>
			<entityName>	20631166	</entityName>
			<rediviousTime>	15.000000	</rediviousTime>
			<rediviousTotal>	1	</rediviousTotal>
			<randomWalkRange>	3.000000	</randomWalkRange>
			<patrolList>	</patrolList>
			<lineNumber>	0	</lineNumber>
			<patrolPathNode>	</patrolPathNode>
		</properties>
	</entity_34>
	<entity_35>
		<type>	MonsterSpawnPoint	</type>
		<transform>
			<row0>	0.707101 0.000000 -0.707104	</row0>
			<row1>	0.000000 0.999999 0.000000	</row1>
			<row2>	0.707104 0.000000 0.707101	</row2>
			<row3>	115.962837 6.619140 57.609001	</row3>
		</transform>
		<clientOnly>	false	</clientOnly>
		<properties>
			<entityName>	20631166	</entityName>
			<rediviousTime>	15.000000	</rediviousTime>
			<rediviousTotal>	1	</rediviousTotal>
			<randomWalkRange>	3.000000	</randomWalkRange>
			<patrolList>	</patrolList>
			<lineNumber>	0	</lineNumber>
			<patrolPathNode>	</patrolPathNode>
		</properties>
	</entity_35>
	<entity_36>
		<type>	MonsterSpawnPoint	</type>
		<transform>
			<row0>	0.866018 0.000000 -0.499999	</row0>
			<row1>	0.000000 0.999999 0.000000	</row1>
			<row2>	0.499999 0.000000 0.866018	</row2>
			<row3>	128.587585 6.599608 64.466858	</row3>
		</transform>
		<clientOnly>	false	</clientOnly>
		<properties>
			<entityName>	20631166	</entityName>
			<rediviousTime>	15.000000	</rediviousTime>
			<rediviousTotal>	1	</rediviousTotal>
			<randomWalkRange>	3.000000	</randomWalkRange>
			<patrolList>	</patrolList>
			<lineNumber>	0	</lineNumber>
			<patrolPathNode>	</patrolPathNode>
		</properties>
	</entity_36>
	<entity_37>
		<type>	MonsterSpawnPoint	</type>
		<transform>
			<row0>	-0.707103 0.000000 -0.707103	</row0>
			<row1>	0.000000 0.999999 0.000000	</row1>
			<row2>	0.707103 0.000000 -0.707103	</row2>
			<row3>	123.595268 6.705077 44.799900	</row3>
		</transform>
		<clientOnly>	false	</clientOnly>
		<properties>
			<entityName>	20631166	</entityName>
			<rediviousTime>	15.000000	</rediviousTime>
			<rediviousTotal>	1	</rediviousTotal>
			<randomWalkRange>	3.000000	</randomWalkRange>
			<patrolList>	</patrolList>
			<lineNumber>	0	</lineNumber>
			<patrolPathNode>	</patrolPathNode>
		</properties>
	</entity_37>
	<entity_38>
		<type>	MonsterSpawnPoint	</type>
		<transform>
			<row0>	-0.000001 0.000000 -0.999995	</row0>
			<row1>	0.000000 0.999997 0.000000	</row1>
			<row2>	0.999995 0.000000 -0.000001	</row2>
			<row3>	129.069061 6.599608 52.565487	</row3>
		</transform>
		<clientOnly>	false	</clientOnly>
		<properties>
			<entityName>	20631166	</entityName>
			<rediviousTime>	15.000000	</rediviousTime>
			<rediviousTotal>	1	</rediviousTotal>
			<randomWalkRange>	3.000000	</randomWalkRange>
			<patrolList>	</patrolList>
			<lineNumber>	0	</lineNumber>
			<patrolPathNode>	</patrolPathNode>
		</properties>
	</entity_38>
	<entity_39>
		<type>	MonsterSpawnPoint	</type>
		<transform>
			<row0>	0.499996 0.000000 -0.866021	</row0>
			<row1>	0.000000 0.999998 0.000000	</row1>
			<row2>	0.866021 0.000000 0.499996	</row2>
			<row3>	134.532715 6.693358 42.936260	</row3>
		</transform>
		<clientOnly>	false	</clientOnly>
		<properties>
			<entityName>	20631166	</entityName>
			<rediviousTime>	15.000000	</rediviousTime>
			<rediviousTotal>	1	</rediviousTotal>
			<randomWalkRange>	3.000000	</randomWalkRange>
			<patrolList>	</patrolList>
			<lineNumber>	0	</lineNumber>
			<patrolPathNode>	</patrolPathNode>
		</properties>
	</entity_39>
	<entity_40>
		<type>	MonsterSpawnPoint	</type>
		<transform>
			<row0>	-0.965922 0.000000 -0.258817	</row0>
			<row1>	0.000000 0.999999 0.000000	</row1>
			<row2>	0.258817 0.000000 -0.965922	</row2>
			<row3>	135.053009 9.861326 30.187136	</row3>
		</transform>
		<clientOnly>	false	</clientOnly>
		<properties>
			<entityName>	20631166	</entityName>
			<rediviousTime>	15.000000	</rediviousTime>
			<rediviousTotal>	1	</rediviousTotal>
			<randomWalkRange>	3.000000	</randomWalkRange>
			<patrolList>	</patrolList>
			<lineNumber>	0	</lineNumber>
			<patrolPathNode>	</patrolPathNode>
		</properties>
	</entity_40>
	<entity_41>
		<type>	MonsterSpawnPoint	</type>
		<transform>
			<row0>	-0.866022 0.000000 -0.499997	</row0>
			<row1>	0.000000 0.999999 0.000000	</row1>
			<row2>	0.499997 0.000000 -0.866022	</row2>
			<row3>	154.745178 6.599608 55.486633	</row3>
		</transform>
		<clientOnly>	false	</clientOnly>
		<properties>
			<entityName>	20631166	</entityName>
			<rediviousTime>	15.000000	</rediviousTime>
			<rediviousTotal>	1	</rediviousTotal>
			<randomWalkRange>	3.000000	</randomWalkRange>
			<patrolList>	</patrolList>
			<lineNumber>	0	</lineNumber>
			<patrolPathNode>	</patrolPathNode>
		</properties>
	</entity_41>
	<entity_42>
		<type>	MonsterSpawnPoint	</type>
		<transform>
			<row0>	-0.965922 0.000000 0.258819	</row0>
			<row1>	0.000000 0.999999 0.000000	</row1>
			<row2>	-0.258819 0.000000 -0.965922	</row2>
			<row3>	158.976593 6.638671 46.604115	</row3>
		</transform>
		<clientOnly>	false	</clientOnly>
		<properties>
			<entityName>	20631166	</entityName>
			<rediviousTime>	15.000000	</rediviousTime>
			<rediviousTotal>	1	</rediviousTotal>
			<randomWalkRange>	3.000000	</randomWalkRange>
			<patrolList>	</patrolList>
			<lineNumber>	0	</lineNumber>
			<patrolPathNode>	</patrolPathNode>
		</properties>
	</entity_42>
	<entity_43>
		<type>	MonsterSpawnPoint	</type>
		<transform>
			<row0>	-0.707104 0.000000 0.707104	</row0>
			<row1>	0.000000 0.999998 0.000000	</row1>
			<row2>	-0.707104 0.000000 -0.707104	</row2>
			<row3>	164.711670 6.705077 28.476292	</row3>
		</transform>
		<clientOnly>	false	</clientOnly>
		<properties>
			<entityName>	20631166	</entityName>
			<rediviousTime>	15.000000	</rediviousTime>
			<rediviousTotal>	1	</rediviousTotal>
			<randomWalkRange>	3.000000	</randomWalkRange>
			<patrolList>	</patrolList>
			<lineNumber>	0	</lineNumber>
			<patrolPathNode>	</patrolPathNode>
		</properties>
	</entity_43>
	<entity_44>
		<type>	MonsterSpawnPoint	</type>
		<transform>
			<row0>	0.866023 0.000000 -0.499999	</row0>
			<row1>	0.000000 0.999998 0.000000	</row1>
			<row2>	0.499999 0.000000 0.866023	</row2>
			<row3>	160.110382 10.054686 5.659225	</row3>
		</transform>
		<clientOnly>	false	</clientOnly>
		<properties>
			<entityName>	20631166	</entityName>
			<rediviousTime>	15.000000	</rediviousTime>
			<rediviousTotal>	1	</rediviousTotal>
			<randomWalkRange>	3.000000	</randomWalkRange>
			<patrolList>	</patrolList>
			<lineNumber>	0	</lineNumber>
			<patrolPathNode>	</patrolPathNode>
		</properties>
	</entity_44>
	<entity_45>
		<type>	MonsterSpawnPoint	</type>
		<transform>
			<row0>	-0.955837 -0.184548 0.228723	</row0>
			<row1>	-0.106175 0.942534 0.316788	</row1>
			<row2>	-0.274042 0.278513 -0.920504	</row2>
			<row3>	176.609863 11.207250 2.871855	</row3>
		</transform>
		<clientOnly>	false	</clientOnly>
		<properties>
			<entityName>	20631166	</entityName>
			<rediviousTime>	15.000000	</rediviousTime>
			<rediviousTotal>	1	</rediviousTotal>
			<randomWalkRange>	3.000000	</randomWalkRange>
			<patrolList>	</patrolList>
			<lineNumber>	0	</lineNumber>
			<patrolPathNode>	</patrolPathNode>
		</properties>
	</entity_45>
	<entity_46>
		<type>	MonsterSpawnPoint	</type>
		<transform>
			<row0>	-0.707103 0.000000 0.707105	</row0>
			<row1>	0.000000 0.999999 0.000000	</row1>
			<row2>	-0.707105 0.000000 -0.707103	</row2>
			<row3>	180.898224 6.599994 31.152468	</row3>
		</transform>
		<clientOnly>	false	</clientOnly>
		<properties>
			<entityName>	20631166	</entityName>
			<rediviousTime>	15.000000	</rediviousTime>
			<rediviousTotal>	1	</rediviousTotal>
			<randomWalkRange>	3.000000	</randomWalkRange>
			<patrolList>	</patrolList>
			<lineNumber>	0	</lineNumber>
			<patrolPathNode>	</patrolPathNode>
		</properties>
	</entity_46>
	<entity_47>
		<type>	MonsterSpawnPoint	</type>
		<transform>
			<row0>	-0.707104 0.000000 -0.707102	</row0>
			<row1>	0.000000 0.999998 0.000000	</row1>
			<row2>	0.707102 0.000000 -0.707104	</row2>
			<row3>	174.528259 6.599998 36.046577	</row3>
		</transform>
		<clientOnly>	false	</clientOnly>
		<properties>
			<entityName>	20631166	</entityName>
			<rediviousTime>	15.000000	</rediviousTime>
			<rediviousTotal>	1	</rediviousTotal>
			<randomWalkRange>	3.000000	</randomWalkRange>
			<patrolList>	</patrolList>
			<lineNumber>	0	</lineNumber>
			<patrolPathNode>	</patrolPathNode>
		</properties>
	</entity_47>
	<entity_48>
		<type>	MonsterSpawnPoint	</type>
		<transform>
			<row0>	-0.999996 0.000000 0.000000	</row0>
			<row1>	0.000000 0.994369 0.105956	</row1>
			<row2>	0.000000 0.105956 -0.994367	</row2>
			<row3>	176.250366 6.870681 25.459684	</row3>
		</transform>
		<clientOnly>	false	</clientOnly>
		<properties>
			<entityName>	20631166	</entityName>
			<rediviousTime>	15.000000	</rediviousTime>
			<rediviousTotal>	1	</rediviousTotal>
			<randomWalkRange>	3.000000	</randomWalkRange>
			<patrolList>	</patrolList>
			<lineNumber>	0	</lineNumber>
			<patrolPathNode>	</patrolPathNode>
		</properties>
	</entity_48>
	<entity_49>
		<type>	MonsterSpawnPoint	</type>
		<transform>
			<row0>	-0.490878 0.154669 -0.857385	</row0>
			<row1>	0.282503 0.959198 0.011295	</row1>
			<row2>	0.824151 -0.236670 -0.514545	</row2>
			<row3>	163.426117 6.935448 24.538111	</row3>
		</transform>
		<clientOnly>	false	</clientOnly>
		<properties>
			<entityName>	20631166	</entityName>
			<rediviousTime>	15.000000	</rediviousTime>
			<rediviousTotal>	1	</rediviousTotal>
			<randomWalkRange>	3.000000	</randomWalkRange>
			<patrolList>	</patrolList>
			<lineNumber>	0	</lineNumber>
			<patrolPathNode>	</patrolPathNode>
		</properties>
	</entity_49>
	<entity_50>
		<type>	CollectPoint	</type>
		<transform>
			<row0>	0.497152 -0.162243 0.852359	</row0>
			<row1>	0.034840 0.985302 0.167228	</row1>
			<row2>	-0.866963 -0.053441 0.495498	</row2>
			<row3>	167.390472 9.795843 4.777450	</row3>
		</transform>
		<clientOnly>	false	</clientOnly>
		<properties>
			<className>	30112101	</className>
			<rediviousTime>	2100.000000	</rediviousTime>
			<lineNumber>	1	</lineNumber>
			<patrolPathNode>	</patrolPathNode>
		</properties>
	</entity_50>
	<entity_51>
		<type>	CollectPoint	</type>
		<transform>
			<row0>	0.489522 0.133450 0.861718	</row0>
			<row1>	-0.085831 0.990795 -0.104680	</row1>
			<row2>	-0.867756 -0.022719 0.496470	</row2>
			<row3>	100.783112 7.955826 12.158930	</row3>
		</transform>
		<clientOnly>	false	</clientOnly>
		<properties>
			<className>	30112101	</className>
			<rediviousTime>	2100.000000	</rediviousTime>
			<lineNumber>	1	</lineNumber>
			<patrolPathNode>	</patrolPathNode>
		</properties>
	</entity_51>
	<entity_52>
		<type>	CollectPoint	</type>
		<transform>
			<row0>	0.865123 0.041630 0.499824	</row0>
			<row1>	-0.048065 0.998843 0.000000	</row1>
			<row2>	-0.499248 -0.024023 0.866123	</row2>
			<row3>	188.449677 6.508976 34.554768	</row3>
		</transform>
		<clientOnly>	false	</clientOnly>
		<properties>
			<className>	30112119	</className>
			<rediviousTime>	2100.000000	</rediviousTime>
			<lineNumber>	1	</lineNumber>
			<patrolPathNode>	</patrolPathNode>
		</properties>
	</entity_52>
	<entity_53>
		<type>	CollectPoint	</type>
		<transform>
			<row0>	-0.694125 0.002356 0.719846	</row0>
			<row1>	0.006020 0.999977 0.002532	</row1>
			<row2>	-0.719823 0.006094 -0.694125	</row2>
			<row3>	114.978851 9.339848 35.488495	</row3>
		</transform>
		<clientOnly>	false	</clientOnly>
		<properties>
			<className>	30112125	</className>
			<rediviousTime>	2100.000000	</rediviousTime>
			<lineNumber>	1	</lineNumber>
			<patrolPathNode>	</patrolPathNode>
		</properties>
	</entity_53>
	<entity_54>
		<type>	CollectPoint	</type>
		<transform>
			<row0>	-0.513331 -0.026319 -0.857782	</row0>
			<row1>	0.158599 0.979400 -0.124962	</row1>
			<row2>	0.843404 -0.200188 -0.498583	</row2>
			<row3>	107.392914 10.529522 59.948830	</row3>
		</transform>
		<clientOnly>	false	</clientOnly>
		<properties>
			<className>	30112107	</className>
			<rediviousTime>	2100.000000	</rediviousTime>
			<lineNumber>	1	</lineNumber>
			<patrolPathNode>	</patrolPathNode>
		</properties>
	</entity_54>
	<entity_55>
		<type>	SpaceDoor	</type>
		<transform>
			<row0>	0.472811 0.000000 0.881161	</row0>
			<row1>	0.000000 0.999998 0.000000	</row1>
			<row2>	-0.881161 0.000000 0.472811	</row2>
			<row3>	208.414032 14.931639 -7.242996	</row3>
		</transform>
		<clientOnly>	false	</clientOnly>
		<properties>
			<className>	</className>
			<useRectangle>	1	</useRectangle>
			<radius>	0.000000	</radius>
			<volume>	14.000000 9.000000 1.000000	</volume>
			<modelNumber>	gw7123	</modelNumber>
			<modelScale>	96.000000	</modelScale>
			<destSpace>	fu_ben_bing_dong_002	</destSpace>
			<description>	</description>
			<uname>	</uname>
			<nickname>	</nickname>
			<destPosition>	149.834000 -2.012000 9.781000	</destPosition>
			<destDirection>	0.000000 180.000000 0.000000	</destDirection>
			<patrolPathNode>	</patrolPathNode>
		</properties>
	</entity_55>
	<entity_56>
		<type>	MonsterSpawnPoint	</type>
		<transform>
			<row0>	0.951078 0.174564 0.254866	</row0>
			<row1>	-0.171609 0.984575 -0.033972	</row1>
			<row2>	-0.256865 -0.011427 0.966369	</row2>
			<row3>	7.149827 13.680241 172.101364	</row3>
		</transform>
		<clientOnly>	false	</clientOnly>
		<properties>
			<entityName>	20611166	</entityName>
			<rediviousTime>	15.000000	</rediviousTime>
			<rediviousTotal>	1	</rediviousTotal>
			<randomWalkRange>	3.000000	</randomWalkRange>
			<patrolList>	</patrolList>
			<lineNumber>	0	</lineNumber>
			<patrolPathNode>	</patrolPathNode>
		</properties>
	</entity_56>
	<entity_57>
		<type>	MonsterSpawnPoint	</type>
		<transform>
			<row0>	-0.854055 -0.132051 0.503122	</row0>
			<row1>	-0.161400 0.986770 -0.014989	</row1>
			<row2>	-0.494490 -0.094006 -0.864073	</row2>
			<row3>	0.758433 12.708792 176.917038	</row3>
		</transform>
		<clientOnly>	false	</clientOnly>
		<properties>
			<entityName>	20611166	</entityName>
			<rediviousTime>	15.000000	</rediviousTime>
			<rediviousTotal>	1	</rediviousTotal>
			<randomWalkRange>	3.000000	</randomWalkRange>
			<patrolList>	</patrolList>
			<lineNumber>	0	</lineNumber>
			<patrolPathNode>	</patrolPathNode>
		</properties>
	</entity_57>
	<entity_58>
		<type>	MonsterSpawnPoint	</type>
		<transform>
			<row0>	-0.263522 0.029102 0.964202	</row0>
			<row1>	-0.173033 0.981902 -0.076928	</row1>
			<row2>	-0.948996 -0.187112 -0.253718	</row2>
			<row3>	1.429755 12.647911 171.172394	</row3>
		</transform>
		<clientOnly>	false	</clientOnly>
		<properties>
			<entityName>	20611166	</entityName>
			<rediviousTime>	15.000000	</rediviousTime>
			<rediviousTotal>	1	</rediviousTotal>
			<randomWalkRange>	3.000000	</randomWalkRange>
			<patrolList>	</patrolList>
			<lineNumber>	0	</lineNumber>
			<patrolPathNode>	</patrolPathNode>
		</properties>
	</entity_58>
	<entity_59>
		<type>	MonsterSpawnPoint	</type>
		<transform>
			<row0>	-0.867196 0.017048 0.497653	</row0>
			<row1>	0.021991 0.999745 0.004071	</row1>
			<row2>	-0.497460 0.014474 -0.867353	</row2>
			<row3>	-23.448473 11.162211 178.040146	</row3>
		</transform>
		<clientOnly>	false	</clientOnly>
		<properties>
			<entityName>	20611166	</entityName>
			<rediviousTime>	15.000000	</rediviousTime>
			<rediviousTotal>	1	</rediviousTotal>
			<randomWalkRange>	3.000000	</randomWalkRange>
			<patrolList>	</patrolList>
			<lineNumber>	0	</lineNumber>
			<patrolPathNode>	</patrolPathNode>
		</properties>
	</entity_59>
	<entity_60>
		<type>	MonsterSpawnPoint	</type>
		<transform>
			<row0>	-0.256126 0.004609 -0.966620	</row0>
			<row1>	0.009613 0.999946 0.002220	</row1>
			<row2>	0.966584 -0.008724 -0.256159	</row2>
			<row3>	-32.867996 11.266346 178.728775	</row3>
		</transform>
		<clientOnly>	false	</clientOnly>
		<properties>
			<entityName>	20611166	</entityName>
			<rediviousTime>	15.000000	</rediviousTime>
			<rediviousTotal>	1	</rediviousTotal>
			<randomWalkRange>	3.000000	</randomWalkRange>
			<patrolList>	</patrolList>
			<lineNumber>	0	</lineNumber>
			<patrolPathNode>	</patrolPathNode>
		</properties>
	</entity_60>
	<entity_61>
		<type>	MonsterSpawnPoint	</type>
		<transform>
			<row0>	0.261481 -0.000157 -0.965195	</row0>
			<row1>	0.000491 0.999994 -0.000029	</row1>
			<row2>	0.965197 -0.000466 0.261480	</row2>
			<row3>	-3.972317 10.582758 155.149246	</row3>
		</transform>
		<clientOnly>	false	</clientOnly>
		<properties>
			<entityName>	20611166	</entityName>
			<rediviousTime>	15.000000	</rediviousTime>
			<rediviousTotal>	1	</rediviousTotal>
			<randomWalkRange>	3.000000	</randomWalkRange>
			<patrolList>	</patrolList>
			<lineNumber>	0	</lineNumber>
			<patrolPathNode>	</patrolPathNode>
		</properties>
	</entity_61>
	<entity_62>
		<type>	MonsterSpawnPoint	</type>
		<transform>
			<row0>	0.497601 0.000089 0.867391	</row0>
			<row1>	-0.000199 0.999993 0.000012	</row1>
			<row2>	-0.867391 -0.000179 0.497603	</row2>
			<row3>	24.588354 9.169391 117.751572	</row3>
		</transform>
		<clientOnly>	false	</clientOnly>
		<properties>
			<entityName>	20611166	</entityName>
			<rediviousTime>	15.000000	</rediviousTime>
			<rediviousTotal>	1	</rediviousTotal>
			<randomWalkRange>	3.000000	</randomWalkRange>
			<patrolList>	</patrolList>
			<lineNumber>	0	</lineNumber>
			<patrolPathNode>	</patrolPathNode>
		</properties>
	</entity_62>
	<entity_63>
		<type>	MonsterSpawnPoint	</type>
		<transform>
			<row0>	0.497601 -0.000129 0.867390	</row0>
			<row1>	0.000288 0.999993 -0.000017	</row1>
			<row2>	-0.867391 0.000258 0.497603	</row2>
			<row3>	14.976799 9.169388 138.062851	</row3>
		</transform>
		<clientOnly>	false	</clientOnly>
		<properties>
			<entityName>	20611166	</entityName>
			<rediviousTime>	15.000000	</rediviousTime>
			<rediviousTotal>	1	</rediviousTotal>
			<randomWalkRange>	3.000000	</randomWalkRange>
			<patrolList>	</patrolList>
			<lineNumber>	0	</lineNumber>
			<patrolPathNode>	</patrolPathNode>
		</properties>
	</entity_63>
	<entity_64>
		<type>	MonsterSpawnPoint	</type>
		<transform>
			<row0>	0.709046 0.000149 -0.705143	</row0>
			<row1>	-0.000199 0.999994 0.000012	</row1>
			<row2>	0.705145 0.000131 0.709046	</row2>
			<row3>	19.409149 9.169394 128.040070	</row3>
		</transform>
		<clientOnly>	false	</clientOnly>
		<properties>
			<entityName>	20611166	</entityName>
			<rediviousTime>	15.000000	</rediviousTime>
			<rediviousTotal>	1	</rediviousTotal>
			<randomWalkRange>	3.000000	</randomWalkRange>
			<patrolList>	</patrolList>
			<lineNumber>	0	</lineNumber>
			<patrolPathNode>	</patrolPathNode>
		</properties>
	</entity_64>
	<entity_65>
		<type>	MonsterSpawnPoint	</type>
		<transform>
			<row0>	-0.002760 0.000017 0.999982	</row0>
			<row1>	0.000288 0.999993 -0.000017	</row1>
			<row2>	-0.999983 0.000288 -0.002759	</row2>
			<row3>	9.596583 9.169392 122.640808	</row3>
		</transform>
		<clientOnly>	false	</clientOnly>
		<properties>
			<entityName>	20611166	</entityName>
			<rediviousTime>	15.000000	</rediviousTime>
			<rediviousTotal>	1	</rediviousTotal>
			<randomWalkRange>	3.000000	</randomWalkRange>
			<patrolList>	</patrolList>
			<lineNumber>	0	</lineNumber>
			<patrolPathNode>	</patrolPathNode>
		</properties>
	</entity_65>
	<entity_66>
		<type>	MonsterSpawnPoint	</type>
		<transform>
			<row0>	-0.002760 -0.000013 0.999981	</row0>
			<row1>	-0.000199 0.999993 0.000012	</row1>
			<row2>	-0.999982 -0.000200 -0.002759	</row2>
			<row3>	5.985688 9.169390 143.045166	</row3>
		</transform>
		<clientOnly>	false	</clientOnly>
		<properties>
			<entityName>	20611166	</entityName>
			<rediviousTime>	15.000000	</rediviousTime>
			<rediviousTotal>	1	</rediviousTotal>
			<randomWalkRange>	3.000000	</randomWalkRange>
			<patrolList>	</patrolList>
			<lineNumber>	0	</lineNumber>
			<patrolPathNode>	</patrolPathNode>
		</properties>
	</entity_66>
	<entity_67>
		<type>	MonsterSpawnPoint	</type>
		<transform>
			<row0>	-0.002761 0.000771 0.999982	</row0>
			<row1>	-0.001024 0.999991 -0.000774	</row1>
			<row2>	-0.999982 -0.001026 -0.002758	</row2>
			<row3>	1.413697 10.403911 113.221069	</row3>
		</transform>
		<clientOnly>	false	</clientOnly>
		<properties>
