<root>
	<entity_1>
		<type>	Flock	</type>
		<transform>
			<row0>	0.999994 0.000500 0.000001	</row0>
			<row1>	-0.000500 0.999989 0.003502	</row1>
			<row2>	0.000001 -0.003502 0.999988	</row2>
			<row3>	-107.875832 16.183647 125.400307	</row3>
		</transform>
		<clientOnly>	true	</clientOnly>
		<properties>
			<maxFlightTime>	200.000000	</maxFlightTime>
			<modelFile>	space/tong_yong/dong_wu/dong_wu/ty_hu_die_004.model	</modelFile>
			<amount>	4	</amount>
			<modelScale>	1.000000	</modelScale>
			<radius>	4.000000	</radius>
			<approachRadius>	10.000000	</approachRadius>
			<collisionFraction>	10.000000	</collisionFraction>
			<influenceRadius>	1.000000	</influenceRadius>
			<speed>	0.030000	</speed>
			<stopRadius>	1.000000	</stopRadius>
			<patrolPathNode>	</patrolPathNode>
		</properties>
	</entity_1>
	<entity_2>
		<type>	Flock	</type>
		<transform>
			<row0>	0.866020 0.000000 -0.499997	</row0>
			<row1>	0.000000 0.999995 0.000000	</row1>
			<row2>	0.499997 0.000000 0.866020	</row2>
			<row3>	-27.409996 15.308371 -58.979904	</row3>
		</transform>
		<clientOnly>	true	</clientOnly>
		<properties>
			<maxFlightTime>	200.000000	</maxFlightTime>
			<modelFile>	space/tong_yong/dong_wu/dong_wu/ty_hu_die_001.model	</modelFile>
			<amount>	2	</amount>
			<modelScale>	1.000000	</modelScale>
			<radius>	4.000000	</radius>
			<approachRadius>	10.000000	</approachRadius>
			<collisionFraction>	10.000000	</collisionFraction>
			<influenceRadius>	1.000000	</influenceRadius>
			<speed>	0.030000	</speed>
			<stopRadius>	1.000000	</stopRadius>
			<patrolPathNode>	</patrolPathNode>
		</properties>
	</entity_2>
	<entity_3>
		<type>	Flock	</type>
		<transform>
			<row0>	0.999994 0.000000 0.000000	</row0>
			<row1>	0.000000 0.999995 0.000000	</row1>
			<row2>	0.000000 0.000000 0.999994	</row2>
			<row3>	-59.885639 15.549725 -6.919258	</row3>
		</transform>
		<clientOnly>	true	</clientOnly>
		<properties>
			<maxFlightTime>	200.000000	</maxFlightTime>
			<modelFile>	space/tong_yong/dong_wu/dong_wu/ty_hu_die_001.model	</modelFile>
			<amount>	2	</amount>
			<modelScale>	1.000000	</modelScale>
			<radius>	4.000000	</radius>
			<approachRadius>	10.000000	</approachRadius>
			<collisionFraction>	10.000000	</collisionFraction>
			<influenceRadius>	1.000000	</influenceRadius>
			<speed>	0.030000	</speed>
			<stopRadius>	1.000000	</stopRadius>
			<patrolPathNode>	</patrolPathNode>
		</properties>
	</entity_3>
	<entity_4>
		<type>	Flock	</type>
		<transform>
			<row0>	0.999994 0.000500 0.000001	</row0>
			<row1>	-0.000500 0.999989 0.003502	</row1>
			<row2>	0.000001 -0.003502 0.999988	</row2>
			<row3>	-44.450241 16.907429 -20.015762	</row3>
		</transform>
		<clientOnly>	true	</clientOnly>
		<properties>
			<maxFlightTime>	200.000000	</maxFlightTime>
			<modelFile>	space/tong_yong/dong_wu/dong_wu/ty_hu_die_004.model	</modelFile>
			<amount>	4	</amount>
			<modelScale>	1.000000	</modelScale>
			<radius>	4.000000	</radius>
			<approachRadius>	10.000000	</approachRadius>
			<collisionFraction>	10.000000	</collisionFraction>
			<influenceRadius>	1.000000	</influenceRadius>
			<speed>	0.030000	</speed>
			<stopRadius>	1.000000	</stopRadius>
			<patrolPathNode>	</patrolPathNode>
		</properties>
	</entity_4>
	<entity_5>
		<type>	NPCSpawnPoint	</type>
		<transform>
			<row0>	-0.258819 0.000000 0.965922	</row0>
			<row1>	0.000000 0.999996 0.000000	</row1>
			<row2>	-0.965922 0.000000 -0.258819	</row2>
			<row3>	-17.601776 14.658201 -6.723701	</row3>
		</transform>
		<clientOnly>	false	</clientOnly>
		<properties>
			<entityName>	10111317	</entityName>
			<rediviousTime>	9999.000000	</rediviousTime>
			<rediviousTotal>	1	</rediviousTotal>
			<randomWalkRange>	3.000000	</randomWalkRange>
			<patrolList>	</patrolList>
			<lineNumber>	0	</lineNumber>
			<patrolPathNode>	</patrolPathNode>
		</properties>
	</entity_5>
	<entity_6>
		<type>	NPCSpawnPoint	</type>
		<transform>
			<row0>	-0.258819 0.000000 0.965923	</row0>
			<row1>	0.000000 0.999997 0.000000	</row1>
			<row2>	-0.965923 0.000000 -0.258819	</row2>
			<row3>	-0.150368 15.417967 -6.781380	</row3>
		</transform>
		<clientOnly>	false	</clientOnly>
		<properties>
			<entityName>	10111318	</entityName>
			<rediviousTime>	9999.000000	</rediviousTime>
			<rediviousTotal>	1	</rediviousTotal>
			<randomWalkRange>	3.000000	</randomWalkRange>
			<patrolList>	</patrolList>
			<lineNumber>	0	</lineNumber>
			<patrolPathNode>	</patrolPathNode>
		</properties>
	</entity_6>
	<entity_7>
		<type>	NPCSpawnPoint	</type>
		<transform>
			<row0>	-0.258819 0.000000 0.965923	</row0>
			<row1>	0.000000 0.999997 0.000000	</row1>
			<row2>	-0.965923 0.000000 -0.258819	</row2>
			<row3>	-35.523834 14.687498 -8.325829	</row3>
		</transform>
		<clientOnly>	false	</clientOnly>
		<properties>
			<entityName>	10111317	</entityName>
			<rediviousTime>	9999.000000	</rediviousTime>
			<rediviousTotal>	1	</rediviousTotal>
			<randomWalkRange>	3.000000	</randomWalkRange>
			<patrolList>	</patrolList>
			<lineNumber>	0	</lineNumber>
			<patrolPathNode>	</patrolPathNode>
		</properties>
	</entity_7>
	<entity_8>
		<type>	SpawnPointCopyRevival	</type>
		<transform>
			<row0>	0.999556 0.000000 0.029665	</row0>
			<row1>	0.000000 0.999996 0.000000	</row1>
			<row2>	-0.029665 0.000000 0.999556	</row2>
			<row3>	-32.352600 14.644529 -10.772812	</row3>
		</transform>
		<clientOnly>	false	</clientOnly>
		<properties>
			<entityName>	20122006	</entityName>
			<rediviousTime>	9999.000000	</rediviousTime>
			<rediviousTotal>	1	</rediviousTotal>
			<randomWalkRange>	3.000000	</randomWalkRange>
			<patrolList>	6A1AC0DA.4E85430B.B87491B2.CD25813E	</patrolList>
			<lineNumber>	0	</lineNumber>
			<patrolPathNode>	C951890B.407ACC5C.83AD1FA9.0713ADCD	</patrolPathNode>
		</properties>
	</entity_8>
	<entity_9>
		<type>	SpawnPointCopyRevival	</type>
		<transform>
			<row0>	0.999556 0.000000 0.029665	</row0>
			<row1>	0.000000 0.999996 0.000000	</row1>
			<row2>	-0.029665 0.000000 0.999556	</row2>
			<row3>	-32.503357 14.701170 -5.916801	</row3>
		</transform>
		<clientOnly>	false	</clientOnly>
		<properties>
			<entityName>	20122006	</entityName>
			<rediviousTime>	9999.000000	</rediviousTime>
			<rediviousTotal>	1	</rediviousTotal>
			<randomWalkRange>	3.000000	</randomWalkRange>
			<patrolList>	9D6A4430.46492FED.4EACA8A4.AEBA3101	</patrolList>
			<lineNumber>	0	</lineNumber>
			<patrolPathNode>	F21638EF.4BCF64E2.B89E8686.E95BFA0F	</patrolPathNode>
		</properties>
	</entity_9>
	<entity_10>
		<type>	SpawnPointCopyRevival	</type>
		<transform>
			<row0>	0.999556 0.000000 0.029665	</row0>
			<row1>	0.000000 0.999996 0.000000	</row1>
			<row2>	-0.029665 0.000000 0.999556	</row2>
			<row3>	-35.394211 14.738279 -5.954979	</row3>
		</transform>
		<clientOnly>	false	</clientOnly>
		<properties>
			<entityName>	20122006	</entityName>
			<rediviousTime>	9999.000000	</rediviousTime>
			<rediviousTotal>	1	</rediviousTotal>
			<randomWalkRange>	3.000000	</randomWalkRange>
			<patrolList>	9D6A4430.46492FED.4EACA8A4.AEBA3101	</patrolList>
			<lineNumber>	0	</lineNumber>
			<patrolPathNode>	C61C507B.42374C60.D32374B6.F8DD0FF7	</patrolPathNode>
		</properties>
	</entity_10>
	<entity_11>
		<type>	SpawnPointCopyRevival	</type>
		<transform>
			<row0>	0.999556 0.000000 0.029665	</row0>
			<row1>	0.000000 0.999996 0.000000	</row1>
			<row2>	-0.029665 0.000000 0.999556	</row2>
			<row3>	-35.243484 14.574217 -10.810989	</row3>
		</transform>
		<clientOnly>	false	</clientOnly>
		<properties>
			<entityName>	20122006	</entityName>
			<rediviousTime>	9999.000000	</rediviousTime>
			<rediviousTotal>	1	</rediviousTotal>
			<randomWalkRange>	3.000000	</randomWalkRange>
			<patrolList>	29B46601.4D443FCF.AC5441BD.D6E5895A	</patrolList>
			<lineNumber>	0	</lineNumber>
			<patrolPathNode>	5491290F.4E9332BB.2801E18F.ACFAE56C	</patrolPathNode>
		</properties>
	</entity_11>
	<entity_12>
		<type>	SpawnPointCopyRevival	</type>
		<transform>
			<row0>	0.999556 0.000000 0.029665	</row0>
			<row1>	0.000000 0.999997 0.000000	</row1>
			<row2>	-0.029665 0.000000 0.999556	</row2>
			<row3>	-38.027180 14.796873 -10.929657	</row3>
		</transform>
		<clientOnly>	false	</clientOnly>
		<properties>
			<entityName>	20122006	</entityName>
			<rediviousTime>	9999.000000	</rediviousTime>
			<rediviousTotal>	1	</rediviousTotal>
			<randomWalkRange>	3.000000	</randomWalkRange>
			<patrolList>	8EDE61FC.4F754E41.B4FA788A.88C35A1B	</patrolList>
			<lineNumber>	0	</lineNumber>
			<patrolPathNode>	59DDFC6A.49D5F884.7B0295B7.D1A80F82	</patrolPathNode>
		</properties>
	</entity_12>
	<entity_13>
		<type>	SpawnPointCopyRevival	</type>
		<transform>
			<row0>	0.999556 0.000000 0.029665	</row0>
			<row1>	0.000000 0.999997 0.000000	</row1>
			<row2>	-0.029665 0.000000 0.999556	</row2>
			<row3>	-38.177917 14.958982 -6.073647	</row3>
		</transform>
		<clientOnly>	false	</clientOnly>
		<properties>
			<entityName>	20122006	</entityName>
			<rediviousTime>	9999.000000	</rediviousTime>
			<rediviousTotal>	1	</rediviousTotal>
			<randomWalkRange>	3.000000	</randomWalkRange>
			<patrolList>	9D6A4430.46492FED.4EACA8A4.AEBA3101	</patrolList>
			<lineNumber>	0	</lineNumber>
			<patrolPathNode>	335A21CC.4A7BEB0C.FFC6AE92.C5406183	</patrolPathNode>
		</properties>
	</entity_13>
	<entity_14>
		<type>	SpawnPointCopyRevival	</type>
		<transform>
			<row0>	0.000000 0.000000 0.999998	</row0>
			<row1>	0.000000 0.999998 0.000000	</row1>
			<row2>	-0.999998 0.000000 0.000000	</row2>
			<row3>	-2.898880 14.955076 -9.572105	</row3>
		</transform>
		<clientOnly>	false	</clientOnly>
		<properties>
			<entityName>	20122006	</entityName>
			<rediviousTime>	9999.000000	</rediviousTime>
			<rediviousTotal>	1	</rediviousTotal>
			<randomWalkRange>	3.000000	</randomWalkRange>
			<patrolList>	60FC8482.49FD5A0C.739758A6.ADC6BF94	</patrolList>
			<lineNumber>	0	</lineNumber>
			<patrolPathNode>	7C68D653.4A81292C.C8D12D92.20E19DD0	</patrolPathNode>
		</properties>
	</entity_14>
	<entity_15>
		<type>	SpawnPointCopyRevival	</type>
		<transform>
			<row0>	0.000000 0.000000 0.999998	</row0>
			<row1>	0.000000 0.999998 0.000000	</row1>
			<row2>	-0.999998 0.000000 0.000000	</row2>
			<row3>	-2.922783 15.208982 -6.612053	</row3>
		</transform>
		<clientOnly>	false	</clientOnly>
		<properties>
			<entityName>	20122006	</entityName>
			<rediviousTime>	9999.000000	</rediviousTime>
			<rediviousTotal>	1	</rediviousTotal>
			<randomWalkRange>	3.000000	</randomWalkRange>
			<patrolList>	60FC8482.49FD5A0C.739758A6.ADC6BF94	</patrolList>
			<lineNumber>	0	</lineNumber>
			<patrolPathNode>	9004E426.494BE819.14B8BFA0.16637E46	</patrolPathNode>
		</properties>
	</entity_15>
	<entity_16>
		<type>	SpawnPointCopyRevival	</type>
		<transform>
			<row0>	0.000000 0.000000 0.999999	</row0>
			<row1>	0.000000 0.999999 0.000000	</row1>
			<row2>	-0.999999 0.000000 0.000000	</row2>
			<row3>	-2.887390 15.582029 -3.755135	</row3>
		</transform>
		<clientOnly>	false	</clientOnly>
		<properties>
			<entityName>	20122006	</entityName>
			<rediviousTime>	9999.000000	</rediviousTime>
			<rediviousTotal>	1	</rediviousTotal>
			<randomWalkRange>	3.000000	</randomWalkRange>
			<patrolList>	60FC8482.49FD5A0C.739758A6.ADC6BF94	</patrolList>
			<lineNumber>	0	</lineNumber>
			<patrolPathNode>	9FC0BDCE.466C5F79.9886BC86.B3CA4581	</patrolPathNode>
		</properties>
	</entity_16>
	<entity_17>
		<type>	Flock	</type>
		<transform>
			<row0>	0.999994 0.000000 0.000000	</row0>
			<row1>	0.000000 0.999995 0.000000	</row1>
			<row2>	0.000000 0.000000 0.999994	</row2>
			<row3>	-71.785500 16.062954 40.165085	</row3>
		</transform>
		<clientOnly>	true	</clientOnly>
		<properties>
			<maxFlightTime>	200.000000	</maxFlightTime>
			<modelFile>	space/tong_yong/dong_wu/dong_wu/ty_hu_die_001.model	</modelFile>
			<amount>	2	</amount>
			<modelScale>	1.000000	</modelScale>
			<radius>	4.000000	</radius>
			<approachRadius>	10.000000	</approachRadius>
			<collisionFraction>	10.000000	</collisionFraction>
			<influenceRadius>	1.000000	</influenceRadius>
			<speed>	0.030000	</speed>
			<stopRadius>	1.000000	</stopRadius>
			<patrolPathNode>	</patrolPathNode>
		</properties>
	</entity_17>
	<entity_18>
		<type>	Flock	</type>
		<transform>
			<row0>	0.866020 0.002184 -0.499993	</row0>
			<row1>	-0.000500 0.999989 0.003502	</row1>
			<row2>	0.499998 -0.002783 0.866015	</row2>
			<row3>	-38.886993 16.881367 0.493538	</row3>
		</transform>
		<clientOnly>	true	</clientOnly>
		<properties>
			<maxFlightTime>	200.000000	</maxFlightTime>
			<modelFile>	space/tong_yong/dong_wu/dong_wu/ty_hu_die_004.model	</modelFile>
			<amount>	4	</amount>
			<modelScale>	1.000000	</modelScale>
			<radius>	4.000000	</radius>
			<approachRadius>	10.000000	</approachRadius>
			<collisionFraction>	10.000000	</collisionFraction>
			<influenceRadius>	1.000000	</influenceRadius>
			<speed>	0.030000	</speed>
			<stopRadius>	1.000000	</stopRadius>
			<patrolPathNode>	</patrolPathNode>
		</properties>
	</entity_18>
	<entity_19>
		<type>	Flock	</type>
		<transform>
			<row0>	0.999994 0.000500 0.000001	</row0>
			<row1>	-0.000500 0.999989 0.003502	</row1>
			<row2>	0.000001 -0.003502 0.999988	</row2>
			<row3>	-66.847702 16.157280 68.561562	</row3>
		</transform>
		<clientOnly>	true	</clientOnly>
		<properties>
			<maxFlightTime>	200.000000	</maxFlightTime>
			<modelFile>	space/tong_yong/dong_wu/dong_wu/ty_hu_die_004.model	</modelFile>
			<amount>	4	</amount>
			<modelScale>	1.000000	</modelScale>
			<radius>	4.000000	</radius>
			<approachRadius>	10.000000	</approachRadius>
			<collisionFraction>	10.000000	</collisionFraction>
			<influenceRadius>	1.000000	</influenceRadius>
			<speed>	0.030000	</speed>
			<stopRadius>	1.000000	</stopRadius>
			<patrolPathNode>	</patrolPathNode>
		</properties>
	</entity_19>
	<entity_20>
		<type>	Flock	</type>
		<transform>
			<row0>	0.707102 0.002830 -0.707097	</row0>
			<row1>	-0.000500 0.999989 0.003502	</row1>
			<row2>	0.707103 -0.002123 0.707098	</row2>
			<row3>	-8.970810 17.080029 15.682069	</row3>
		</transform>
		<clientOnly>	true	</clientOnly>
		<properties>
			<maxFlightTime>	200.000000	</maxFlightTime>
			<modelFile>	space/tong_yong/dong_wu/dong_wu/ty_hu_die_004.model	</modelFile>
			<amount>	4	</amount>
			<modelScale>	1.000000	</modelScale>
			<radius>	4.000000	</radius>
			<approachRadius>	10.000000	</approachRadius>
			<collisionFraction>	10.000000	</collisionFraction>
			<influenceRadius>	1.000000	</influenceRadius>
			<speed>	0.030000	</speed>
			<stopRadius>	1.000000	</stopRadius>
			<patrolPathNode>	</patrolPathNode>
		</properties>
	</entity_20>
	<entity_21>
		<type>	NPCSpawnPoint	</type>
		<transform>
			<row0>	-0.258819 0.000000 0.965923	</row0>
			<row1>	0.000000 0.999997 0.000000	</row1>
			<row2>	-0.965923 0.000000 -0.258819	</row2>
			<row3>	-36.094353 13.658201 11.829000	</row3>
		</transform>
		<clientOnly>	false	</clientOnly>
		<properties>
			<entityName>	10111318	</entityName>
			<rediviousTime>	9999.000000	</rediviousTime>
			<rediviousTotal>	1	</rediviousTotal>
			<randomWalkRange>	3.000000	</randomWalkRange>
			<patrolList>	</patrolList>
			<lineNumber>	0	</lineNumber>
			<patrolPathNode>	</patrolPathNode>
		</properties>
	</entity_21>
	<entity_22>
		<type>	SpawnPointCopyRevival	</type>
		<transform>
			<row0>	-0.999554 0.000291 -0.029665	</row0>
			<row1>	-0.000001 0.999946 0.009877	</row1>
			<row2>	0.029665 0.009873 -0.999506	</row2>
			<row3>	-32.842209 14.467402 33.282333	</row3>
		</transform>
		<clientOnly>	false	</clientOnly>
		<properties>
			<entityName>	20152005	</entityName>
			<rediviousTime>	9999.000000	</rediviousTime>
			<rediviousTotal>	1	</rediviousTotal>
			<randomWalkRange>	0.000000	</randomWalkRange>
			<patrolList>	</patrolList>
			<lineNumber>	0	</lineNumber>
			<patrolPathNode>	</patrolPathNode>
		</properties>
	</entity_22>
	<entity_23>
		<type>	SpawnPointCopyRevival	</type>
		<transform>
			<row0>	0.685804 0.002271 0.727772	</row0>
			<row1>	-0.008555 0.999944 0.004939	</row1>
			<row2>	-0.727726 -0.009613 0.685790	</row2>
			<row3>	-28.649124 14.450518 39.559509	</row3>
		</transform>
		<clientOnly>	false	</clientOnly>
		<properties>
			<entityName>	20142005	</entityName>
			<rediviousTime>	9999.000000	</rediviousTime>
			<rediviousTotal>	1	</rediviousTotal>
			<randomWalkRange>	0.000000	</randomWalkRange>
			<patrolList>	</patrolList>
			<lineNumber>	0	</lineNumber>
			<patrolPathNode>	</patrolPathNode>
		</properties>
	</entity_23>
	<entity_24>
		<type>	SpawnPointCopyRevival	</type>
		<transform>
			<row0>	0.525430 -0.000312 -0.850828	</row0>
			<row1>	0.008572 0.999945 0.004929	</row1>
			<row2>	0.850785 -0.009883 0.525407	</row2>
			<row3>	-37.152695 14.451820 39.649078	</row3>
		</transform>
		<clientOnly>	false	</clientOnly>
		<properties>
			<entityName>	20142005	</entityName>
			<rediviousTime>	9999.000000	</rediviousTime>
			<rediviousTotal>	1	</rediviousTotal>
			<randomWalkRange>	0.000000	</randomWalkRange>
			<patrolList>	</patrolList>
			<lineNumber>	0	</lineNumber>
			<patrolPathNode>	</patrolPathNode>
		</properties>
	</entity_24>
	<entity_25>
		<type>	SpawnPointCopyRevival	</type>
		<transform>
			<row0>	-0.999550 -0.000393 -0.029705	</row0>
			<row1>	-0.000106 0.999947 -0.009553	</row1>
			<row2>	0.029707 -0.009544 -0.999505	</row2>
			<row3>	-32.783615 14.448229 46.558723	</row3>
		</transform>
		<clientOnly>	false	</clientOnly>
		<properties>
			<entityName>	20142005	</entityName>
			<rediviousTime>	9999.000000	</rediviousTime>
			<rediviousTotal>	1	</rediviousTotal>
			<randomWalkRange>	0.000000	</randomWalkRange>
			<patrolList>	</patrolList>
			<lineNumber>	0	</lineNumber>
			<patrolPathNode>	</patrolPathNode>
		</properties>
	</entity_25>
	<entity_26>
		<type>	NPCSpawnPoint	</type>
		<transform>
			<row0>	0.000000 0.000000 0.999995	</row0>
			<row1>	0.000000 0.999995 0.000000	</row1>
			<row2>	-0.999995 0.000000 0.000000	</row2>
			<row3>	-25.308815 13.919920 97.470062	</row3>
		</transform>
		<clientOnly>	false	</clientOnly>
		<properties>
			<entityName>	10111316	</entityName>
			<rediviousTime>	9999.000000	</rediviousTime>
			<rediviousTotal>	1	</rediviousTotal>
			<randomWalkRange>	3.000000	</randomWalkRange>
			<patrolList>	</patrolList>
			<lineNumber>	0	</lineNumber>
			<patrolPathNode>	</patrolPathNode>
		</properties>
	</entity_26>
	<entity_27>
		<type>	SpawnPointCopyRevival	</type>
		<transform>
			<row0>	-0.999555 0.000000 -0.029665	</row0>
			<row1>	0.000000 0.999995 0.000000	</row1>
			<row2>	0.029665 0.000000 -0.999555	</row2>
			<row3>	-32.772247 13.166014 21.773525	</row3>
		</transform>
		<clientOnly>	false	</clientOnly>
		<properties>
			<entityName>	20122006	</entityName>
			<rediviousTime>	9999.000000	</rediviousTime>
			<rediviousTotal>	1	</rediviousTotal>
			<randomWalkRange>	0.000000	</randomWalkRange>
			<patrolList>	</patrolList>
			<lineNumber>	0	</lineNumber>
			<patrolPathNode>	</patrolPathNode>
		</properties>
	</entity_27>
	<entity_28>
		<type>	SpawnPointCopyRevival	</type>
		<transform>
			<row0>	-0.999555 0.000000 -0.029665	</row0>
			<row1>	0.000000 0.999995 0.000000	</row1>
			<row2>	0.029665 0.000000 -0.999555	</row2>
			<row3>	-29.021599 13.126951 21.888531	</row3>
		</transform>
		<clientOnly>	false	</clientOnly>
		<properties>
			<entityName>	20122006	</entityName>
			<rediviousTime>	9999.000000	</rediviousTime>
			<rediviousTotal>	1	</rediviousTotal>
			<randomWalkRange>	0.000000	</randomWalkRange>
			<patrolList>	</patrolList>
			<lineNumber>	0	</lineNumber>
			<patrolPathNode>	</patrolPathNode>
		</properties>
	</entity_28>
	<entity_29>
		<type>	SpawnPointCopyRevival	</type>
		<transform>
			<row0>	-0.999555 0.000000 -0.029665	</row0>
			<row1>	0.000000 0.999995 0.000000	</row1>
			<row2>	0.029665 0.000000 -0.999555	</row2>
			<row3>	-26.265305 13.056639 25.125160	</row3>
		</transform>
		<clientOnly>	false	</clientOnly>
		<properties>
			<entityName>	20122006	</entityName>
			<rediviousTime>	9999.000000	</rediviousTime>
			<rediviousTotal>	1	</rediviousTotal>
			<randomWalkRange>	0.000000	</randomWalkRange>
			<patrolList>	</patrolList>
			<lineNumber>	0	</lineNumber>
			<patrolPathNode>	</patrolPathNode>
		</properties>
	</entity_29>
	<entity_30>
		<type>	SpawnPointCopyRevival	</type>
		<transform>
			<row0>	-0.999555 0.000000 -0.029665	</row0>
			<row1>	0.000000 0.999995 0.000000	</row1>
			<row2>	0.029665 0.000000 -0.999555	</row2>
			<row3>	-29.510628 13.060545 25.046766	</row3>
		</transform>
		<clientOnly>	false	</clientOnly>
		<properties>
			<entityName>	20122006	</entityName>
			<rediviousTime>	9999.000000	</rediviousTime>
			<rediviousTotal>	1	</rediviousTotal>
			<randomWalkRange>	0.000000	</randomWalkRange>
			<patrolList>	</patrolList>
			<lineNumber>	0	</lineNumber>
			<patrolPathNode>	</patrolPathNode>
		</properties>
	</entity_30>
	<entity_31>
		<type>	SpawnPointCopyRevival	</type>
		<transform>
			<row0>	-0.999555 0.000000 -0.029665	</row0>
			<row1>	0.000000 0.999995 0.000000	</row1>
			<row2>	0.029665 0.000000 -0.999555	</row2>
			<row3>	-32.828415 13.060545 25.120447	</row3>
		</transform>
		<clientOnly>	false	</clientOnly>
		<properties>
			<entityName>	20122006	</entityName>
			<rediviousTime>	9999.000000	</rediviousTime>
			<rediviousTotal>	1	</rediviousTotal>
			<randomWalkRange>	0.000000	</randomWalkRange>
			<patrolList>	</patrolList>
			<lineNumber>	0	</lineNumber>
			<patrolPathNode>	</patrolPathNode>
		</properties>
	</entity_31>
	<entity_32>
		<type>	SpawnPointCopyRevival	</type>
		<transform>
			<row0>	-0.999555 0.000000 -0.029665	</row0>
			<row1>	0.000000 0.999995 0.000000	</row1>
			<row2>	0.029665 0.000000 -0.999555	</row2>
			<row3>	-35.960739 13.060545 25.217577	</row3>
		</transform>
		<clientOnly>	false	</clientOnly>
		<properties>
			<entityName>	20122006	</entityName>
			<rediviousTime>	9999.000000	</rediviousTime>
			<rediviousTotal>	1	</rediviousTotal>
			<randomWalkRange>	0.000000	</randomWalkRange>
			<patrolList>	</patrolList>
			<lineNumber>	0	</lineNumber>
			<patrolPathNode>	</patrolPathNode>
		</properties>
	</entity_32>
	<entity_33>
		<type>	SpawnPointCopyRevival	</type>
		<transform>
			<row0>	-0.999555 0.000000 -0.029665	</row0>
			<row1>	0.000000 0.999995 0.000000	</row1>
			<row2>	0.029665 0.000000 -0.999555	</row2>
			<row3>	-36.386848 13.224607 21.725887	</row3>
		</transform>
		<clientOnly>	false	</clientOnly>
		<properties>
			<entityName>	20122006	</entityName>
			<rediviousTime>	9999.000000	</rediviousTime>
			<rediviousTotal>	1	</rediviousTotal>
			<randomWalkRange>	0.000000	</randomWalkRange>
			<patrolList>	</patrolList>
			<lineNumber>	0	</lineNumber>
			<patrolPathNode>	</patrolPathNode>
		</properties>
	</entity_33>
	<entity_34>
		<type>	SpawnPointCopyRevival	</type>
		<transform>
			<row0>	-0.999555 0.000000 -0.029665	</row0>
			<row1>	0.000000 0.999995 0.000000	</row1>
			<row2>	0.029665 0.000000 -0.999555	</row2>
			<row3>	-38.696747 13.011717 25.201384	</row3>
		</transform>
		<clientOnly>	false	</clientOnly>
		<properties>
			<entityName>	20122006	</entityName>
			<rediviousTime>	9999.000000	</rediviousTime>
			<rediviousTotal>	1	</rediviousTotal>
			<randomWalkRange>	0.000000	</randomWalkRange>
			<patrolList>	</patrolList>
			<lineNumber>	0	</lineNumber>
			<patrolPathNode>	</patrolPathNode>
		</properties>
	</entity_34>
	<entity_35>
		<type>	SpawnPointCopyRevival	</type>
		<transform>
			<row0>	-0.999520 0.008281 -0.029646	</row0>
			<row1>	0.008144 0.999950 0.004715	</row1>
			<row2>	0.029683 0.004472 -0.999544	</row2>
			<row3>	-36.887356 14.478567 33.353600	</row3>
		</transform>
		<clientOnly>	false	</clientOnly>
		<properties>
			<entityName>	20122006	</entityName>
			<rediviousTime>	9999.000000	</rediviousTime>
			<rediviousTotal>	1	</rediviousTotal>
			<randomWalkRange>	0.000000	</randomWalkRange>
			<patrolList>	</patrolList>
			<lineNumber>	0	</lineNumber>
			<patrolPathNode>	</patrolPathNode>
		</properties>
	</entity_35>
	<entity_36>
		<type>	SpawnPointCopyRevival	</type>
		<transform>
			<row0>	-0.999554 0.000289 -0.029665	</row0>
			<row1>	-0.000004 0.999946 0.009876	</row1>
			<row2>	0.029665 0.009872 -0.999506	</row2>
			<row3>	-28.714218 14.484951 33.692303	</row3>
		</transform>
		<clientOnly>	false	</clientOnly>
		<properties>
			<entityName>	20122006	</entityName>
			<rediviousTime>	9999.000000	</rediviousTime>
			<rediviousTotal>	1	</rediviousTotal>
			<randomWalkRange>	0.000000	</randomWalkRange>
			<patrolList>	</patrolList>
			<lineNumber>	0	</lineNumber>
			<patrolPathNode>	</patrolPathNode>
		</properties>
	</entity_36>
	<entity_37>
		<type>	SpawnPointCopyRevival	</type>
		<transform>
			<row0>	-0.525467 0.000000 0.850807	</row0>
			<row1>	0.000000 0.999995 0.000000	</row1>
			<row2>	-0.850807 0.000000 -0.525467	</row2>
			<row3>	-46.134392 13.226561 29.190918	</row3>
		</transform>
		<clientOnly>	false	</clientOnly>
		<properties>
			<entityName>	20122006	</entityName>
			<rediviousTime>	9999.000000	</rediviousTime>
			<rediviousTotal>	1	</rediviousTotal>
			<randomWalkRange>	0.000000	</randomWalkRange>
			<patrolList>	</patrolList>
			<lineNumber>	0	</lineNumber>
			<patrolPathNode>	</patrolPathNode>
		</properties>
	</entity_37>
	<entity_38>
		<type>	SpawnPointCopyRevival	</type>
		<transform>
			<row0>	-0.525467 0.000000 0.850807	</row0>
			<row1>	0.000000 0.999995 0.000000	</row1>
			<row2>	-0.850807 0.000000 -0.525467	</row2>
			<row3>	-48.454048 13.292967 33.238235	</row3>
		</transform>
		<clientOnly>	false	</clientOnly>
		<properties>
			<entityName>	20122006	</entityName>
			<rediviousTime>	9999.000000	</rediviousTime>
			<rediviousTotal>	1	</rediviousTotal>
			<randomWalkRange>	0.000000	</randomWalkRange>
			<patrolList>	</patrolList>
			<lineNumber>	0	</lineNumber>
			<patrolPathNode>	</patrolPathNode>
		</properties>
	</entity_38>
	<entity_39>
		<type>	SpawnPointCopyRevival	</type>
		<transform>
			<row0>	-0.525468 0.000000 0.850807	</row0>
			<row1>	0.000000 0.999994 0.000000	</row1>
			<row2>	-0.850807 0.000000 -0.525468	</row2>
			<row3>	-50.521313 13.302732 37.186596	</row3>
		</transform>
		<clientOnly>	false	</clientOnly>
		<properties>
			<entityName>	20122006	</entityName>
			<rediviousTime>	9999.000000	</rediviousTime>
			<rediviousTotal>	1	</rediviousTotal>
			<randomWalkRange>	0.000000	</randomWalkRange>
			<patrolList>	</patrolList>
			<lineNumber>	0	</lineNumber>
			<patrolPathNode>	</patrolPathNode>
		</properties>
	</entity_39>
	<entity_40>
		<type>	SpawnPointCopyRevival	</type>
		<transform>
			<row0>	-0.474086 0.000000 -0.880469	</row0>
			<row1>	0.000000 0.999992 0.000000	</row1>
			<row2>	0.880469 0.000000 -0.474086	</row2>
			<row3>	-16.067192 13.730467 29.316313	</row3>
		</transform>
		<clientOnly>	false	</clientOnly>
		<properties>
			<entityName>	20122006	</entityName>
			<rediviousTime>	9999.000000	</rediviousTime>
			<rediviousTotal>	1	</rediviousTotal>
			<randomWalkRange>	0.000000	</randomWalkRange>
			<patrolList>	</patrolList>
			<lineNumber>	0	</lineNumber>
			<patrolPathNode>	</patrolPathNode>
		</properties>
	</entity_40>
	<entity_41>
		<type>	SpawnPointCopyRevival	</type>
		<transform>
			<row0>	-0.474086 0.000000 -0.880469	</row0>
			<row1>	0.000000 0.999992 0.000000	</row1>
			<row2>	0.880469 0.000000 -0.474086	</row2>
			<row3>	-14.248405 13.558592 32.701374	</row3>
		</transform>
		<clientOnly>	false	</clientOnly>
		<properties>
			<entityName>	20122006	</entityName>
			<rediviousTime>	9999.000000	</rediviousTime>
			<rediviousTotal>	1	</rediviousTotal>
			<randomWalkRange>	0.000000	</randomWalkRange>
			<patrolList>	</patrolList>
			<lineNumber>	0	</lineNumber>
			<patrolPathNode>	</patrolPathNode>
		</properties>
	</entity_41>
	<entity_42>
		<type>	SpawnPointCopyRevival	</type>
		<transform>
			<row0>	-0.474086 0.000000 -0.880469	</row0>
			<row1>	0.000000 0.999992 0.000000	</row1>
			<row2>	0.880469 0.000000 -0.474086	</row2>
			<row3>	-12.253807 13.349607 35.982815	</row3>
		</transform>
		<clientOnly>	false	</clientOnly>
		<properties>
			<entityName>	20122006	</entityName>
			<rediviousTime>	9999.000000	</rediviousTime>
			<rediviousTotal>	1	</rediviousTotal>
			<randomWalkRange>	0.000000	</randomWalkRange>
			<patrolList>	</patrolList>
			<lineNumber>	0	</lineNumber>
			<patrolPathNode>	</patrolPathNode>
		</properties>
	</entity_42>
	<entity_43>
		<type>	SpawnPointCopyRevival	</type>
		<transform>
			<row0>	-0.474086 0.000000 -0.880470	</row0>
			<row1>	0.000000 0.999993 0.000000	</row1>
			<row2>	0.880470 0.000000 -0.474086	</row2>
			<row3>	-15.908646 13.068357 38.123177	</row3>
		</transform>
		<clientOnly>	false	</clientOnly>
		<properties>
			<entityName>	20122006	</entityName>
			<rediviousTime>	9999.000000	</rediviousTime>
			<rediviousTotal>	1	</rediviousTotal>
			<randomWalkRange>	0.000000	</randomWalkRange>
			<patrolList>	</patrolList>
			<lineNumber>	0	</lineNumber>
			<patrolPathNode>	</patrolPathNode>
		</properties>
	</entity_43>
	<entity_44>
		<type>	SpawnPointCopyRevival	</type>
		<transform>
			<row0>	-0.474086 0.000000 -0.880469	</row0>
			<row1>	0.000000 0.999992 0.000000	</row1>
			<row2>	0.880469 0.000000 -0.474086	</row2>
			<row3>	-18.048241 13.060545 34.505795	</row3>
		</transform>
		<clientOnly>	false	</clientOnly>
		<properties>
			<entityName>	20122006	</entityName>
			<rediviousTime>	9999.000000	</rediviousTime>
			<rediviousTotal>	1	</rediviousTotal>
			<randomWalkRange>	0.000000	</randomWalkRange>
			<patrolList>	</patrolList>
			<lineNumber>	0	</lineNumber>
			<patrolPathNode>	</patrolPathNode>
		</properties>
	</entity_44>
	<entity_45>
		<type>	SpawnPointCopyRevival	</type>
		<transform>
			<row0>	-0.474086 0.000000 -0.880470	</row0>
			<row1>	0.000000 0.999992 0.000000	</row1>
			<row2>	0.880470 0.000000 -0.474086	</row2>
			<row3>	-19.888847 13.078123 31.482058	</row3>
		</transform>
		<clientOnly>	false	</clientOnly>
		<properties>
			<entityName>	20122006	</entityName>
			<rediviousTime>	9999.000000	</rediviousTime>
			<rediviousTotal>	1	</rediviousTotal>
			<randomWalkRange>	0.000000	</randomWalkRange>
			<patrolList>	</patrolList>
			<lineNumber>	0	</lineNumber>
			<patrolPathNode>	</patrolPathNode>
		</properties>
	</entity_45>
	<entity_46>
		<type>	SpawnPointCopyRevival	</type>
		<transform>
			<row0>	0.525467 0.000000 -0.850806	</row0>
			<row1>	0.000000 0.999993 0.000000	</row1>
			<row2>	0.850806 0.000000 0.525467	</row2>
			<row3>	-15.756882 13.136717 46.001442	</row3>
		</transform>
		<clientOnly>	false	</clientOnly>
		<properties>
			<entityName>	20122006	</entityName>
			<rediviousTime>	9999.000000	</rediviousTime>
			<rediviousTotal>	1	</rediviousTotal>
			<randomWalkRange>	0.000000	</randomWalkRange>
			<patrolList>	</patrolList>
			<lineNumber>	0	</lineNumber>
			<patrolPathNode>	</patrolPathNode>
		</properties>
	</entity_46>
	<entity_47>
		<type>	SpawnPointCopyRevival	</type>
		<transform>
			<row0>	0.525467 0.000000 -0.850806	</row0>
			<row1>	0.000000 0.999993 0.000000	</row1>
			<row2>	0.850806 0.000000 0.525467	</row2>
			<row3>	-18.156868 13.054686 50.153404	</row3>
		</transform>
		<clientOnly>	false	</clientOnly>
		<properties>
			<entityName>	20122006	</entityName>
			<rediviousTime>	9999.000000	</rediviousTime>
			<rediviousTotal>	1	</rediviousTotal>
			<randomWalkRange>	0.000000	</randomWalkRange>
			<patrolList>	</patrolList>
			<lineNumber>	0	</lineNumber>
			<patrolPathNode>	</patrolPathNode>
		</properties>
	</entity_47>
	<entity_48>
		<type>	SpawnPointCopyRevival	</type>
		<transform>
			<row0>	0.525467 0.000000 -0.850807	</row0>
			<row1>	0.000000 0.999994 0.000000	</row1>
			<row2>	0.850807 0.000000 0.525467	</row2>
			<row3>	-20.419777 13.123045 53.789173	</row3>
		</transform>
		<clientOnly>	false	</clientOnly>
		<properties>
			<entityName>	20122006	</entityName>
			<rediviousTime>	9999.000000	</rediviousTime>
			<rediviousTotal>	1	</rediviousTotal>
			<randomWalkRange>	0.000000	</randomWalkRange>
			<patrolList>	</patrolList>
			<lineNumber>	0	</lineNumber>
			<patrolPathNode>	</patrolPathNode>
		</properties>
	</entity_48>
	<entity_49>
		<type>	Flock	</type>
		<transform>
			<row0>	0.999994 0.000500 0.000001	</row0>
			<row1>	-0.000500 0.999989 0.003502	</row1>
			<row2>	0.000001 -0.003502 0.999988	</row2>
			<row3>	-56.164822 17.832348 114.184387	</row3>
		</transform>
		<clientOnly>	true	</clientOnly>
		<properties>
			<maxFlightTime>	200.000000	</maxFlightTime>
			<modelFile>	space/tong_yong/dong_wu/dong_wu/ty_hu_die_004.model	</modelFile>
			<amount>	4	</amount>
			<modelScale>	1.000000	</modelScale>
			<radius>	4.000000	</radius>
			<approachRadius>	10.000000	</approachRadius>
			<collisionFraction>	10.000000	</collisionFraction>
			<influenceRadius>	1.000000	</influenceRadius>
			<speed>	0.030000	</speed>
			<stopRadius>	1.000000	</stopRadius>
			<patrolPathNode>	</patrolPathNode>
		</properties>
	</entity_49>
	<entity_50>
		<type>	Flock	</type>
		<transform>
			<row0>	0.999994 0.000500 0.000001	</row0>
			<row1>	-0.000500 0.999989 0.003502	</row1>
			<row2>	0.000001 -0.003502 0.999988	</row2>
			<row3>	-86.530067 16.336689 179.640594	</row3>
		</transform>
		<clientOnly>	true	</clientOnly>
		<properties>
			<maxFlightTime>	200.000000	</maxFlightTime>
			<modelFile>	space/tong_yong/dong_wu/dong_wu/ty_hu_die_004.model	</modelFile>
			<amount>	4	</amount>
			<modelScale>	1.000000	</modelScale>
			<radius>	4.000000	</radius>
			<approachRadius>	10.000000	</approachRadius>
			<collisionFraction>	10.000000	</collisionFraction>
			<influenceRadius>	1.000000	</influenceRadius>
			<speed>	0.030000	</speed>
			<stopRadius>	1.000000	</stopRadius>
			<patrolPathNode>	</patrolPathNode>
		</properties>
	</entity_50>
	<entity_51>
		<type>	SpawnPointCopyRevival	</type>
		<transform>
			<row0>	-0.999999 0.000000 0.000000	</row0>
			<row1>	0.000000 0.999999 0.000000	</row1>
			<row2>	0.000000 0.000000 -0.999999	</row2>
			<row3>	-34.922379 13.451170 175.015259	</row3>
		</transform>
		<clientOnly>	false	</clientOnly>
		<properties>
			<entityName>	20654005	</entityName>
			<rediviousTime>	9999.000000	</rediviousTime>
			<rediviousTotal>	1	</rediviousTotal>
			<randomWalkRange>	3.000000	</randomWalkRange>
			<patrolList>	</patrolList>
			<lineNumber>	0	</lineNumber>
			<patrolPathNode>	</patrolPathNode>
		</properties>
	</entity_51>
	<entity_52>
		<type>	SpawnPointCopyRevival	</type>
		<transform>
			<row0>	-0.866021 0.000000 0.499999	</row0>
			<row1>	0.000000 0.999996 0.000000	</row1>
			<row2>	-0.499999 0.000000 -0.866021	</row2>
			<row3>	-5.813225 14.839842 143.555359	</row3>
		</transform>
		<clientOnly>	false	</clientOnly>
		<properties>
			<entityName>	20651166	</entityName>
			<rediviousTime>	9999.000000	</rediviousTime>
			<rediviousTotal>	1	</rediviousTotal>
			<randomWalkRange>	3.000000	</randomWalkRange>
			<patrolList>	</patrolList>
			<lineNumber>	0	</lineNumber>
			<patrolPathNode>	</patrolPathNode>
		</properties>
	</entity_52>
	<entity_53>
		<type>	SpawnPointCopyRevival	</type>
		<transform>
			<row0>	-0.866022 0.000000 -0.499997	</row0>
			<row1>	0.000000 0.999996 0.000000	</row1>
			<row2>	0.499997 0.000000 -0.866022	</row2>
			<row3>	-7.557541 15.876951 136.185120	</row3>
		</transform>
		<clientOnly>	false	</clientOnly>
		<properties>
			<entityName>	20651166	</entityName>
			<rediviousTime>	9999.000000	</rediviousTime>
			<rediviousTotal>	1	</rediviousTotal>
			<randomWalkRange>	3.000000	</randomWalkRange>
			<patrolList>	</patrolList>
			<lineNumber>	0	</lineNumber>
			<patrolPathNode>	</patrolPathNode>
		</properties>
	</entity_53>
	<entity_54>
		<type>	SpawnPointCopyRevival	</type>
		<transform>
			<row0>	0.965921 0.000000 -0.258819	</row0>
			<row1>	0.000000 0.999997 0.000000	</row1>
			<row2>	0.258819 0.000000 0.965921	</row2>
			<row3>	-19.682869 14.533201 138.148804	</row3>
		</transform>
		<clientOnly>	false	</clientOnly>
		<properties>
			<entityName>	20651166	</entityName>
			<rediviousTime>	9999.000000	</rediviousTime>
			<rediviousTotal>	1	</rediviousTotal>
			<randomWalkRange>	3.000000	</randomWalkRange>
			<patrolList>	</patrolList>
			<lineNumber>	0	</lineNumber>
			<patrolPathNode>	</patrolPathNode>
		</properties>
	</entity_54>
	<entity_55>
		<type>	SpawnPointCopyRevival	</type>
		<transform>
			<row0>	-0.258817 0.000000 0.965922	</row0>
			<row1>	0.000000 0.999996 0.000000	</row1>
			<row2>	-0.965922 0.000000 -0.258817	</row2>
			<row3>	-0.063782 15.316404 136.036835	</row3>
		</transform>
		<clientOnly>	false	</clientOnly>
		<properties>
			<entityName>	20651166	</entityName>
			<rediviousTime>	9999.000000	</rediviousTime>
			<rediviousTotal>	1	</rediviousTotal>
			<randomWalkRange>	3.000000	</randomWalkRange>
			<patrolList>	</patrolList>
			<lineNumber>	0	</lineNumber>
			<patrolPathNode>	</patrolPathNode>
		</properties>
	</entity_55>
	<entity_56>
		<type>	SpawnPointCopyRevival	</type>
		<transform>
			<row0>	-0.499997 0.000000 0.866022	</row0>
			<row1>	0.000000 0.999996 0.000000	</row1>
			<row2>	-0.866022 0.000000 -0.499997	</row2>
			<row3>	-8.424126 15.851561 129.441986	</row3>
		</transform>
		<clientOnly>	false	</clientOnly>
		<properties>
			<entityName>	20651166	</entityName>
			<rediviousTime>	9999.000000	</rediviousTime>
			<rediviousTotal>	1	</rediviousTotal>
			<randomWalkRange>	3.000000	</randomWalkRange>
			<patrolList>	</patrolList>
			<lineNumber>	0	</lineNumber>
			<patrolPathNode>	</patrolPathNode>
		</properties>
	</entity_56>
	<entity_57>
		<type>	SpawnPointCopyRevival	</type>
		<transform>
			<row0>	-0.965920 0.000000 0.258819	</row0>
			<row1>	0.000000 0.999995 0.000000	</row1>
			<row2>	-0.258819 0.000000 -0.965920	</row2>
			<row3>	-14.231308 15.888670 133.499115	</row3>
		</transform>
		<clientOnly>	false	</clientOnly>
		<properties>
			<entityName>	20651166	</entityName>
			<rediviousTime>	9999.000000	</rediviousTime>
			<rediviousTotal>	1	</rediviousTotal>
			<randomWalkRange>	3.000000	</randomWalkRange>
			<patrolList>	</patrolList>
			<lineNumber>	0	</lineNumber>
			<patrolPathNode>	</patrolPathNode>
		</properties>
	</entity_57>
	<entity_58>
		<type>	SpawnPointCopyRevival	</type>
		<transform>
			<row0>	-0.965922 0.000000 -0.258817	</row0>
			<row1>	0.000000 0.999996 0.000000	</row1>
			<row2>	0.258817 0.000000 -0.965922	</row2>
			<row3>	-11.312050 13.925779 150.484711	</row3>
		</transform>
		<clientOnly>	false	</clientOnly>
		<properties>
			<entityName>	20651166	</entityName>
			<rediviousTime>	9999.000000	</rediviousTime>
			<rediviousTotal>	1	</rediviousTotal>
			<randomWalkRange>	3.000000	</randomWalkRange>
			<patrolList>	</patrolList>
			<lineNumber>	0	</lineNumber>
			<patrolPathNode>	</patrolPathNode>
		</properties>
	</entity_58>
	<entity_59>
		<type>	SpawnPointCopyRevival	</type>
		<transform>
			<row0>	0.707104 0.000000 0.707103	</row0>
			<row1>	0.000000 0.999997 0.000000	</row1>
			<row2>	-0.707103 0.000000 0.707104	</row2>
			<row3>	-14.307030 14.298826 143.029510	</row3>
		</transform>
		<clientOnly>	false	</clientOnly>
		<properties>
			<entityName>	20651166	</entityName>
			<rediviousTime>	9999.000000	</rediviousTime>
			<rediviousTotal>	1	</rediviousTotal>
			<randomWalkRange>	3.000000	</randomWalkRange>
			<patrolList>	</patrolList>
			<lineNumber>	0	</lineNumber>
			<patrolPathNode>	</patrolPathNode>
		</properties>
	</entity_59>
	<entity_60>
		<type>	SpawnPointCopyRevival	</type>
		<transform>
			<row0>	0.707103 0.000000 -0.707105	</row0>
			<row1>	0.000000 0.999997 0.000000	</row1>
			<row2>	0.707105 0.000000 0.707103	</row2>
			<row3>	-24.591064 13.785154 143.341217	</row3>
		</transform>
		<clientOnly>	false	</clientOnly>
		<properties>
			<entityName>	20651166	</entityName>
			<rediviousTime>	9999.000000	</rediviousTime>
			<rediviousTotal>	1	</rediviousTotal>
			<randomWalkRange>	3.000000	</randomWalkRange>
			<patrolList>	</patrolList>
			<lineNumber>	0	</lineNumber>
			<patrolPathNode>	</patrolPathNode>
		</properties>
	</entity_60>
	<entity_61>
		<type>	SpawnPointCopyRevival	</type>
		<transform>
			<row0>	-0.000001 0.000000 -0.999995	</row0>
