<root>
	<entity_1>
		<type>	Flock	</type>
		<transform>
			<row0>	-0.965914 0.000000 -0.258814	</row0>
			<row1>	0.000000 0.999989 0.000000	</row1>
			<row2>	0.258814 0.000000 -0.965914	</row2>
			<row3>	-119.296738 -52.266418 344.117706	</row3>
		</transform>
		<clientOnly>	true	</clientOnly>
		<properties>
			<maxFlightTime>	200.000000	</maxFlightTime>
			<modelFile>	creature/he/ty_he_m.model	</modelFile>
			<amount>	3	</amount>
			<modelScale>	1.000000	</modelScale>
			<radius>	32.000000	</radius>
			<approachRadius>	10.000000	</approachRadius>
			<collisionFraction>	0.500000	</collisionFraction>
			<influenceRadius>	10.000000	</influenceRadius>
			<speed>	0.500000	</speed>
			<stopRadius>	1.000000	</stopRadius>
			<patrolPathNode>	</patrolPathNode>
		</properties>
	</entity_1>
	<entity_2>
		<type>	SpaceDoor	</type>
		<transform>
			<row0>	0.999556 0.000000 0.029757	</row0>
			<row1>	0.000000 0.999999 0.000000	</row1>
			<row2>	-0.029757 0.000000 0.999556	</row2>
			<row3>	-2.065628 -11.490479 -232.848572	</row3>
		</transform>
		<clientOnly>	false	</clientOnly>
		<properties>
			<className>	</className>
			<useRectangle>	1	</useRectangle>
			<radius>	0.000000	</radius>
			<volume>	1.000000 8.000000 8.000000	</volume>
			<modelNumber>	gw7123	</modelNumber>
			<modelScale>	80.000000	</modelScale>
			<destSpace>	fu_ben_long_qi_dong_02	</destSpace>
			<description>	</description>
			<uname>	</uname>
			<nickname>	</nickname>
			<destPosition>	-66.836998 2.769000 164.850006	</destPosition>
			<destDirection>	0.000000 120.000000 0.000000	</destDirection>
			<patrolPathNode>	</patrolPathNode>
		</properties>
	</entity_2>
	<entity_3>
		<type>	Flock	</type>
		<transform>
			<row0>	0.999994 0.000500 0.000001	</row0>
			<row1>	-0.000500 0.999989 0.003502	</row1>
			<row2>	0.000001 -0.003502 0.999988	</row2>
			<row3>	-35.814621 7.567148 -124.068802	</row3>
		</transform>
		<clientOnly>	true	</clientOnly>
		<properties>
			<maxFlightTime>	200.000000	</maxFlightTime>
			<modelFile>	space/tong_yong/dong_wu/dong_wu/ty_hu_die_002.model	</modelFile>
			<amount>	4	</amount>
			<modelScale>	1.000000	</modelScale>
			<radius>	4.000000	</radius>
			<approachRadius>	7.000000	</approachRadius>
			<collisionFraction>	10.000000	</collisionFraction>
			<influenceRadius>	1.000000	</influenceRadius>
			<speed>	0.008000	</speed>
			<stopRadius>	1.000000	</stopRadius>
			<patrolPathNode>	</patrolPathNode>
		</properties>
	</entity_3>
	<entity_4>
		<type>	Flock	</type>
		<transform>
			<row0>	0.999994 0.000000 0.000000	</row0>
			<row1>	0.000000 0.999995 0.000000	</row1>
			<row2>	0.000000 0.000000 0.999994	</row2>
			<row3>	-31.693497 6.354249 -133.830215	</row3>
		</transform>
		<clientOnly>	true	</clientOnly>
		<properties>
			<maxFlightTime>	200.000000	</maxFlightTime>
			<modelFile>	space/tong_yong/dong_wu/dong_wu/ty_hu_die_001.model	</modelFile>
			<amount>	2	</amount>
			<modelScale>	1.000000	</modelScale>
			<radius>	4.000000	</radius>
			<approachRadius>	5.000000	</approachRadius>
			<collisionFraction>	10.000000	</collisionFraction>
			<influenceRadius>	1.000000	</influenceRadius>
			<speed>	0.008000	</speed>
			<stopRadius>	1.000000	</stopRadius>
			<patrolPathNode>	</patrolPathNode>
		</properties>
	</entity_4>
	<entity_5>
		<type>	Flock	</type>
		<transform>
			<row0>	0.847936 -0.242483 -0.471374	</row0>
			<row1>	0.146302 0.961750 -0.231564	</row1>
			<row2>	0.509497 0.127389 0.850983	</row2>
			<row3>	-19.725975 5.282535 -119.426445	</row3>
		</transform>
		<clientOnly>	true	</clientOnly>
		<properties>
			<maxFlightTime>	200.000000	</maxFlightTime>
			<modelFile>	space/tong_yong/dong_wu/dong_wu/ty_hu_die_001.model	</modelFile>
			<amount>	2	</amount>
			<modelScale>	1.000000	</modelScale>
			<radius>	4.000000	</radius>
			<approachRadius>	5.000000	</approachRadius>
			<collisionFraction>	10.000000	</collisionFraction>
			<influenceRadius>	1.000000	</influenceRadius>
			<speed>	0.008000	</speed>
			<stopRadius>	1.000000	</stopRadius>
			<patrolPathNode>	</patrolPathNode>
		</properties>
	</entity_5>
	<entity_6>
		<type>	Flock	</type>
		<transform>
			<row0>	-0.000001 0.000000 0.999987	</row0>
			<row1>	0.000000 0.999992 0.000000	</row1>
			<row2>	-0.999987 0.000000 -0.000001	</row2>
			<row3>	-2.629547 -16.642120 -182.249527	</row3>
		</transform>
		<clientOnly>	true	</clientOnly>
		<properties>
			<maxFlightTime>	200.000000	</maxFlightTime>
			<modelFile>	space/tong_yong/dong_wu/dong_wu/ty_yu_007.model	</modelFile>
			<amount>	3	</amount>
			<modelScale>	1.000000	</modelScale>
			<radius>	5.000000	</radius>
			<approachRadius>	10.000000	</approachRadius>
			<collisionFraction>	0.100000	</collisionFraction>
			<influenceRadius>	1.000000	</influenceRadius>
			<speed>	0.040000	</speed>
			<stopRadius>	1.000000	</stopRadius>
			<patrolPathNode>	</patrolPathNode>
		</properties>
	</entity_6>
	<entity_7>
		<type>	Flock	</type>
		<transform>
			<row0>	0.000203 -0.000001 0.999987	</row0>
			<row1>	0.000003 0.999989 0.000000	</row1>
			<row2>	-0.999989 0.000003 0.000202	</row2>
			<row3>	-1.108543 -16.676926 -185.107285	</row3>
		</transform>
		<clientOnly>	true	</clientOnly>
		<properties>
			<maxFlightTime>	200.000000	</maxFlightTime>
			<modelFile>	space/tong_yong/dong_wu/dong_wu/ty_yu_004.model	</modelFile>
			<amount>	3	</amount>
			<modelScale>	1.000000	</modelScale>
			<radius>	8.000000	</radius>
			<approachRadius>	10.000000	</approachRadius>
			<collisionFraction>	0.100000	</collisionFraction>
			<influenceRadius>	1.000000	</influenceRadius>
			<speed>	0.040000	</speed>
			<stopRadius>	1.000000	</stopRadius>
			<patrolPathNode>	</patrolPathNode>
		</properties>
	</entity_7>
	<entity_8>
		<type>	Flock	</type>
		<transform>
			<row0>	-0.000001 0.000000 0.999987	</row0>
			<row1>	0.000000 0.999991 0.000000	</row1>
			<row2>	-0.999987 0.000000 -0.000001	</row2>
			<row3>	-6.582092 -16.585131 -194.284302	</row3>
		</transform>
		<clientOnly>	true	</clientOnly>
		<properties>
			<maxFlightTime>	200.000000	</maxFlightTime>
			<modelFile>	space/tong_yong/dong_wu/dong_wu/ty_yu_007.model	</modelFile>
			<amount>	3	</amount>
			<modelScale>	1.000000	</modelScale>
			<radius>	5.000000	</radius>
			<approachRadius>	10.000000	</approachRadius>
			<collisionFraction>	0.100000	</collisionFraction>
			<influenceRadius>	1.000000	</influenceRadius>
			<speed>	0.040000	</speed>
			<stopRadius>	1.000000	</stopRadius>
			<patrolPathNode>	</patrolPathNode>
		</properties>
	</entity_8>
	<entity_9>
		<type>	Flock	</type>
		<transform>
			<row0>	0.500043 0.011250 0.865913	</row0>
			<row1>	-0.022496 0.999736 0.000002	</row1>
			<row2>	-0.865696 -0.019481 0.500169	</row2>
			<row3>	-1.699432 -16.514023 -177.531418	</row3>
		</transform>
		<clientOnly>	true	</clientOnly>
		<properties>
			<maxFlightTime>	200.000000	</maxFlightTime>
			<modelFile>	space/tong_yong/dong_wu/dong_wu/ty_yu_004.model	</modelFile>
			<amount>	3	</amount>
			<modelScale>	1.000000	</modelScale>
			<radius>	8.000000	</radius>
			<approachRadius>	10.000000	</approachRadius>
			<collisionFraction>	0.100000	</collisionFraction>
			<influenceRadius>	1.000000	</influenceRadius>
			<speed>	0.040000	</speed>
			<stopRadius>	1.000000	</stopRadius>
			<patrolPathNode>	</patrolPathNode>
		</properties>
	</entity_9>
	<entity_10>
		<type>	MonsterSpawnPoint	</type>
		<transform>
			<row0>	0.470174 0.000000 -0.882527	</row0>
			<row1>	0.000000 0.999978 0.000000	</row1>
			<row2>	0.882534 0.000000 0.470176	</row2>
			<row3>	-16.983986 -16.021477 -197.005875	</row3>
		</transform>
		<clientOnly>	false	</clientOnly>
		<properties>
			<entityName>	20641162	</entityName>
			<rediviousTime>	15.000000	</rediviousTime>
			<rediviousTotal>	1	</rediviousTotal>
			<randomWalkRange>	3.000000	</randomWalkRange>
			<patrolList>	</patrolList>
			<lineNumber>	0	</lineNumber>
			<patrolPathNode>	</patrolPathNode>
		</properties>
	</entity_10>
	<entity_11>
		<type>	MonsterSpawnPoint	</type>
		<transform>
			<row0>	0.682567 0.000000 -0.730765	</row0>
			<row1>	0.000000 0.999977 0.000000	</row1>
			<row2>	0.730771 0.000000 0.682571	</row2>
			<row3>	-8.619682 -16.021477 -191.743042	</row3>
		</transform>
		<clientOnly>	false	</clientOnly>
		<properties>
			<entityName>	20641162	</entityName>
			<rediviousTime>	15.000000	</rediviousTime>
			<rediviousTotal>	1	</rediviousTotal>
			<randomWalkRange>	3.000000	</randomWalkRange>
			<patrolList>	</patrolList>
			<lineNumber>	0	</lineNumber>
			<patrolPathNode>	</patrolPathNode>
		</properties>
	</entity_11>
	<entity_12>
		<type>	MonsterSpawnPoint	</type>
		<transform>
			<row0>	0.225738 0.000000 -0.974145	</row0>
			<row1>	0.000000 0.999977 0.000000	</row1>
			<row2>	0.974152 0.000000 0.225739	</row2>
			<row3>	-16.915047 -16.064445 -179.380737	</row3>
		</transform>
		<clientOnly>	false	</clientOnly>
		<properties>
			<entityName>	20641162	</entityName>
			<rediviousTime>	15.000000	</rediviousTime>
			<rediviousTotal>	1	</rediviousTotal>
			<randomWalkRange>	3.000000	</randomWalkRange>
			<patrolList>	</patrolList>
			<lineNumber>	0	</lineNumber>
			<patrolPathNode>	</patrolPathNode>
		</properties>
	</entity_12>
	<entity_13>
		<type>	MonsterSpawnPoint	</type>
		<transform>
			<row0>	0.956503 0.000000 -0.291577	</row0>
			<row1>	0.000000 0.999977 0.000000	</row1>
			<row2>	0.291581 0.000000 0.956509	</row2>
			<row3>	-5.946693 -16.023430 -175.403946	</row3>
		</transform>
		<clientOnly>	false	</clientOnly>
		<properties>
			<entityName>	20641162	</entityName>
			<rediviousTime>	15.000000	</rediviousTime>
			<rediviousTotal>	1	</rediviousTotal>
			<randomWalkRange>	3.000000	</randomWalkRange>
			<patrolList>	</patrolList>
			<lineNumber>	0	</lineNumber>
			<patrolPathNode>	</patrolPathNode>
		</properties>
	</entity_13>
	<entity_14>
		<type>	MonsterSpawnPoint	</type>
		<transform>
			<row0>	0.225739 0.000000 -0.974143	</row0>
			<row1>	0.000000 0.999976 0.000000	</row1>
			<row2>	0.974150 0.000000 0.225738	</row2>
			<row3>	-2.038162 -16.021477 -184.454971	</row3>
		</transform>
		<clientOnly>	false	</clientOnly>
		<properties>
			<entityName>	20641162	</entityName>
			<rediviousTime>	15.000000	</rediviousTime>
			<rediviousTotal>	1	</rediviousTotal>
			<randomWalkRange>	3.000000	</randomWalkRange>
			<patrolList>	</patrolList>
			<lineNumber>	0	</lineNumber>
			<patrolPathNode>	</patrolPathNode>
		</properties>
	</entity_14>
	<entity_15>
		<type>	CollectPoint	</type>
		<transform>
			<row0>	0.034529 0.255713 0.966131	</row0>
			<row1>	0.247595 0.934381 -0.256158	</row1>
			<row2>	-0.968244 0.248054 -0.031051	</row2>
			<row3>	-14.233902 -3.494702 -143.315048	</row3>
		</transform>
		<clientOnly>	false	</clientOnly>
		<properties>
			<className>	30112117	</className>
			<rediviousTime>	1550.000000	</rediviousTime>
			<lineNumber>	1	</lineNumber>
			<patrolPathNode>	</patrolPathNode>
		</properties>
	</entity_15>
	<entity_16>
		<type>	CollectPoint	</type>
		<transform>
			<row0>	-0.881579 0.000000 0.472025	</row0>
			<row1>	0.000000 0.999994 0.000000	</row1>
			<row2>	-0.472026 0.000000 -0.881580	</row2>
			<row3>	-36.440720 1.689453 -121.783035	</row3>
		</transform>
		<clientOnly>	false	</clientOnly>
		<properties>
			<className>	30112105	</className>
			<rediviousTime>	1550.000000	</rediviousTime>
			<lineNumber>	1	</lineNumber>
			<patrolPathNode>	</patrolPathNode>
		</properties>
	</entity_16>
	<entity_17>
		<type>	CollectPoint	</type>
		<transform>
			<row0>	0.476415 0.000278 0.879209	</row0>
			<row1>	-0.000356 0.999991 -0.000124	</row1>
			<row2>	-0.879210 -0.000253 0.476416	</row2>
			<row3>	-16.051010 0.359752 -156.456177	</row3>
		</transform>
		<clientOnly>	false	</clientOnly>
		<properties>
			<className>	30112111	</className>
			<rediviousTime>	1550.000000	</rediviousTime>
			<lineNumber>	1	</lineNumber>
			<patrolPathNode>	</patrolPathNode>
		</properties>
	</entity_17>
	<entity_18>
		<type>	Flock	</type>
		<transform>
			<row0>	0.999994 0.000500 0.000001	</row0>
			<row1>	-0.000500 0.999989 0.003502	</row1>
			<row2>	0.000001 -0.003502 0.999988	</row2>
			<row3>	-53.601841 5.090713 -57.190231	</row3>
		</transform>
		<clientOnly>	true	</clientOnly>
		<properties>
			<maxFlightTime>	200.000000	</maxFlightTime>
			<modelFile>	space/tong_yong/dong_wu/dong_wu/ty_hu_die_004.model	</modelFile>
			<amount>	4	</amount>
			<modelScale>	1.000000	</modelScale>
			<radius>	4.000000	</radius>
			<approachRadius>	10.000000	</approachRadius>
			<collisionFraction>	10.000000	</collisionFraction>
			<influenceRadius>	1.000000	</influenceRadius>
			<speed>	0.030000	</speed>
			<stopRadius>	1.000000	</stopRadius>
			<patrolPathNode>	</patrolPathNode>
		</properties>
	</entity_18>
	<entity_19>
		<type>	Flock	</type>
		<transform>
			<row0>	0.999994 0.000500 0.000001	</row0>
			<row1>	-0.000500 0.999989 0.003502	</row1>
			<row2>	0.000001 -0.003502 0.999988	</row2>
			<row3>	-51.588902 4.780953 -41.201035	</row3>
		</transform>
		<clientOnly>	true	</clientOnly>
		<properties>
			<maxFlightTime>	200.000000	</maxFlightTime>
			<modelFile>	space/tong_yong/dong_wu/dong_wu/ty_hu_die_004.model	</modelFile>
			<amount>	4	</amount>
			<modelScale>	1.000000	</modelScale>
			<radius>	4.000000	</radius>
			<approachRadius>	10.000000	</approachRadius>
			<collisionFraction>	10.000000	</collisionFraction>
			<influenceRadius>	1.000000	</influenceRadius>
			<speed>	0.030000	</speed>
			<stopRadius>	1.000000	</stopRadius>
			<patrolPathNode>	</patrolPathNode>
		</properties>
	</entity_19>
	<entity_20>
		<type>	Flock	</type>
		<transform>
			<row0>	0.999994 0.000000 0.000000	</row0>
			<row1>	0.000000 0.999995 0.000000	</row1>
			<row2>	0.000000 0.000000 0.999994	</row2>
			<row3>	-46.144432 5.622316 -43.184944	</row3>
		</transform>
		<clientOnly>	true	</clientOnly>
		<properties>
			<maxFlightTime>	200.000000	</maxFlightTime>
			<modelFile>	space/tong_yong/dong_wu/dong_wu/ty_hu_die_001.model	</modelFile>
			<amount>	2	</amount>
			<modelScale>	1.000000	</modelScale>
			<radius>	4.000000	</radius>
			<approachRadius>	10.000000	</approachRadius>
			<collisionFraction>	10.000000	</collisionFraction>
			<influenceRadius>	1.000000	</influenceRadius>
			<speed>	0.030000	</speed>
			<stopRadius>	1.000000	</stopRadius>
			<patrolPathNode>	</patrolPathNode>
		</properties>
	</entity_20>
	<entity_21>
		<type>	Flock	</type>
		<transform>
			<row0>	0.999994 0.000000 0.000000	</row0>
			<row1>	0.000000 0.999995 0.000000	</row1>
			<row2>	0.000000 0.000000 0.999994	</row2>
			<row3>	-41.092411 6.658389 -96.850349	</row3>
		</transform>
		<clientOnly>	true	</clientOnly>
		<properties>
			<maxFlightTime>	200.000000	</maxFlightTime>
			<modelFile>	space/tong_yong/dong_wu/dong_wu/ty_hu_die_001.model	</modelFile>
			<amount>	2	</amount>
			<modelScale>	1.000000	</modelScale>
			<radius>	4.000000	</radius>
			<approachRadius>	6.000000	</approachRadius>
			<collisionFraction>	10.000000	</collisionFraction>
			<influenceRadius>	1.000000	</influenceRadius>
			<speed>	0.008000	</speed>
			<stopRadius>	1.000000	</stopRadius>
			<patrolPathNode>	</patrolPathNode>
		</properties>
	</entity_21>
	<entity_22>
		<type>	Flock	</type>
		<transform>
			<row0>	0.999994 0.000500 0.000001	</row0>
			<row1>	-0.000500 0.999989 0.003502	</row1>
			<row2>	0.000001 -0.003502 0.999988	</row2>
			<row3>	-29.697632 7.249323 -59.218971	</row3>
		</transform>
		<clientOnly>	true	</clientOnly>
		<properties>
			<maxFlightTime>	200.000000	</maxFlightTime>
			<modelFile>	space/tong_yong/dong_wu/dong_wu/ty_hu_die_004.model	</modelFile>
			<amount>	4	</amount>
			<modelScale>	1.000000	</modelScale>
			<radius>	4.000000	</radius>
			<approachRadius>	7.000000	</approachRadius>
			<collisionFraction>	10.000000	</collisionFraction>
			<influenceRadius>	1.000000	</influenceRadius>
			<speed>	0.008000	</speed>
			<stopRadius>	1.000000	</stopRadius>
			<patrolPathNode>	</patrolPathNode>
		</properties>
	</entity_22>
	<entity_23>
		<type>	Flock	</type>
		<transform>
			<row0>	0.999994 0.000500 0.000001	</row0>
			<row1>	-0.000500 0.999989 0.003502	</row1>
			<row2>	0.000001 -0.003502 0.999988	</row2>
			<row3>	-72.321274 7.093314 -38.850990	</row3>
		</transform>
		<clientOnly>	true	</clientOnly>
		<properties>
			<maxFlightTime>	200.000000	</maxFlightTime>
			<modelFile>	space/tong_yong/dong_wu/dong_wu/ty_hu_die_002.model	</modelFile>
			<amount>	4	</amount>
			<modelScale>	1.000000	</modelScale>
			<radius>	4.000000	</radius>
			<approachRadius>	7.000000	</approachRadius>
			<collisionFraction>	10.000000	</collisionFraction>
			<influenceRadius>	1.000000	</influenceRadius>
			<speed>	0.008000	</speed>
			<stopRadius>	1.000000	</stopRadius>
			<patrolPathNode>	</patrolPathNode>
		</properties>
	</entity_23>
	<entity_24>
		<type>	Flock	</type>
		<transform>
			<row0>	0.999994 0.000500 0.000001	</row0>
			<row1>	-0.000500 0.999989 0.003502	</row1>
			<row2>	0.000001 -0.003502 0.999988	</row2>
			<row3>	-47.598301 6.744679 -61.529167	</row3>
		</transform>
		<clientOnly>	true	</clientOnly>
		<properties>
			<maxFlightTime>	200.000000	</maxFlightTime>
			<modelFile>	space/tong_yong/dong_wu/dong_wu/ty_hu_die_004.model	</modelFile>
			<amount>	4	</amount>
			<modelScale>	1.000000	</modelScale>
			<radius>	4.000000	</radius>
			<approachRadius>	7.000000	</approachRadius>
			<collisionFraction>	10.000000	</collisionFraction>
			<influenceRadius>	1.000000	</influenceRadius>
			<speed>	0.008000	</speed>
			<stopRadius>	1.000000	</stopRadius>
			<patrolPathNode>	</patrolPathNode>
		</properties>
	</entity_24>
	<entity_25>
		<type>	MonsterSpawnPoint	</type>
		<transform>
			<row0>	0.847098 0.027708 -0.530653	</row0>
			<row1>	-0.003419 0.998883 0.046704	</row1>
			<row2>	0.531369 -0.037750 0.846269	</row2>
			<row3>	-75.265480 3.500202 -44.562683	</row3>
		</transform>
		<clientOnly>	false	</clientOnly>
		<properties>
			<entityName>	20631162	</entityName>
			<rediviousTime>	15.000000	</rediviousTime>
			<rediviousTotal>	1	</rediviousTotal>
			<randomWalkRange>	3.000000	</randomWalkRange>
			<patrolList>	</patrolList>
			<lineNumber>	0	</lineNumber>
			<patrolPathNode>	</patrolPathNode>
		</properties>
	</entity_25>
	<entity_26>
		<type>	MonsterSpawnPoint	</type>
		<transform>
			<row0>	0.471144 0.019511 -0.881804	</row0>
			<row1>	0.111327 0.990424 0.081400	</row1>
			<row2>	0.874973 -0.136524 0.464471	</row2>
			<row3>	-68.858231 3.849400 -43.003220	</row3>
		</transform>
		<clientOnly>	false	</clientOnly>
		<properties>
			<entityName>	20631162	</entityName>
			<rediviousTime>	15.000000	</rediviousTime>
			<rediviousTotal>	1	</rediviousTotal>
			<randomWalkRange>	3.000000	</randomWalkRange>
			<patrolList>	</patrolList>
			<lineNumber>	0	</lineNumber>
			<patrolPathNode>	</patrolPathNode>
		</properties>
	</entity_26>
	<entity_27>
		<type>	MonsterSpawnPoint	</type>
		<transform>
			<row0>	0.955711 -0.051971 -0.289570	</row0>
			<row1>	0.053998 0.998520 -0.000981	</row1>
			<row2>	0.289202 -0.014699 0.957129	</row2>
			<row3>	-79.762802 3.474544 -50.372131	</row3>
		</transform>
		<clientOnly>	false	</clientOnly>
		<properties>
			<entityName>	20631162	</entityName>
			<rediviousTime>	15.000000	</rediviousTime>
			<rediviousTotal>	1	</rediviousTotal>
			<randomWalkRange>	3.000000	</randomWalkRange>
			<patrolList>	</patrolList>
			<lineNumber>	0	</lineNumber>
			<patrolPathNode>	</patrolPathNode>
		</properties>
	</entity_27>
	<entity_28>
		<type>	MonsterSpawnPoint	</type>
		<transform>
			<row0>	0.731113 -0.018201 0.681963	</row0>
			<row1>	0.016984 0.999799 0.008470	</row1>
			<row2>	-0.681999 0.005390 0.731297	</row2>
			<row3>	-78.096840 3.570362 -56.884872	</row3>
		</transform>
		<clientOnly>	false	</clientOnly>
		<properties>
			<entityName>	20631162	</entityName>
			<rediviousTime>	15.000000	</rediviousTime>
			<rediviousTotal>	1	</rediviousTotal>
			<randomWalkRange>	3.000000	</randomWalkRange>
			<patrolList>	</patrolList>
			<lineNumber>	0	</lineNumber>
			<patrolPathNode>	</patrolPathNode>
		</properties>
	</entity_28>
	<entity_29>
		<type>	MonsterSpawnPoint	</type>
		<transform>
			<row0>	0.035583 -0.034942 0.998721	</row0>
			<row1>	-0.082546 0.995850 0.037779	</row1>
			<row2>	-0.995925 -0.083788 0.032554	</row2>
			<row3>	-82.562881 3.446676 -64.798676	</row3>
		</transform>
		<clientOnly>	false	</clientOnly>
		<properties>
			<entityName>	20631162	</entityName>
			<rediviousTime>	15.000000	</rediviousTime>
			<rediviousTotal>	1	</rediviousTotal>
			<randomWalkRange>	3.000000	</randomWalkRange>
			<patrolList>	</patrolList>
			<lineNumber>	0	</lineNumber>
			<patrolPathNode>	</patrolPathNode>
		</properties>
	</entity_29>
	<entity_30>
		<type>	MonsterSpawnPoint	</type>
		<transform>
			<row0>	-0.471744 -0.006404 0.881672	</row0>
			<row1>	-0.067791 0.997256 -0.029033	</row1>
			<row2>	-0.879094 -0.073469 -0.470895	</row2>
			<row3>	-76.441048 3.907197 -69.701836	</row3>
		</transform>
		<clientOnly>	false	</clientOnly>
		<properties>
			<entityName>	20631162	</entityName>
			<rediviousTime>	15.000000	</rediviousTime>
			<rediviousTotal>	1	</rediviousTotal>
			<randomWalkRange>	3.000000	</randomWalkRange>
			<patrolList>	</patrolList>
			<lineNumber>	0	</lineNumber>
			<patrolPathNode>	</patrolPathNode>
		</properties>
	</entity_30>
	<entity_31>
		<type>	MonsterSpawnPoint	</type>
		<transform>
			<row0>	-0.231355 0.027125 0.972452	</row0>
			<row1>	0.034005 0.999205 -0.019784	</row1>
			<row2>	-0.972245 0.028489 -0.232094	</row2>
			<row3>	-57.671356 3.425904 -90.288635	</row3>
		</transform>
		<clientOnly>	false	</clientOnly>
		<properties>
			<entityName>	20631162	</entityName>
			<rediviousTime>	15.000000	</rediviousTime>
			<rediviousTotal>	1	</rediviousTotal>
			<randomWalkRange>	3.000000	</randomWalkRange>
			<patrolList>	</patrolList>
			<lineNumber>	0	</lineNumber>
			<patrolPathNode>	</patrolPathNode>
		</properties>
	</entity_31>
	<entity_32>
		<type>	MonsterSpawnPoint	</type>
		<transform>
			<row0>	-0.849667 -0.069697 0.522624	</row0>
			<row1>	-0.004825 0.992191 0.124466	</row1>
			<row2>	-0.527236 0.103235 -0.843391	</row2>
			<row3>	-81.855186 3.470353 -76.195511	</row3>
		</transform>
		<clientOnly>	false	</clientOnly>
		<properties>
			<entityName>	20631162	</entityName>
			<rediviousTime>	15.000000	</rediviousTime>
			<rediviousTotal>	1	</rediviousTotal>
			<randomWalkRange>	3.000000	</randomWalkRange>
			<patrolList>	</patrolList>
			<lineNumber>	0	</lineNumber>
			<patrolPathNode>	</patrolPathNode>
		</properties>
	</entity_32>
	<entity_33>
		<type>	MonsterSpawnPoint	</type>
		<transform>
			<row0>	-0.728153 -0.000052 -0.685367	</row0>
			<row1>	0.000061 0.999979 -0.000134	</row1>
			<row2>	0.685372 -0.000140 -0.728160	</row2>
			<row3>	-54.284653 3.290075 -33.334534	</row3>
		</transform>
		<clientOnly>	false	</clientOnly>
		<properties>
			<entityName>	20631162	</entityName>
			<rediviousTime>	15.000000	</rediviousTime>
			<rediviousTotal>	1	</rediviousTotal>
			<randomWalkRange>	3.000000	</randomWalkRange>
			<patrolList>	</patrolList>
			<lineNumber>	0	</lineNumber>
			<patrolPathNode>	</patrolPathNode>
		</properties>
	</entity_33>
	<entity_34>
		<type>	MonsterSpawnPoint	</type>
		<transform>
			<row0>	0.970893 0.087327 0.222878	</row0>
			<row1>	-0.080458 0.995944 -0.039756	</row1>
			<row2>	-0.225450 0.020666 0.974009	</row2>
			<row3>	-72.047729 3.714840 -50.457199	</row3>
		</transform>
		<clientOnly>	false	</clientOnly>
		<properties>
			<entityName>	20631162	</entityName>
			<rediviousTime>	15.000000	</rediviousTime>
			<rediviousTotal>	1	</rediviousTotal>
			<randomWalkRange>	3.000000	</randomWalkRange>
			<patrolList>	</patrolList>
			<lineNumber>	0	</lineNumber>
			<patrolPathNode>	</patrolPathNode>
		</properties>
	</entity_34>
	<entity_35>
		<type>	MonsterSpawnPoint	</type>
		<transform>
			<row0>	0.882414 0.038036 0.468863	</row0>
			<row1>	-0.033635 0.999256 -0.017768	</row1>
			<row2>	-0.469200 -0.000091 0.883062	</row2>
			<row3>	-70.290070 3.665541 -59.054100	</row3>
		</transform>
		<clientOnly>	false	</clientOnly>
		<properties>
			<entityName>	20631162	</entityName>
			<rediviousTime>	15.000000	</rediviousTime>
			<rediviousTotal>	1	</rediviousTotal>
			<randomWalkRange>	3.000000	</randomWalkRange>
			<patrolList>	</patrolList>
			<lineNumber>	0	</lineNumber>
			<patrolPathNode>	</patrolPathNode>
		</properties>
	</entity_35>
	<entity_36>
		<type>	MonsterSpawnPoint	</type>
		<transform>
			<row0>	-0.522548 -0.000002 -0.852563	</row0>
			<row1>	0.000001 0.999979 0.000000	</row1>
			<row2>	0.852567 -0.000003 -0.522558	</row2>
			<row3>	-52.261887 3.230481 -74.424057	</row3>
		</transform>
		<clientOnly>	false	</clientOnly>
		<properties>
			<entityName>	20631162	</entityName>
			<rediviousTime>	15.000000	</rediviousTime>
			<rediviousTotal>	1	</rediviousTotal>
			<randomWalkRange>	3.000000	</randomWalkRange>
			<patrolList>	</patrolList>
			<lineNumber>	0	</lineNumber>
			<patrolPathNode>	</patrolPathNode>
		</properties>
	</entity_36>
	<entity_37>
		<type>	MonsterSpawnPoint	</type>
		<transform>
			<row0>	0.972291 0.024461 0.232331	</row0>
			<row1>	-0.010584 0.998073 -0.060797	</row1>
			<row2>	-0.233373 0.056652 0.970705	</row2>
			<row3>	-62.817345 3.390968 -63.470528	</row3>
		</transform>
		<clientOnly>	false	</clientOnly>
		<properties>
			<entityName>	20631162	</entityName>
			<rediviousTime>	15.000000	</rediviousTime>
			<rediviousTotal>	1	</rediviousTotal>
			<randomWalkRange>	3.000000	</randomWalkRange>
			<patrolList>	</patrolList>
			<lineNumber>	0	</lineNumber>
			<patrolPathNode>	</patrolPathNode>
		</properties>
	</entity_37>
	<entity_38>
		<type>	MonsterSpawnPoint	</type>
		<transform>
			<row0>	0.958629 0.019721 -0.283843	</row0>
			<row1>	-0.005429 0.998660 0.051058	</row1>
			<row2>	0.284483 -0.047408 0.957478	</row2>
			<row3>	-61.360294 3.119739 -70.949722	</row3>
		</transform>
		<clientOnly>	false	</clientOnly>
		<properties>
			<entityName>	20631162	</entityName>
			<rediviousTime>	15.000000	</rediviousTime>
			<rediviousTotal>	1	</rediviousTotal>
			<randomWalkRange>	3.000000	</randomWalkRange>
			<patrolList>	</patrolList>
			<lineNumber>	0	</lineNumber>
			<patrolPathNode>	</patrolPathNode>
		</properties>
	</entity_38>
	<entity_39>
		<type>	MonsterSpawnPoint	</type>
		<transform>
			<row0>	-0.955025 -0.019809 0.295731	</row0>
			<row1>	-0.004260 0.998558 0.053123	</row1>
			<row2>	-0.296372 0.049473 -0.953759	</row2>
			<row3>	-40.600868 3.446961 -89.281708	</row3>
		</transform>
		<clientOnly>	false	</clientOnly>
		<properties>
			<entityName>	20631162	</entityName>
			<rediviousTime>	15.000000	</rediviousTime>
			<rediviousTotal>	1	</rediviousTotal>
			<randomWalkRange>	3.000000	</randomWalkRange>
			<patrolList>	</patrolList>
			<lineNumber>	0	</lineNumber>
			<patrolPathNode>	</patrolPathNode>
		</properties>
	</entity_39>
	<entity_40>
		<type>	MonsterSpawnPoint	</type>
		<transform>
			<row0>	-0.027329 0.047962 -0.998435	</row0>
			<row1>	-0.026725 0.998435 0.048696	</row1>
			<row2>	0.999238 0.028014 -0.026013	</row2>
			<row3>	-50.102768 3.350683 -83.853043	</row3>
		</transform>
		<clientOnly>	false	</clientOnly>
		<properties>
			<entityName>	20631162	</entityName>
			<rediviousTime>	15.000000	</rediviousTime>
			<rediviousTotal>	1	</rediviousTotal>
			<randomWalkRange>	3.000000	</randomWalkRange>
			<patrolList>	</patrolList>
			<lineNumber>	0	</lineNumber>
			<patrolPathNode>	</patrolPathNode>
		</properties>
	</entity_40>
	<entity_41>
		<type>	MonsterSpawnPoint	</type>
		<transform>
			<row0>	-0.841108 -0.103170 0.530862	</row0>
			<row1>	-0.126453 0.991922 -0.007584	</row1>
			<row2>	-0.525811 -0.073513 -0.847382	</row2>
			<row3>	-43.932175 3.566307 -81.614532	</row3>
		</transform>
		<clientOnly>	false	</clientOnly>
		<properties>
			<entityName>	20631162	</entityName>
			<rediviousTime>	15.000000	</rediviousTime>
			<rediviousTotal>	1	</rediviousTotal>
			<randomWalkRange>	3.000000	</randomWalkRange>
			<patrolList>	</patrolList>
			<lineNumber>	0	</lineNumber>
			<patrolPathNode>	</patrolPathNode>
		</properties>
	</entity_41>
	<entity_42>
		<type>	MonsterSpawnPoint	</type>
		<transform>
			<row0>	0.999559 -0.004373 -0.028081	</row0>
			<row1>	0.005110 0.999620 0.026325	</row1>
			<row2>	0.027961 -0.026459 0.999229	</row2>
			<row3>	-66.253296 3.499398 -85.380455	</row3>
		</transform>
		<clientOnly>	false	</clientOnly>
		<properties>
			<entityName>	20631162	</entityName>
			<rediviousTime>	15.000000	</rediviousTime>
			<rediviousTotal>	1	</rediviousTotal>
			<randomWalkRange>	3.000000	</randomWalkRange>
			<patrolList>	</patrolList>
			<lineNumber>	0	</lineNumber>
			<patrolPathNode>	</patrolPathNode>
		</properties>
	</entity_42>
	<entity_43>
		<type>	MonsterSpawnPoint	</type>
		<transform>
			<row0>	0.852290 0.026313 -0.522335	</row0>
			<row1>	-0.007820 0.999242 0.037584	</row1>
			<row2>	0.522947 -0.027950 0.851873	</row2>
			<row3>	-63.927761 3.412180 -78.026306	</row3>
		</transform>
		<clientOnly>	false	</clientOnly>
		<properties>
			<entityName>	20631162	</entityName>
			<rediviousTime>	15.000000	</rediviousTime>
			<rediviousTotal>	1	</rediviousTotal>
			<randomWalkRange>	3.000000	</randomWalkRange>
			<patrolList>	</patrolList>
			<lineNumber>	0	</lineNumber>
			<patrolPathNode>	</patrolPathNode>
		</properties>
	</entity_43>
	<entity_44>
		<type>	MonsterSpawnPoint	</type>
		<transform>
			<row0>	-0.524485 -0.091837 -0.846408	</row0>
			<row1>	0.003329 0.993916 -0.109901	</row1>
			<row2>	0.851374 -0.060463 -0.521007	</row2>
			<row3>	-73.299789 3.732468 -76.766747	</row3>
		</transform>
		<clientOnly>	false	</clientOnly>
		<properties>
			<entityName>	20631162	</entityName>
			<rediviousTime>	15.000000	</rediviousTime>
			<rediviousTotal>	1	</rediviousTotal>
			<randomWalkRange>	3.000000	</randomWalkRange>
			<patrolList>	</patrolList>
			<lineNumber>	0	</lineNumber>
			<patrolPathNode>	</patrolPathNode>
		</properties>
	</entity_44>
	<entity_45>
		<type>	MonsterSpawnPoint	</type>
		<transform>
			<row0>	-0.972793 0.044882 -0.227125	</row0>
			<row1>	0.034746 0.998200 0.048447	</row1>
			<row2>	0.228893 0.039237 -0.972631	</row2>
			<row3>	-73.998238 3.355875 -83.033348	</row3>
		</transform>
		<clientOnly>	false	</clientOnly>
		<properties>
			<entityName>	20631162	</entityName>
			<rediviousTime>	15.000000	</rediviousTime>
			<rediviousTotal>	1	</rediviousTotal>
			<randomWalkRange>	3.000000	</randomWalkRange>
			<patrolList>	</patrolList>
			<lineNumber>	0	</lineNumber>
			<patrolPathNode>	</patrolPathNode>
		</properties>
	</entity_45>
	<entity_46>
		<type>	MonsterSpawnPoint	</type>
		<transform>
			<row0>	0.233965 -0.002104 -0.972205	</row0>
			<row1>	0.002202 0.999976 -0.001630	</row1>
			<row2>	0.972213 -0.001762 0.233966	</row2>
			<row3>	-68.612381 3.603968 -70.708900	</row3>
		</transform>
		<clientOnly>	false	</clientOnly>
		<properties>
			<entityName>	20631162	</entityName>
			<rediviousTime>	15.000000	</rediviousTime>
			<rediviousTotal>	1	</rediviousTotal>
			<randomWalkRange>	3.000000	</randomWalkRange>
			<patrolList>	</patrolList>
			<lineNumber>	0	</lineNumber>
			<patrolPathNode>	</patrolPathNode>
		</properties>
	</entity_46>
	<entity_47>
		<type>	MonsterSpawnPoint	</type>
		<transform>
			<row0>	0.227218 -0.000090 -0.973810	</row0>
			<row1>	-0.000414 0.999979 -0.000185	</row1>
			<row2>	0.973818 0.000444 0.227218	</row2>
			<row3>	-42.444016 4.570314 -42.556744	</row3>
		</transform>
		<clientOnly>	false	</clientOnly>
		<properties>
			<entityName>	20631162	</entityName>
			<rediviousTime>	15.000000	</rediviousTime>
			<rediviousTotal>	1	</rediviousTotal>
			<randomWalkRange>	3.000000	</randomWalkRange>
			<patrolList>	</patrolList>
			<lineNumber>	0	</lineNumber>
			<patrolPathNode>	</patrolPathNode>
		</properties>
	</entity_47>
	<entity_48>
		<type>	MonsterSpawnPoint	</type>
		<transform>
			<row0>	-0.031302 0.038683 -0.998729	</row0>
			<row1>	0.065328 0.997172 0.036579	</row1>
			<row2>	0.997348 -0.064102 -0.033743	</row2>
			<row3>	-67.026680 3.717434 -36.995308	</row3>
		</transform>
		<clientOnly>	false	</clientOnly>
		<properties>
			<entityName>	20631162	</entityName>
			<rediviousTime>	15.000000	</rediviousTime>
			<rediviousTotal>	1	</rediviousTotal>
			<randomWalkRange>	3.000000	</randomWalkRange>
			<patrolList>	</patrolList>
			<lineNumber>	0	</lineNumber>
			<patrolPathNode>	</patrolPathNode>
		</properties>
	</entity_48>
	<entity_49>
		<type>	Flock	</type>
		<transform>
			<row0>	0.965919 0.001389 -0.258815	</row0>
			<row1>	-0.000500 0.999989 0.003502	</row1>
			<row2>	0.258818 -0.003253 0.965914	</row2>
			<row3>	-30.784859 7.505173 -12.443260	</row3>
		</transform>
		<clientOnly>	true	</clientOnly>
		<properties>
			<maxFlightTime>	200.000000	</maxFlightTime>
			<modelFile>	space/tong_yong/dong_wu/dong_wu/ty_hu_die_002.model	</modelFile>
			<amount>	4	</amount>
			<modelScale>	1.000000	</modelScale>
			<radius>	4.000000	</radius>
			<approachRadius>	6.000000	</approachRadius>
			<collisionFraction>	10.000000	</collisionFraction>
			<influenceRadius>	1.000000	</influenceRadius>
			<speed>	0.008000	</speed>
			<stopRadius>	1.000000	</stopRadius>
			<patrolPathNode>	</patrolPathNode>
		</properties>
	</entity_49>
	<entity_50>
		<type>	Flock	</type>
		<transform>
			<row0>	0.999994 0.000500 0.000001	</row0>
			<row1>	-0.000500 0.999989 0.003502	</row1>
			<row2>	0.000001 -0.003502 0.999988	</row2>
			<row3>	-50.686466 7.374329 -11.343735	</row3>
		</transform>
		<clientOnly>	true	</clientOnly>
		<properties>
			<maxFlightTime>	200.000000	</maxFlightTime>
			<modelFile>	space/tong_yong/dong_wu/dong_wu/ty_hu_die_002.model	</modelFile>
			<amount>	4	</amount>
			<modelScale>	1.000000	</modelScale>
			<radius>	4.000000	</radius>
			<approachRadius>	6.000000	</approachRadius>
			<collisionFraction>	10.000000	</collisionFraction>
			<influenceRadius>	1.000000	</influenceRadius>
			<speed>	0.008000	</speed>
			<stopRadius>	1.000000	</stopRadius>
			<patrolPathNode>	</patrolPathNode>
		</properties>
	</entity_50>
	<entity_51>
		<type>	MonsterSpawnPoint	</type>
		<transform>
			<row0>	-0.973255 -0.005301 -0.229529	</row0>
			<row1>	-0.010729 0.999670 0.022425	</row1>
			<row2>	0.229340 0.024288 -0.973019	</row2>
			<row3>	-61.185951 3.341380 -14.062347	</row3>
		</transform>
		<clientOnly>	false	</clientOnly>
		<properties>
			<entityName>	20631162	</entityName>
			<rediviousTime>	15.000000	</rediviousTime>
			<rediviousTotal>	1	</rediviousTotal>
			<randomWalkRange>	3.000000	</randomWalkRange>
			<patrolList>	</patrolList>
			<lineNumber>	0	</lineNumber>
			<patrolPathNode>	</patrolPathNode>
		</properties>
	</entity_51>
	<entity_52>
		<type>	MonsterSpawnPoint	</type>
		<transform>
			<row0>	0.683361 -0.133416 -0.717746	</row0>
			<row1>	-0.015414 0.980285 -0.196887	</row1>
			<row2>	0.729883 0.145611 0.667849	</row2>
			<row3>	-47.846840 3.716101 -9.439278	</row3>
		</transform>
		<clientOnly>	false	</clientOnly>
		<properties>
			<entityName>	20631162	</entityName>
			<rediviousTime>	15.000000	</rediviousTime>
			<rediviousTotal>	1	</rediviousTotal>
			<randomWalkRange>	3.000000	</randomWalkRange>
			<patrolList>	</patrolList>
			<lineNumber>	0	</lineNumber>
			<patrolPathNode>	</patrolPathNode>
		</properties>
	</entity_52>
	<entity_53>
		<type>	MonsterSpawnPoint	</type>
		<transform>
			<row0>	-0.236815 0.362055 0.901539	</row0>
			<row1>	-0.065308 0.919913 -0.386593	</row1>
			<row2>	-0.969332 -0.150434 -0.194208	</row2>
			<row3>	-30.469810 5.200212 -6.189140	</row3>
		</transform>
		<clientOnly>	false	</clientOnly>
		<properties>
			<entityName>	20631162	</entityName>
			<rediviousTime>	15.000000	</rediviousTime>
			<rediviousTotal>	1	</rediviousTotal>
			<randomWalkRange>	3.000000	</randomWalkRange>
			<patrolList>	</patrolList>
			<lineNumber>	0	</lineNumber>
			<patrolPathNode>	</patrolPathNode>
		</properties>
	</entity_53>
	<entity_54>
		<type>	MonsterSpawnPoint	</type>
		<transform>
			<row0>	0.535060 0.005569 0.844759	</row0>
			<row1>	-0.008135 0.999945 -0.001444	</row1>
			<row2>	-0.844744 -0.006101 0.535091	</row2>
			<row3>	-41.015526 3.313719 -17.729057	</row3>
		</transform>
		<clientOnly>	false	</clientOnly>
		<properties>
			<entityName>	20631162	</entityName>
			<rediviousTime>	15.000000	</rediviousTime>
			<rediviousTotal>	1	</rediviousTotal>
			<randomWalkRange>	3.000000	</randomWalkRange>
			<patrolList>	</patrolList>
			<lineNumber>	0	</lineNumber>
			<patrolPathNode>	</patrolPathNode>
		</properties>
	</entity_54>
	<entity_55>
		<type>	CollectPoint	</type>
		<transform>
			<row0>	-0.706807 -0.031217 0.706710	</row0>
			<row1>	-0.009717 0.999355 0.034425	</row1>
			<row2>	-0.707332 0.017465 -0.706659	</row2>
			<row3>	-59.011410 3.193990 -12.254974	</row3>
		</transform>
		<clientOnly>	false	</clientOnly>
		<properties>
			<className>	30112117	</className>
			<rediviousTime>	1550.000000	</rediviousTime>
			<lineNumber>	1	</lineNumber>
			<patrolPathNode>	</patrolPathNode>
		</properties>
	</entity_55>
	<entity_56>
		<type>	Flock	</type>
		<transform>
			<row0>	-0.707098 0.000000 -0.707098	</row0>
			<row1>	0.000000 0.999991 0.000000	</row1>
			<row2>	0.707098 0.000000 -0.707098	</row2>
			<row3>	-29.353737 140.572235 33.159645	</row3>
		</transform>
		<clientOnly>	true	</clientOnly>
		<properties>
			<maxFlightTime>	200.000000	</maxFlightTime>
			<modelFile>	creature/he/ty_he_m.model	</modelFile>
			<amount>	2	</amount>
			<modelScale>	1.000000	</modelScale>
			<radius>	32.000000	</radius>
			<approachRadius>	10.000000	</approachRadius>
			<collisionFraction>	0.500000	</collisionFraction>
			<influenceRadius>	10.000000	</influenceRadius>
			<speed>	0.500000	</speed>
			<stopRadius>	1.000000	</stopRadius>
			<patrolPathNode>	</patrolPathNode>
		</properties>
	</entity_56>
	<entity_57>
		<type>	Flock	</type>
		<transform>
			<row0>	-0.965916 0.000000 0.258817	</row0>
			<row1>	0.000000 0.999991 0.000000	</row1>
			<row2>	-0.258817 0.000000 -0.965914	</row2>
			<row3>	-85.352951 -1.231698 82.194221	</row3>
		</transform>
		<clientOnly>	true	</clientOnly>
		<properties>
			<maxFlightTime>	200.000000	</maxFlightTime>
			<modelFile>	space/tong_yong/dong_wu/dong_wu/ty_yu_004.model	</modelFile>
			<amount>	3	</amount>
			<modelScale>	1.000000	</modelScale>
			<radius>	8.000000	</radius>
			<approachRadius>	10.000000	</approachRadius>
			<collisionFraction>	0.100000	</collisionFraction>
			<influenceRadius>	1.000000	</influenceRadius>
			<speed>	0.040000	</speed>
			<stopRadius>	1.000000	</stopRadius>
			<patrolPathNode>	</patrolPathNode>
		</properties>
	</entity_57>
	<entity_58>
		<type>	Flock	</type>
		<transform>
			<row0>	-0.000036 0.004636 0.999980	</row0>
			<row1>	-0.015493 0.999862 -0.004636	</row1>
			<row2>	-0.999871 -0.015492 0.000036	</row2>
			<row3>	-82.686890 -1.715441 87.630569	</row3>
		</transform>
		<clientOnly>	true	</clientOnly>
		<properties>
			<maxFlightTime>	200.000000	</maxFlightTime>
			<modelFile>	space/tong_yong/dong_wu/dong_wu/ty_yu_007.model	</modelFile>
			<amount>	3	</amount>
			<modelScale>	1.000000	</modelScale>
			<radius>	5.000000	</radius>
			<approachRadius>	10.000000	</approachRadius>
			<collisionFraction>	0.100000	</collisionFraction>
			<influenceRadius>	1.000000	</influenceRadius>
			<speed>	0.040000	</speed>
			<stopRadius>	1.000000	</stopRadius>
			<patrolPathNode>	</patrolPathNode>
		</properties>
	</entity_58>
	<entity_59>
		<type>	Flock	</type>
		<transform>
			<row0>	-0.865089 -0.091038 -0.493268	</row0>
			<row1>	-0.020275 0.988926 -0.146959	</row1>
			<row2>	0.501187 -0.117132 -0.857361	</row2>
			<row3>	-83.629318 -2.527485 81.558945	</row3>
		</transform>
		<clientOnly>	true	</clientOnly>
		<properties>
			<maxFlightTime>	200.000000	</maxFlightTime>
			<modelFile>	space/tong_yong/dong_wu/dong_wu/ty_yu_004.model	</modelFile>
			<amount>	3	</amount>
			<modelScale>	1.000000	</modelScale>
			<radius>	8.000000	</radius>
			<approachRadius>	10.000000	</approachRadius>
			<collisionFraction>	0.100000	</collisionFraction>
