<root>
	<entity_1>
		<type>	SpawnPointScheme	</type>
		<transform>
			<row0>	-0.866016 0.000000 -0.499995	</row0>
			<row1>	0.000000 0.999998 0.000000	</row1>
			<row2>	0.499995 0.000000 -0.866016	</row2>
			<row3>	-304.967377 3.652343 83.546715	</row3>
		</transform>
		<clientOnly>	false	</clientOnly>
		<properties>
			<entityName>	30112170	</entityName>
			<rediviousTime>	3600.000000	</rediviousTime>
			<rediviousTotal>	1	</rediviousTotal>
			<randomWalkRange>	3.000000	</randomWalkRange>
			<patrolList>	</patrolList>
			<lineNumber>	1	</lineNumber>
			<activityKeyStart>	minAutStart	</activityKeyStart>
			<activityKeyEnd>	minAutEnd	</activityKeyEnd>
			<patrolPathNode>	</patrolPathNode>
		</properties>
	</entity_1>
	<entity_2>
		<type>	SpawnPointScheme	</type>
		<transform>
			<row0>	-0.965917 0.000000 -0.258817	</row0>
			<row1>	0.000000 0.999998 0.000000	</row1>
			<row2>	0.258817 0.000000 -0.965917	</row2>
			<row3>	-304.897491 4.228515 66.162521	</row3>
		</transform>
		<clientOnly>	false	</clientOnly>
		<properties>
			<entityName>	30112170	</entityName>
			<rediviousTime>	3600.000000	</rediviousTime>
			<rediviousTotal>	1	</rediviousTotal>
			<randomWalkRange>	3.000000	</randomWalkRange>
			<patrolList>	</patrolList>
			<lineNumber>	1	</lineNumber>
			<activityKeyStart>	minAutStart	</activityKeyStart>
			<activityKeyEnd>	minAutEnd	</activityKeyEnd>
			<patrolPathNode>	</patrolPathNode>
		</properties>
	</entity_2>
	<entity_3>
		<type>	SpawnPointScheme	</type>
		<transform>
			<row0>	0.965920 0.000000 -0.258817	</row0>
			<row1>	0.000000 0.999998 0.000000	</row1>
			<row2>	0.258817 0.000000 0.965920	</row2>
			<row3>	-209.294724 4.195312 -6.600838	</row3>
		</transform>
		<clientOnly>	false	</clientOnly>
		<properties>
			<entityName>	30112170	</entityName>
			<rediviousTime>	3600.000000	</rediviousTime>
			<rediviousTotal>	1	</rediviousTotal>
			<randomWalkRange>	3.000000	</randomWalkRange>
			<patrolList>	</patrolList>
			<lineNumber>	1	</lineNumber>
			<activityKeyStart>	minAutStart	</activityKeyStart>
			<activityKeyEnd>	minAutEnd	</activityKeyEnd>
			<patrolPathNode>	</patrolPathNode>
		</properties>
	</entity_3>
	<entity_4>
		<type>	SpawnPointScheme	</type>
		<transform>
			<row0>	0.499996 0.000000 0.866019	</row0>
			<row1>	0.000000 0.999998 0.000000	</row1>
			<row2>	-0.866019 0.000000 0.499996	</row2>
			<row3>	-261.256927 3.650390 -1.939125	</row3>
		</transform>
		<clientOnly>	false	</clientOnly>
		<properties>
			<entityName>	30112170	</entityName>
			<rediviousTime>	3600.000000	</rediviousTime>
			<rediviousTotal>	1	</rediviousTotal>
			<randomWalkRange>	3.000000	</randomWalkRange>
			<patrolList>	</patrolList>
			<lineNumber>	1	</lineNumber>
			<activityKeyStart>	minAutStart	</activityKeyStart>
			<activityKeyEnd>	minAutEnd	</activityKeyEnd>
			<patrolPathNode>	</patrolPathNode>
		</properties>
	</entity_4>
	<entity_5>
		<type>	SpawnPointScheme	</type>
		<transform>
			<row0>	0.965920 0.000000 -0.258817	</row0>
			<row1>	0.000000 0.999998 0.000000	</row1>
			<row2>	0.258817 0.000000 0.965920	</row2>
			<row3>	-204.061737 4.457029 -20.809082	</row3>
		</transform>
		<clientOnly>	false	</clientOnly>
		<properties>
			<entityName>	30112170	</entityName>
			<rediviousTime>	3600.000000	</rediviousTime>
			<rediviousTotal>	1	</rediviousTotal>
			<randomWalkRange>	3.000000	</randomWalkRange>
			<patrolList>	</patrolList>
			<lineNumber>	1	</lineNumber>
			<activityKeyStart>	minAutStart	</activityKeyStart>
			<activityKeyEnd>	minAutEnd	</activityKeyEnd>
			<patrolPathNode>	</patrolPathNode>
		</properties>
	</entity_5>
	<entity_6>
		<type>	SpawnPointScheme	</type>
		<transform>
			<row0>	0.707101 0.000000 0.707102	</row0>
			<row1>	0.000000 0.999998 0.000000	</row1>
			<row2>	-0.707102 0.000000 0.707101	</row2>
			<row3>	-231.119293 3.355468 -3.535553	</row3>
		</transform>
		<clientOnly>	false	</clientOnly>
		<properties>
			<entityName>	30112170	</entityName>
			<rediviousTime>	3600.000000	</rediviousTime>
			<rediviousTotal>	1	</rediviousTotal>
			<randomWalkRange>	3.000000	</randomWalkRange>
			<patrolList>	</patrolList>
			<lineNumber>	1	</lineNumber>
			<activityKeyStart>	minAutStart	</activityKeyStart>
			<activityKeyEnd>	minAutEnd	</activityKeyEnd>
			<patrolPathNode>	</patrolPathNode>
		</properties>
	</entity_6>
	<entity_7>
		<type>	SpawnPointScheme	</type>
		<transform>
			<row0>	0.707099 0.000000 -0.707099	</row0>
			<row1>	0.000000 0.999998 0.000000	</row1>
			<row2>	0.707099 0.000000 0.707099	</row2>
			<row3>	-300.019287 3.669921 97.345184	</row3>
		</transform>
		<clientOnly>	false	</clientOnly>
		<properties>
			<entityName>	</entityName>
			<rediviousTime>	3600.000000	</rediviousTime>
			<rediviousTotal>	1	</rediviousTotal>
			<randomWalkRange>	3.000000	</randomWalkRange>
			<patrolList>	</patrolList>
			<lineNumber>	1	</lineNumber>
			<activityKeyStart>	minAutStart	</activityKeyStart>
			<activityKeyEnd>	minAutEnd	</activityKeyEnd>
			<patrolPathNode>	</patrolPathNode>
		</properties>
	</entity_7>
	<entity_8>
		<type>	SpawnPointScheme	</type>
		<transform>
			<row0>	-0.707101 0.000000 0.707101	</row0>
			<row1>	0.000000 0.999998 0.000000	</row1>
			<row2>	-0.707101 0.000000 -0.707101	</row2>
			<row3>	-258.053619 5.115232 20.453297	</row3>
		</transform>
		<clientOnly>	false	</clientOnly>
		<properties>
			<entityName>	</entityName>
			<rediviousTime>	3600.000000	</rediviousTime>
			<rediviousTotal>	1	</rediviousTotal>
			<randomWalkRange>	3.000000	</randomWalkRange>
			<patrolList>	</patrolList>
			<lineNumber>	1	</lineNumber>
			<activityKeyStart>	minAutStart	</activityKeyStart>
			<activityKeyEnd>	minAutEnd	</activityKeyEnd>
			<patrolPathNode>	</patrolPathNode>
		</properties>
	</entity_8>
	<entity_9>
		<type>	SpawnPointScheme	</type>
		<transform>
			<row0>	-0.499994 0.000000 -0.866016	</row0>
			<row1>	0.000000 0.999998 0.000000	</row1>
			<row2>	0.866016 0.000000 -0.499994	</row2>
			<row3>	-288.485840 4.359374 86.934570	</row3>
		</transform>
		<clientOnly>	false	</clientOnly>
		<properties>
			<entityName>	</entityName>
			<rediviousTime>	3600.000000	</rediviousTime>
			<rediviousTotal>	1	</rediviousTotal>
			<randomWalkRange>	3.000000	</randomWalkRange>
			<patrolList>	</patrolList>
			<lineNumber>	1	</lineNumber>
			<activityKeyStart>	minAutStart	</activityKeyStart>
			<activityKeyEnd>	minAutEnd	</activityKeyEnd>
			<patrolPathNode>	</patrolPathNode>
		</properties>
	</entity_9>
	<entity_10>
		<type>	SpawnPointScheme	</type>
		<transform>
			<row0>	0.000000 0.000000 -0.999989	</row0>
			<row1>	0.000000 0.999998 0.000000	</row1>
			<row2>	0.999989 0.000000 0.000000	</row2>
			<row3>	-297.635986 4.560545 72.396820	</row3>
		</transform>
		<clientOnly>	false	</clientOnly>
		<properties>
			<entityName>	</entityName>
			<rediviousTime>	3600.000000	</rediviousTime>
			<rediviousTotal>	1	</rediviousTotal>
			<randomWalkRange>	3.000000	</randomWalkRange>
			<patrolList>	</patrolList>
			<lineNumber>	1	</lineNumber>
			<activityKeyStart>	minAutStart	</activityKeyStart>
			<activityKeyEnd>	minAutEnd	</activityKeyEnd>
			<patrolPathNode>	</patrolPathNode>
		</properties>
	</entity_10>
	<entity_11>
		<type>	SpawnPointScheme	</type>
		<transform>
			<row0>	-0.965917 0.000000 0.258816	</row0>
			<row1>	0.000000 0.999998 0.000000	</row1>
			<row2>	-0.258816 0.000000 -0.965917	</row2>
			<row3>	-298.403809 4.664062 56.821159	</row3>
		</transform>
		<clientOnly>	false	</clientOnly>
		<properties>
			<entityName>	</entityName>
			<rediviousTime>	3600.000000	</rediviousTime>
			<rediviousTotal>	1	</rediviousTotal>
			<randomWalkRange>	3.000000	</randomWalkRange>
			<patrolList>	</patrolList>
			<lineNumber>	1	</lineNumber>
			<activityKeyStart>	minAutStart	</activityKeyStart>
			<activityKeyEnd>	minAutEnd	</activityKeyEnd>
			<patrolPathNode>	</patrolPathNode>
		</properties>
	</entity_11>
	<entity_12>
		<type>	SpawnPointScheme	</type>
		<transform>
			<row0>	-0.499996 0.000000 0.866018	</row0>
			<row1>	0.000000 0.999998 0.000000	</row1>
			<row2>	-0.866018 0.000000 -0.499996	</row2>
			<row3>	-288.967163 3.476562 28.173923	</row3>
		</transform>
		<clientOnly>	false	</clientOnly>
		<properties>
			<entityName>	</entityName>
			<rediviousTime>	3600.000000	</rediviousTime>
			<rediviousTotal>	1	</rediviousTotal>
			<randomWalkRange>	3.000000	</randomWalkRange>
			<patrolList>	</patrolList>
			<lineNumber>	1	</lineNumber>
			<activityKeyStart>	minAutStart	</activityKeyStart>
			<activityKeyEnd>	minAutEnd	</activityKeyEnd>
			<patrolPathNode>	</patrolPathNode>
		</properties>
	</entity_12>
	<entity_13>
		<type>	SpawnPointScheme	</type>
		<transform>
			<row0>	0.000000 0.000000 0.999992	</row0>
			<row1>	0.000000 0.999998 0.000000	</row1>
			<row2>	-0.999992 0.000000 0.000000	</row2>
			<row3>	-288.341492 4.140624 15.089548	</row3>
		</transform>
		<clientOnly>	false	</clientOnly>
		<properties>
			<entityName>	</entityName>
			<rediviousTime>	3600.000000	</rediviousTime>
			<rediviousTotal>	1	</rediviousTotal>
			<randomWalkRange>	3.000000	</randomWalkRange>
			<patrolList>	</patrolList>
			<lineNumber>	1	</lineNumber>
			<activityKeyStart>	minAutStart	</activityKeyStart>
			<activityKeyEnd>	minAutEnd	</activityKeyEnd>
			<patrolPathNode>	</patrolPathNode>
		</properties>
	</entity_13>
	<entity_14>
		<type>	SpawnPointScheme	</type>
		<transform>
			<row0>	0.965920 0.000000 0.258818	</row0>
			<row1>	0.000000 0.999998 0.000000	</row1>
			<row2>	-0.258818 0.000000 0.965920	</row2>
			<row3>	-222.209991 3.900390 0.680542	</row3>
		</transform>
		<clientOnly>	false	</clientOnly>
		<properties>
			<entityName>	</entityName>
			<rediviousTime>	3600.000000	</rediviousTime>
			<rediviousTotal>	1	</rediviousTotal>
			<randomWalkRange>	3.000000	</randomWalkRange>
			<patrolList>	</patrolList>
			<lineNumber>	1	</lineNumber>
			<activityKeyStart>	minAutStart	</activityKeyStart>
			<activityKeyEnd>	minAutEnd	</activityKeyEnd>
			<patrolPathNode>	</patrolPathNode>
		</properties>
	</entity_14>
	<entity_15>
		<type>	SpawnPointScheme	</type>
		<transform>
			<row0>	0.499996 0.000000 0.866019	</row0>
			<row1>	0.000000 0.999998 0.000000	</row1>
			<row2>	-0.866019 0.000000 0.499996	</row2>
			<row3>	-247.566101 4.349607 5.484852	</row3>
		</transform>
		<clientOnly>	false	</clientOnly>
		<properties>
			<entityName>	</entityName>
			<rediviousTime>	3600.000000	</rediviousTime>
			<rediviousTotal>	1	</rediviousTotal>
			<randomWalkRange>	3.000000	</randomWalkRange>
			<patrolList>	</patrolList>
			<lineNumber>	1	</lineNumber>
			<activityKeyStart>	minAutStart	</activityKeyStart>
			<activityKeyEnd>	minAutEnd	</activityKeyEnd>
			<patrolPathNode>	</patrolPathNode>
		</properties>
	</entity_15>
	<entity_16>
		<type>	SpawnPointScheme	</type>
		<transform>
			<row0>	0.258817 0.000000 0.965919	</row0>
			<row1>	0.000000 0.999998 0.000000	</row1>
			<row2>	-0.965919 0.000000 0.258817	</row2>
			<row3>	-271.001831 3.726562 3.937781	</row3>
		</transform>
		<clientOnly>	false	</clientOnly>
		<properties>
			<entityName>	</entityName>
			<rediviousTime>	3600.000000	</rediviousTime>
			<rediviousTotal>	1	</rediviousTotal>
			<randomWalkRange>	3.000000	</randomWalkRange>
			<patrolList>	</patrolList>
			<lineNumber>	1	</lineNumber>
			<activityKeyStart>	minAutStart	</activityKeyStart>
			<activityKeyEnd>	minAutEnd	</activityKeyEnd>
			<patrolPathNode>	</patrolPathNode>
		</properties>
	</entity_16>
	<entity_17>
		<type>	SpawnPointScheme	</type>
		<transform>
			<row0>	0.965915 0.000000 -0.258816	</row0>
			<row1>	0.000000 0.999998 0.000000	</row1>
			<row2>	0.258816 0.000000 0.965915	</row2>
			<row3>	-288.752594 4.228515 98.727097	</row3>
		</transform>
		<clientOnly>	false	</clientOnly>
		<properties>
			<entityName>	</entityName>
			<rediviousTime>	3600.000000	</rediviousTime>
			<rediviousTotal>	1	</rediviousTotal>
			<randomWalkRange>	3.000000	</randomWalkRange>
			<patrolList>	</patrolList>
			<lineNumber>	1	</lineNumber>
			<activityKeyStart>	minAutStart	</activityKeyStart>
			<activityKeyEnd>	minAutEnd	</activityKeyEnd>
			<patrolPathNode>	</patrolPathNode>
		</properties>
	</entity_17>
	<entity_18>
		<type>	SpawnPointScheme	</type>
		<transform>
			<row0>	0.866019 0.000000 0.499997	</row0>
			<row1>	0.000000 0.999998 0.000000	</row1>
			<row2>	-0.499997 0.000000 0.866019	</row2>
			<row3>	-230.136795 4.765624 13.724047	</row3>
		</transform>
		<clientOnly>	false	</clientOnly>
		<properties>
			<entityName>	</entityName>
			<rediviousTime>	3600.000000	</rediviousTime>
			<rediviousTotal>	1	</rediviousTotal>
			<randomWalkRange>	3.000000	</randomWalkRange>
			<patrolList>	</patrolList>
			<lineNumber>	1	</lineNumber>
			<activityKeyStart>	minAutStart	</activityKeyStart>
			<activityKeyEnd>	minAutEnd	</activityKeyEnd>
			<patrolPathNode>	</patrolPathNode>
		</properties>
	</entity_18>
	<entity_19>
		<type>	SpawnPointScheme	</type>
		<transform>
			<row0>	0.499994 0.000000 0.866016	</row0>
			<row1>	0.000000 0.999998 0.000000	</row1>
			<row2>	-0.866016 0.000000 0.499994	</row2>
			<row3>	-285.429169 4.138670 120.573471	</row3>
		</transform>
		<clientOnly>	false	</clientOnly>
		<properties>
			<entityName>	</entityName>
			<rediviousTime>	3600.000000	</rediviousTime>
			<rediviousTotal>	1	</rediviousTotal>
			<randomWalkRange>	3.000000	</randomWalkRange>
			<patrolList>	</patrolList>
			<lineNumber>	1	</lineNumber>
			<activityKeyStart>	minAutStart	</activityKeyStart>
			<activityKeyEnd>	minAutEnd	</activityKeyEnd>
			<patrolPathNode>	</patrolPathNode>
		</properties>
	</entity_19>
	<entity_20>
		<type>	SpawnPointScheme	</type>
		<transform>
			<row0>	0.999989 0.000000 0.000000	</row0>
			<row1>	0.000000 0.999998 0.000000	</row1>
			<row2>	0.000000 0.000000 0.999989	</row2>
			<row3>	-297.985352 3.986328 120.717949	</row3>
		</transform>
		<clientOnly>	false	</clientOnly>
		<properties>
			<entityName>	</entityName>
			<rediviousTime>	3600.000000	</rediviousTime>
			<rediviousTotal>	1	</rediviousTotal>
			<randomWalkRange>	3.000000	</randomWalkRange>
			<patrolList>	</patrolList>
			<lineNumber>	1	</lineNumber>
			<activityKeyStart>	minAutStart	</activityKeyStart>
			<activityKeyEnd>	minAutEnd	</activityKeyEnd>
			<patrolPathNode>	</patrolPathNode>
		</properties>
	</entity_20>
	<entity_21>
		<type>	SpawnPointScheme	</type>
		<transform>
			<row0>	-0.999987 0.000000 -0.000001	</row0>
			<row1>	0.000000 0.999998 0.000000	</row1>
			<row2>	0.000001 0.000000 -0.999987	</row2>
			<row3>	-224.770172 4.214842 147.953522	</row3>
		</transform>
		<clientOnly>	false	</clientOnly>
		<properties>
			<entityName>	</entityName>
			<rediviousTime>	3600.000000	</rediviousTime>
			<rediviousTotal>	1	</rediviousTotal>
			<randomWalkRange>	3.000000	</randomWalkRange>
			<patrolList>	</patrolList>
			<lineNumber>	1	</lineNumber>
			<activityKeyStart>	minAutStart	</activityKeyStart>
			<activityKeyEnd>	minAutEnd	</activityKeyEnd>
			<patrolPathNode>	</patrolPathNode>
		</properties>
	</entity_21>
	<entity_22>
		<type>	SpawnPointScheme	</type>
		<transform>
			<row0>	-0.258817 0.000000 0.965915	</row0>
			<row1>	0.000000 0.999998 0.000000	</row1>
			<row2>	-0.965915 0.000000 -0.258817	</row2>
			<row3>	-251.180389 4.583982 122.201195	</row3>
		</transform>
		<clientOnly>	false	</clientOnly>
		<properties>
			<entityName>	</entityName>
			<rediviousTime>	3600.000000	</rediviousTime>
			<rediviousTotal>	1	</rediviousTotal>
			<randomWalkRange>	3.000000	</randomWalkRange>
			<patrolList>	</patrolList>
			<lineNumber>	1	</lineNumber>
			<activityKeyStart>	minAutStart	</activityKeyStart>
			<activityKeyEnd>	minAutEnd	</activityKeyEnd>
			<patrolPathNode>	</patrolPathNode>
		</properties>
	</entity_22>
	<entity_23>
		<type>	SpawnPointScheme	</type>
		<transform>
			<row0>	-0.707099 0.000000 0.707098	</row0>
			<row1>	0.000000 0.999998 0.000000	</row1>
			<row2>	-0.707098 0.000000 -0.707099	</row2>
			<row3>	-234.063644 5.201169 133.969452	</row3>
		</transform>
		<clientOnly>	false	</clientOnly>
		<properties>
			<entityName>	</entityName>
			<rediviousTime>	3600.000000	</rediviousTime>
			<rediviousTotal>	1	</rediviousTotal>
			<randomWalkRange>	3.000000	</randomWalkRange>
			<patrolList>	</patrolList>
			<lineNumber>	1	</lineNumber>
			<activityKeyStart>	minAutStart	</activityKeyStart>
			<activityKeyEnd>	minAutEnd	</activityKeyEnd>
			<patrolPathNode>	</patrolPathNode>
		</properties>
	</entity_23>
	<entity_24>
		<type>	SpawnPointScheme	</type>
		<transform>
			<row0>	0.499994 0.000000 0.866016	</row0>
			<row1>	0.000000 0.999998 0.000000	</row1>
			<row2>	-0.866016 0.000000 0.499994	</row2>
			<row3>	-262.234283 3.242187 138.107971	</row3>
		</transform>
		<clientOnly>	false	</clientOnly>
		<properties>
			<entityName>	</entityName>
			<rediviousTime>	3600.000000	</rediviousTime>
			<rediviousTotal>	1	</rediviousTotal>
			<randomWalkRange>	3.000000	</randomWalkRange>
			<patrolList>	</patrolList>
			<lineNumber>	1	</lineNumber>
			<activityKeyStart>	minAutStart	</activityKeyStart>
			<activityKeyEnd>	minAutEnd	</activityKeyEnd>
			<patrolPathNode>	</patrolPathNode>
		</properties>
	</entity_24>
	<entity_25>
		<type>	SpawnPointScheme	</type>
		<transform>
			<row0>	-0.866016 0.000000 0.499993	</row0>
			<row1>	0.000000 0.999998 0.000000	</row1>
			<row2>	-0.499993 0.000000 -0.866016	</row2>
			<row3>	-242.176453 3.482421 151.985657	</row3>
		</transform>
		<clientOnly>	false	</clientOnly>
		<properties>
			<entityName>	</entityName>
			<rediviousTime>	3600.000000	</rediviousTime>
			<rediviousTotal>	1	</rediviousTotal>
			<randomWalkRange>	3.000000	</randomWalkRange>
			<patrolList>	</patrolList>
			<lineNumber>	1	</lineNumber>
			<activityKeyStart>	minAutStart	</activityKeyStart>
			<activityKeyEnd>	minAutEnd	</activityKeyEnd>
			<patrolPathNode>	</patrolPathNode>
		</properties>
	</entity_25>
	<entity_26>
		<type>	SpawnPointScheme	</type>
		<transform>
			<row0>	-0.866014 0.000000 -0.499994	</row0>
			<row1>	0.000000 0.999998 0.000000	</row1>
			<row2>	0.499994 0.000000 -0.866014	</row2>
			<row3>	-211.043411 4.626952 139.075653	</row3>
		</transform>
		<clientOnly>	false	</clientOnly>
		<properties>
			<entityName>	</entityName>
			<rediviousTime>	3600.000000	</rediviousTime>
			<rediviousTotal>	1	</rediviousTotal>
			<randomWalkRange>	3.000000	</randomWalkRange>
			<patrolList>	</patrolList>
			<lineNumber>	1	</lineNumber>
			<activityKeyStart>	minAutStart	</activityKeyStart>
			<activityKeyEnd>	minAutEnd	</activityKeyEnd>
			<patrolPathNode>	</patrolPathNode>
		</properties>
	</entity_26>
	<entity_27>
		<type>	SpawnPointScheme	</type>
		<transform>
			<row0>	0.258817 0.000000 -0.965921	</row0>
			<row1>	0.000000 0.999998 0.000000	</row1>
			<row2>	0.965921 0.000000 0.258817	</row2>
			<row3>	-130.237610 4.513669 -120.228836	</row3>
		</transform>
		<clientOnly>	false	</clientOnly>
		<properties>
			<entityName>	30112170	</entityName>
			<rediviousTime>	3600.000000	</rediviousTime>
			<rediviousTotal>	1	</rediviousTotal>
			<randomWalkRange>	3.000000	</randomWalkRange>
			<patrolList>	</patrolList>
			<lineNumber>	1	</lineNumber>
			<activityKeyStart>	minAutStart	</activityKeyStart>
			<activityKeyEnd>	minAutEnd	</activityKeyEnd>
			<patrolPathNode>	</patrolPathNode>
		</properties>
	</entity_27>
	<entity_28>
		<type>	SpawnPointScheme	</type>
		<transform>
			<row0>	-0.258818 0.000000 -0.965921	</row0>
			<row1>	0.000000 0.999998 0.000000	</row1>
			<row2>	0.965921 0.000000 -0.258818	</row2>
			<row3>	-137.331009 4.089841 -124.004967	</row3>
		</transform>
		<clientOnly>	false	</clientOnly>
		<properties>
			<entityName>	30112170	</entityName>
			<rediviousTime>	3600.000000	</rediviousTime>
			<rediviousTotal>	1	</rediviousTotal>
			<randomWalkRange>	3.000000	</randomWalkRange>
			<patrolList>	</patrolList>
			<lineNumber>	1	</lineNumber>
			<activityKeyStart>	minAutStart	</activityKeyStart>
			<activityKeyEnd>	minAutEnd	</activityKeyEnd>
			<patrolPathNode>	</patrolPathNode>
		</properties>
	</entity_28>
	<entity_29>
		<type>	SpawnPointScheme	</type>
		<transform>
			<row0>	-0.000001 0.000000 -0.999995	</row0>
			<row1>	0.000000 0.999998 0.000000	</row1>
			<row2>	0.999995 0.000000 -0.000001	</row2>
			<row3>	-150.989975 4.582028 -107.303741	</row3>
		</transform>
		<clientOnly>	false	</clientOnly>
		<properties>
			<entityName>	30112170	</entityName>
			<rediviousTime>	3600.000000	</rediviousTime>
			<rediviousTotal>	1	</rediviousTotal>
			<randomWalkRange>	3.000000	</randomWalkRange>
			<patrolList>	</patrolList>
			<lineNumber>	1	</lineNumber>
			<activityKeyStart>	minAutStart	</activityKeyStart>
			<activityKeyEnd>	minAutEnd	</activityKeyEnd>
			<patrolPathNode>	</patrolPathNode>
		</properties>
	</entity_29>
	<entity_30>
		<type>	SpawnPointScheme	</type>
		<transform>
			<row0>	-0.707103 0.000000 -0.707103	</row0>
			<row1>	0.000000 0.999998 0.000000	</row1>
			<row2>	0.707103 0.000000 -0.707103	</row2>
			<row3>	-150.201035 4.091794 -118.991547	</row3>
		</transform>
		<clientOnly>	false	</clientOnly>
		<properties>
			<entityName>	30112170	</entityName>
			<rediviousTime>	3600.000000	</rediviousTime>
			<rediviousTotal>	1	</rediviousTotal>
			<randomWalkRange>	3.000000	</randomWalkRange>
			<patrolList>	</patrolList>
			<lineNumber>	1	</lineNumber>
			<activityKeyStart>	minAutStart	</activityKeyStart>
			<activityKeyEnd>	minAutEnd	</activityKeyEnd>
			<patrolPathNode>	</patrolPathNode>
		</properties>
	</entity_30>
	<entity_31>
		<type>	SpawnPointScheme	</type>
		<transform>
			<row0>	-0.866021 0.000000 -0.499997	</row0>
			<row1>	0.000000 0.999998 0.000000	</row1>
			<row2>	0.499997 0.000000 -0.866021	</row2>
			<row3>	-159.401260 4.292966 -106.828842	</row3>
		</transform>
		<clientOnly>	false	</clientOnly>
		<properties>
			<entityName>	30112170	</entityName>
			<rediviousTime>	3600.000000	</rediviousTime>
			<rediviousTotal>	1	</rediviousTotal>
			<randomWalkRange>	3.000000	</randomWalkRange>
			<patrolList>	</patrolList>
			<lineNumber>	1	</lineNumber>
			<activityKeyStart>	minAutStart	</activityKeyStart>
			<activityKeyEnd>	minAutEnd	</activityKeyEnd>
			<patrolPathNode>	</patrolPathNode>
		</properties>
	</entity_31>
	<entity_32>
		<type>	SpawnPointScheme	</type>
		<transform>
			<row0>	-0.999995 0.000000 0.000001	</row0>
			<row1>	0.000000 0.999998 0.000000	</row1>
			<row2>	-0.000001 0.000000 -0.999995	</row2>
			<row3>	-160.492172 4.843749 -92.693855	</row3>
		</transform>
		<clientOnly>	false	</clientOnly>
		<properties>
			<entityName>	</entityName>
			<rediviousTime>	3600.000000	</rediviousTime>
			<rediviousTotal>	1	</rediviousTotal>
			<randomWalkRange>	3.000000	</randomWalkRange>
			<patrolList>	</patrolList>
			<lineNumber>	1	</lineNumber>
			<activityKeyStart>	minAutStart	</activityKeyStart>
			<activityKeyEnd>	minAutEnd	</activityKeyEnd>
			<patrolPathNode>	</patrolPathNode>
		</properties>
	</entity_32>
	<entity_33>
		<type>	SpawnPointScheme	</type>
		<transform>
			<row0>	-0.000001 0.000000 -0.999995	</row0>
			<row1>	0.000000 0.999998 0.000000	</row1>
			<row2>	0.999995 0.000000 -0.000001	</row2>
			<row3>	-169.236465 4.226562 -92.973755	</row3>
		</transform>
		<clientOnly>	false	</clientOnly>
		<properties>
			<entityName>	</entityName>
			<rediviousTime>	3600.000000	</rediviousTime>
			<rediviousTotal>	1	</rediviousTotal>
			<randomWalkRange>	3.000000	</randomWalkRange>
			<patrolList>	</patrolList>
			<lineNumber>	1	</lineNumber>
			<activityKeyStart>	minAutStart	</activityKeyStart>
			<activityKeyEnd>	minAutEnd	</activityKeyEnd>
			<patrolPathNode>	</patrolPathNode>
		</properties>
	</entity_33>
	<entity_34>
		<type>	SpawnPointScheme	</type>
		<transform>
			<row0>	-0.965921 0.000000 0.258819	</row0>
			<row1>	0.000000 0.999998 0.000000	</row1>
			<row2>	-0.258819 0.000000 -0.965921	</row2>
			<row3>	-167.797882 4.560544 -78.283447	</row3>
		</transform>
		<clientOnly>	false	</clientOnly>
		<properties>
			<entityName>	</entityName>
			<rediviousTime>	3600.000000	</rediviousTime>
			<rediviousTotal>	1	</rediviousTotal>
			<randomWalkRange>	3.000000	</randomWalkRange>
			<patrolList>	</patrolList>
			<lineNumber>	1	</lineNumber>
			<activityKeyStart>	minAutStart	</activityKeyStart>
			<activityKeyEnd>	minAutEnd	</activityKeyEnd>
			<patrolPathNode>	</patrolPathNode>
		</properties>
	</entity_34>
	<entity_35>
		<type>	SpawnPointScheme	</type>
		<transform>
			<row0>	0.499997 0.000000 -0.866021	</row0>
			<row1>	0.000000 0.999998 0.000000	</row1>
			<row2>	0.866021 0.000000 0.499997	</row2>
			<row3>	-173.272598 4.349607 -74.023308	</row3>
		</transform>
		<clientOnly>	false	</clientOnly>
		<properties>
			<entityName>	</entityName>
			<rediviousTime>	3600.000000	</rediviousTime>
			<rediviousTotal>	1	</rediviousTotal>
			<randomWalkRange>	3.000000	</randomWalkRange>
			<patrolList>	</patrolList>
			<lineNumber>	1	</lineNumber>
			<activityKeyStart>	minAutStart	</activityKeyStart>
			<activityKeyEnd>	minAutEnd	</activityKeyEnd>
			<patrolPathNode>	</patrolPathNode>
		</properties>
	</entity_35>
	<entity_36>
		<type>	SpawnPointScheme	</type>
		<transform>
			<row0>	0.707103 0.000000 -0.707103	</row0>
			<row1>	0.000000 0.999998 0.000000	</row1>
			<row2>	0.707103 0.000000 0.707103	</row2>
			<row3>	-172.489426 4.728515 -62.293007	</row3>
		</transform>
		<clientOnly>	false	</clientOnly>
		<properties>
			<entityName>	</entityName>
			<rediviousTime>	3600.000000	</rediviousTime>
			<rediviousTotal>	1	</rediviousTotal>
			<randomWalkRange>	3.000000	</randomWalkRange>
			<patrolList>	</patrolList>
			<lineNumber>	1	</lineNumber>
			<activityKeyStart>	minAutStart	</activityKeyStart>
			<activityKeyEnd>	minAutEnd	</activityKeyEnd>
			<patrolPathNode>	</patrolPathNode>
		</properties>
	</entity_36>
	<entity_37>
		<type>	SpawnPointScheme	</type>
		<transform>
			<row0>	-0.707096 0.000000 -0.707098	</row0>
			<row1>	0.000000 0.999998 0.000000	</row1>
			<row2>	0.707098 0.000000 -0.707096	</row2>
			<row3>	-85.572144 5.453124 -132.085938	</row3>
		</transform>
		<clientOnly>	false	</clientOnly>
		<properties>
			<entityName>	30112170	</entityName>
			<rediviousTime>	3600.000000	</rediviousTime>
			<lineNumber>	1	</lineNumber>
			<activityKeyStart>	minAutStart	</activityKeyStart>
			<activityKeyEnd>	minAutEnd	</activityKeyEnd>
			<patrolPathNode>	</patrolPathNode>
		</properties>
	</entity_37>
	<entity_38>
		<type>	SpawnPointScheme	</type>
		<transform>
			<row0>	-0.499992 0.000000 -0.866014	</row0>
			<row1>	0.000000 0.999998 0.000000	</row1>
			<row2>	0.866014 0.000000 -0.499992	</row2>
			<row3>	-54.681129 4.933591 -143.792435	</row3>
		</transform>
		<clientOnly>	false	</clientOnly>
		<properties>
			<entityName>	30112170	</entityName>
			<rediviousTime>	3600.000000	</rediviousTime>
			<lineNumber>	1	</lineNumber>
			<activityKeyStart>	minAutStart	</activityKeyStart>
			<activityKeyEnd>	minAutEnd	</activityKeyEnd>
			<patrolPathNode>	</patrolPathNode>
		</properties>
	</entity_38>
	<entity_39>
		<type>	SpawnPointScheme	</type>
		<transform>
			<row0>	-0.499992 0.000000 -0.866014	</row0>
			<row1>	0.000000 0.999998 0.000000	</row1>
			<row2>	0.866014 0.000000 -0.499992	</row2>
			<row3>	-41.394146 4.812500 -151.157806	</row3>
		</transform>
		<clientOnly>	false	</clientOnly>
		<properties>
			<entityName>	30112170	</entityName>
			<rediviousTime>	3600.000000	</rediviousTime>
			<lineNumber>	1	</lineNumber>
			<activityKeyStart>	minAutStart	</activityKeyStart>
			<activityKeyEnd>	minAutEnd	</activityKeyEnd>
			<patrolPathNode>	</patrolPathNode>
		</properties>
	</entity_39>
	<entity_40>
		<type>	SpawnPointScheme	</type>
		<transform>
			<row0>	0.000001 0.000000 -0.999986	</row0>
			<row1>	0.000000 0.999998 0.000000	</row1>
			<row2>	0.999986 0.000000 0.000001	</row2>
			<row3>	-29.086296 4.203124 -160.352936	</row3>
		</transform>
		<clientOnly>	false	</clientOnly>
		<properties>
			<entityName>	30112170	</entityName>
			<rediviousTime>	3600.000000	</rediviousTime>
			<lineNumber>	1	</lineNumber>
			<activityKeyStart>	minAutStart	</activityKeyStart>
			<activityKeyEnd>	minAutEnd	</activityKeyEnd>
			<patrolPathNode>	</patrolPathNode>
		</properties>
	</entity_40>
	<entity_41>
		<type>	SpawnPointScheme	</type>
		<transform>
			<row0>	0.258816 0.000000 -0.965912	</row0>
			<row1>	0.000000 0.999998 0.000000	</row1>
			<row2>	0.965912 0.000000 0.258816	</row2>
			<row3>	-7.284332 4.666015 -171.120255	</row3>
		</transform>
		<clientOnly>	false	</clientOnly>
		<properties>
			<entityName>	30112170	</entityName>
			<rediviousTime>	3600.000000	</rediviousTime>
			<lineNumber>	1	</lineNumber>
			<activityKeyStart>	minAutStart	</activityKeyStart>
			<activityKeyEnd>	minAutEnd	</activityKeyEnd>
			<patrolPathNode>	</patrolPathNode>
		</properties>
	</entity_41>
	<entity_42>
		<type>	SpawnPointScheme	</type>
		<transform>
			<row0>	0.258812 0.000000 -0.965908	</row0>
			<row1>	0.000000 0.999998 0.000000	</row1>
			<row2>	0.965908 0.000000 0.258812	</row2>
			<row3>	-1.410042 4.257812 151.324585	</row3>
		</transform>
		<clientOnly>	false	</clientOnly>
		<properties>
			<entityName>	</entityName>
			<rediviousTime>	3600.000000	</rediviousTime>
			<rediviousTotal>	1	</rediviousTotal>
			<randomWalkRange>	3.000000	</randomWalkRange>
			<patrolList>	</patrolList>
			<lineNumber>	1	</lineNumber>
			<activityKeyStart>	minAutStart	</activityKeyStart>
			<activityKeyEnd>	minAutEnd	</activityKeyEnd>
			<patrolPathNode>	</patrolPathNode>
		</properties>
	</entity_42>
	<entity_43>
		<type>	SpawnPointScheme	</type>
		<transform>
			<row0>	0.866008 0.000000 -0.499992	</row0>
			<row1>	0.000000 0.999998 0.000000	</row1>
			<row2>	0.499992 0.000000 0.866008	</row2>
			<row3>	-15.126205 5.291015 133.602631	</row3>
		</transform>
		<clientOnly>	false	</clientOnly>
		<properties>
			<entityName>	</entityName>
			<rediviousTime>	3600.000000	</rediviousTime>
			<rediviousTotal>	1	</rediviousTotal>
			<randomWalkRange>	3.000000	</randomWalkRange>
			<patrolList>	</patrolList>
			<lineNumber>	1	</lineNumber>
			<activityKeyStart>	minAutStart	</activityKeyStart>
			<activityKeyEnd>	minAutEnd	</activityKeyEnd>
			<patrolPathNode>	</patrolPathNode>
		</properties>
	</entity_43>
	<entity_44>
		<type>	SpawnPointScheme	</type>
		<transform>
			<row0>	0.707094 0.000000 0.707091	</row0>
			<row1>	0.000000 0.999998 0.000000	</row1>
			<row2>	-0.707091 0.000000 0.707094	</row2>
			<row3>	-21.866447 5.349607 132.704895	</row3>
		</transform>
		<clientOnly>	false	</clientOnly>
		<properties>
			<entityName>	</entityName>
			<rediviousTime>	3600.000000	</rediviousTime>
			<rediviousTotal>	1	</rediviousTotal>
			<randomWalkRange>	3.000000	</randomWalkRange>
			<patrolList>	</patrolList>
			<lineNumber>	1	</lineNumber>
			<activityKeyStart>	minAutStart	</activityKeyStart>
			<activityKeyEnd>	minAutEnd	</activityKeyEnd>
			<patrolPathNode>	</patrolPathNode>
		</properties>
	</entity_44>
	<entity_45>
		<type>	SpawnPointScheme	</type>
		<transform>
			<row0>	0.999980 0.000000 -0.000002	</row0>
			<row1>	0.000000 0.999998 0.000000	</row1>
			<row2>	0.000002 0.000000 0.999980	</row2>
			<row3>	-12.959862 4.246091 145.702087	</row3>
		</transform>
		<clientOnly>	false	</clientOnly>
		<properties>
			<entityName>	</entityName>
			<rediviousTime>	3600.000000	</rediviousTime>
			<rediviousTotal>	1	</rediviousTotal>
			<randomWalkRange>	3.000000	</randomWalkRange>
			<patrolList>	</patrolList>
			<lineNumber>	1	</lineNumber>
			<activityKeyStart>	minAutStart	</activityKeyStart>
			<activityKeyEnd>	minAutEnd	</activityKeyEnd>
			<patrolPathNode>	</patrolPathNode>
		</properties>
	</entity_45>
	<entity_46>
		<type>	SpawnPointScheme	</type>
		<transform>
			<row0>	0.866009 0.000000 0.499988	</row0>
			<row1>	0.000000 0.999998 0.000000	</row1>
			<row2>	-0.499988 0.000000 0.866009	</row2>
			<row3>	-41.794067 4.201169 141.035706	</row3>
		</transform>
		<clientOnly>	false	</clientOnly>
		<properties>
			<entityName>	</entityName>
			<rediviousTime>	3600.000000	</rediviousTime>
			<rediviousTotal>	1	</rediviousTotal>
			<randomWalkRange>	3.000000	</randomWalkRange>
			<patrolList>	</patrolList>
			<lineNumber>	1	</lineNumber>
			<activityKeyStart>	minAutStart	</activityKeyStart>
			<activityKeyEnd>	minAutEnd	</activityKeyEnd>
			<patrolPathNode>	</patrolPathNode>
		</properties>
	</entity_46>
	<entity_47>
		<type>	SpawnPointScheme	</type>
		<transform>
			<row0>	0.707096 0.000000 0.707096	</row0>
			<row1>	0.000000 0.999998 0.000000	</row1>
			<row2>	-0.707096 0.000000 0.707096	</row2>
			<row3>	91.701210 5.291015 -200.628998	</row3>
		</transform>
		<clientOnly>	false	</clientOnly>
		<properties>
			<entityName>	30112170	</entityName>
			<rediviousTime>	3600.000000	</rediviousTime>
			<rediviousTotal>	1	</rediviousTotal>
			<randomWalkRange>	3.000000	</randomWalkRange>
			<patrolList>	</patrolList>
			<lineNumber>	1	</lineNumber>
			<activityKeyStart>	minAutStart	</activityKeyStart>
			<activityKeyEnd>	minAutEnd	</activityKeyEnd>
			<patrolPathNode>	</patrolPathNode>
		</properties>
	</entity_47>
	<entity_48>
		<type>	SpawnPointScheme	</type>
		<transform>
			<row0>	0.499993 0.000000 -0.866013	</row0>
			<row1>	0.000000 0.999998 0.000000	</row1>
			<row2>	0.866013 0.000000 0.499993	</row2>
			<row3>	18.441551 4.142577 -176.113510	</row3>
		</transform>
		<clientOnly>	false	</clientOnly>
		<properties>
			<entityName>	30112170	</entityName>
			<rediviousTime>	3600.000000	</rediviousTime>
			<rediviousTotal>	1	</rediviousTotal>
			<randomWalkRange>	3.000000	</randomWalkRange>
			<patrolList>	</patrolList>
			<lineNumber>	1	</lineNumber>
			<activityKeyStart>	minAutStart	</activityKeyStart>
			<activityKeyEnd>	minAutEnd	</activityKeyEnd>
			<patrolPathNode>	</patrolPathNode>
		</properties>
	</entity_48>
	<entity_49>
		<type>	SpawnPointScheme	</type>
		<transform>
			<row0>	0.707097 0.000000 -0.707096	</row0>
			<row1>	0.000000 0.999998 0.000000	</row1>
			<row2>	0.707096 0.000000 0.707097	</row2>
			<row3>	40.482258 5.486327 -171.732849	</row3>
		</transform>
		<clientOnly>	false	</clientOnly>
		<properties>
			<entityName>	30112170	</entityName>
			<rediviousTime>	3600.000000	</rediviousTime>
			<rediviousTotal>	1	</rediviousTotal>
			<randomWalkRange>	3.000000	</randomWalkRange>
			<patrolList>	</patrolList>
			<lineNumber>	1	</lineNumber>
			<activityKeyStart>	minAutStart	</activityKeyStart>
			<activityKeyEnd>	minAutEnd	</activityKeyEnd>
			<patrolPathNode>	</patrolPathNode>
		</properties>
	</entity_49>
	<entity_50>
		<type>	SpawnPointScheme	</type>
		<transform>
			<row0>	0.965912 0.000000 -0.258815	</row0>
			<row1>	0.000000 0.999998 0.000000	</row1>
			<row2>	0.258815 0.000000 0.965912	</row2>
			<row3>	32.754745 4.421874 -181.230362	</row3>
		</transform>
		<clientOnly>	false	</clientOnly>
		<properties>
			<entityName>	30112170	</entityName>
			<rediviousTime>	3600.000000	</rediviousTime>
			<rediviousTotal>	1	</rediviousTotal>
			<randomWalkRange>	3.000000	</randomWalkRange>
			<patrolList>	</patrolList>
			<lineNumber>	1	</lineNumber>
			<activityKeyStart>	minAutStart	</activityKeyStart>
			<activityKeyEnd>	minAutEnd	</activityKeyEnd>
			<patrolPathNode>	</patrolPathNode>
		</properties>
	</entity_50>
	<entity_51>
		<type>	SpawnPointScheme	</type>
		<transform>
			<row0>	0.999985 0.000000 0.000000	</row0>
			<row1>	0.000000 0.999998 0.000000	</row1>
			<row2>	0.000000 0.000000 0.999985	</row2>
			<row3>	51.029369 4.830077 -185.514282	</row3>
		</transform>
		<clientOnly>	false	</clientOnly>
		<properties>
			<entityName>	30112170	</entityName>
			<rediviousTime>	3600.000000	</rediviousTime>
			<rediviousTotal>	1	</rediviousTotal>
			<randomWalkRange>	3.000000	</randomWalkRange>
			<patrolList>	</patrolList>
			<lineNumber>	1	</lineNumber>
			<activityKeyStart>	minAutStart	</activityKeyStart>
			<activityKeyEnd>	minAutEnd	</activityKeyEnd>
			<patrolPathNode>	</patrolPathNode>
		</properties>
	</entity_51>
	<entity_52>
		<type>	SpawnPointScheme	</type>
		<transform>
			<row0>	0.866012 0.000000 0.499992	</row0>
			<row1>	0.000000 0.999998 0.000000	</row1>
			<row2>	-0.499992 0.000000 0.866012	</row2>
			<row3>	55.909328 4.468749 -196.119003	</row3>
		</transform>
		<clientOnly>	false	</clientOnly>
		<properties>
			<entityName>	30112170	</entityName>
			<rediviousTime>	3600.000000	</rediviousTime>
			<rediviousTotal>	1	</rediviousTotal>
			<randomWalkRange>	3.000000	</randomWalkRange>
			<patrolList>	</patrolList>
			<lineNumber>	1	</lineNumber>
			<activityKeyStart>	minAutStart	</activityKeyStart>
			<activityKeyEnd>	minAutEnd	</activityKeyEnd>
			<patrolPathNode>	</patrolPathNode>
		</properties>
	</entity_52>
	<entity_53>
		<type>	SpawnPointScheme	</type>
		<transform>
			<row0>	0.866010 0.000000 0.499989	</row0>
			<row1>	0.000000 0.999998 0.000000	</row1>
			<row2>	-0.499989 0.000000 0.866010	</row2>
			<row3>	79.135696 4.808591 131.425934	</row3>
		</transform>
		<clientOnly>	false	</clientOnly>
		<properties>
			<entityName>	30112170	</entityName>
			<rediviousTime>	3600.000000	</rediviousTime>
			<rediviousTotal>	1	</rediviousTotal>
			<randomWalkRange>	3.000000	</randomWalkRange>
			<patrolList>	</patrolList>
			<lineNumber>	1	</lineNumber>
			<activityKeyStart>	minAutStart	</activityKeyStart>
			<activityKeyEnd>	minAutEnd	</activityKeyEnd>
			<patrolPathNode>	</patrolPathNode>
		</properties>
	</entity_53>
	<entity_54>
		<type>	SpawnPointScheme	</type>
		<transform>
			<row0>	0.707095 0.000000 0.707092	</row0>
			<row1>	0.000000 0.999998 0.000000	</row1>
			<row2>	-0.707092 0.000000 0.707095	</row2>
			<row3>	62.719112 3.248046 145.722229	</row3>
		</transform>
		<clientOnly>	false	</clientOnly>
		<properties>
			<entityName>	30112170	</entityName>
			<rediviousTime>	3600.000000	</rediviousTime>
			<rediviousTotal>	1	</rediviousTotal>
			<randomWalkRange>	3.000000	</randomWalkRange>
			<patrolList>	</patrolList>
			<lineNumber>	1	</lineNumber>
			<activityKeyStart>	minAutStart	</activityKeyStart>
			<activityKeyEnd>	minAutEnd	</activityKeyEnd>
			<patrolPathNode>	</patrolPathNode>
		</properties>
	</entity_54>
	<entity_55>
		<type>	SpawnPointScheme	</type>
		<transform>
			<row0>	0.499992 0.000000 0.866008	</row0>
			<row1>	0.000000 0.999998 0.000000	</row1>
			<row2>	-0.866008 0.000000 0.499992	</row2>
			<row3>	58.679073 4.138669 130.631775	</row3>
		</transform>
		<clientOnly>	false	</clientOnly>
		<properties>
			<entityName>	30112170	</entityName>
			<rediviousTime>	3600.000000	</rediviousTime>
			<rediviousTotal>	1	</rediviousTotal>
			<randomWalkRange>	3.000000	</randomWalkRange>
			<patrolList>	</patrolList>
			<lineNumber>	1	</lineNumber>
			<activityKeyStart>	minAutStart	</activityKeyStart>
			<activityKeyEnd>	minAutEnd	</activityKeyEnd>
			<patrolPathNode>	</patrolPathNode>
		</properties>
	</entity_55>
	<entity_56>
		<type>	SpawnPointScheme	</type>
		<transform>
			<row0>	-0.499989 0.000000 0.866010	</row0>
			<row1>	0.000000 0.999998 0.000000	</row1>
			<row2>	-0.866010 0.000000 -0.499989	</row2>
			<row3>	36.453537 3.486328 138.446747	</row3>
		</transform>
		<clientOnly>	false	</clientOnly>
		<properties>
			<entityName>	30112170	</entityName>
			<rediviousTime>	3600.000000	</rediviousTime>
			<rediviousTotal>	1	</rediviousTotal>
			<randomWalkRange>	3.000000	</randomWalkRange>
			<patrolList>	</patrolList>
			<lineNumber>	1	</lineNumber>
			<activityKeyStart>	minAutStart	</activityKeyStart>
			<activityKeyEnd>	minAutEnd	</activityKeyEnd>
			<patrolPathNode>	</patrolPathNode>
		</properties>
	</entity_56>
	<entity_57>
		<type>	SpawnPointScheme	</type>
		<transform>
			<row0>	-0.707092 0.000000 0.707095	</row0>
			<row1>	0.000000 0.999998 0.000000	</row1>
			<row2>	-0.707095 0.000000 -0.707092	</row2>
			<row3>	40.759781 4.279294 126.982971	</row3>
		</transform>
		<clientOnly>	false	</clientOnly>
		<properties>
			<entityName>	30112170	</entityName>
			<rediviousTime>	3600.000000	</rediviousTime>
			<rediviousTotal>	1	</rediviousTotal>
			<randomWalkRange>	3.000000	</randomWalkRange>
			<patrolList>	</patrolList>
			<lineNumber>	1	</lineNumber>
