<root>
	<entity_1>
		<type>	SpawnPointCopy	</type>
		<transform>
			<row0>	0.965924 0.000000 -0.258818	</row0>
			<row1>	0.000000 0.999998 0.000000	</row1>
			<row2>	0.258818 0.000000 0.965924	</row2>
			<row3>	-81.527954 -10.511717 -52.026993	</row3>
		</transform>
		<clientOnly>	false	</clientOnly>
		<properties>
			<entityName>	20724003	</entityName>
			<rediviousTime>	60.000000	</rediviousTime>
			<rediviousTotal>	1	</rediviousTotal>
			<randomWalkRange>	3.000000	</randomWalkRange>
			<patrolList>	</patrolList>
			<patrolPathNode>	</patrolPathNode>
		</properties>
	</entity_1>
	<entity_2>
		<type>	SpawnPointCopy	</type>
		<transform>
			<row0>	-0.866017 0.000000 0.499997	</row0>
			<row1>	0.000000 0.999999 0.000000	</row1>
			<row2>	-0.499997 0.000000 -0.866017	</row2>
			<row3>	-74.093048 -9.617186 -20.128487	</row3>
		</transform>
		<clientOnly>	false	</clientOnly>
		<properties>
			<entityName>	20712012	</entityName>
			<rediviousTime>	60.000000	</rediviousTime>
			<rediviousTotal>	1	</rediviousTotal>
			<randomWalkRange>	3.000000	</randomWalkRange>
			<patrolList>	</patrolList>
			<patrolPathNode>	</patrolPathNode>
		</properties>
	</entity_2>
	<entity_3>
		<type>	SpawnPointCopy	</type>
		<transform>
			<row0>	-0.999991 0.000000 0.000001	</row0>
			<row1>	0.000000 0.999999 0.000000	</row1>
			<row2>	-0.000001 0.000000 -0.999991	</row2>
			<row3>	-79.850655 -9.181639 -19.760071	</row3>
		</transform>
		<clientOnly>	false	</clientOnly>
		<properties>
			<entityName>	20712012	</entityName>
			<rediviousTime>	60.000000	</rediviousTime>
			<rediviousTotal>	1	</rediviousTotal>
			<randomWalkRange>	3.000000	</randomWalkRange>
			<patrolList>	</patrolList>
			<patrolPathNode>	</patrolPathNode>
		</properties>
	</entity_3>
	<entity_4>
		<type>	SpawnPointCopy	</type>
		<transform>
			<row0>	-0.866018 0.000000 -0.499995	</row0>
			<row1>	0.000000 0.999999 0.000000	</row1>
			<row2>	0.499995 0.000000 -0.866018	</row2>
			<row3>	-75.703690 -9.556639 -29.291031	</row3>
		</transform>
		<clientOnly>	false	</clientOnly>
		<properties>
			<entityName>	20712012	</entityName>
			<rediviousTime>	60.000000	</rediviousTime>
			<rediviousTotal>	1	</rediviousTotal>
			<randomWalkRange>	3.000000	</randomWalkRange>
			<patrolList>	</patrolList>
			<patrolPathNode>	</patrolPathNode>
		</properties>
	</entity_4>
	<entity_5>
		<type>	SpawnPointCopy	</type>
		<transform>
			<row0>	-0.965916 0.000000 -0.258816	</row0>
			<row1>	0.000000 0.999999 0.000000	</row1>
			<row2>	0.258816 0.000000 -0.965916	</row2>
			<row3>	-69.507828 -9.902342 -18.213165	</row3>
		</transform>
		<clientOnly>	false	</clientOnly>
		<properties>
			<entityName>	20712012	</entityName>
			<rediviousTime>	60.000000	</rediviousTime>
			<rediviousTotal>	1	</rediviousTotal>
			<randomWalkRange>	3.000000	</randomWalkRange>
			<patrolList>	</patrolList>
			<patrolPathNode>	</patrolPathNode>
		</properties>
	</entity_5>
	<entity_6>
		<type>	SpawnPointCopy	</type>
		<transform>
			<row0>	-0.866017 0.000000 -0.499994	</row0>
			<row1>	0.000000 0.999999 0.000000	</row1>
			<row2>	0.499994 0.000000 -0.866017	</row2>
			<row3>	-77.325493 -9.289061 -23.659180	</row3>
		</transform>
		<clientOnly>	false	</clientOnly>
		<properties>
			<entityName>	20712012	</entityName>
			<rediviousTime>	60.000000	</rediviousTime>
			<rediviousTotal>	1	</rediviousTotal>
			<randomWalkRange>	3.000000	</randomWalkRange>
			<patrolList>	</patrolList>
			<patrolPathNode>	</patrolPathNode>
		</properties>
	</entity_6>
	<entity_7>
		<type>	SpawnPointCopy	</type>
		<transform>
			<row0>	-0.965916 0.000000 -0.258815	</row0>
			<row1>	0.000000 0.999999 0.000000	</row1>
			<row2>	0.258815 0.000000 -0.965916	</row2>
			<row3>	-65.315872 -9.996092 -20.725555	</row3>
		</transform>
		<clientOnly>	false	</clientOnly>
		<properties>
			<entityName>	20712012	</entityName>
			<rediviousTime>	60.000000	</rediviousTime>
			<rediviousTotal>	1	</rediviousTotal>
			<randomWalkRange>	3.000000	</randomWalkRange>
			<patrolList>	</patrolList>
			<patrolPathNode>	</patrolPathNode>
		</properties>
	</entity_7>
	<entity_8>
		<type>	SpawnPointCopy	</type>
		<transform>
			<row0>	-0.965917 0.000000 0.258818	</row0>
			<row1>	0.000000 0.999999 0.000000	</row1>
			<row2>	-0.258818 0.000000 -0.965917	</row2>
			<row3>	-78.248192 -9.367186 -12.787766	</row3>
		</transform>
		<clientOnly>	false	</clientOnly>
		<properties>
			<entityName>	20712012	</entityName>
			<rediviousTime>	60.000000	</rediviousTime>
			<rediviousTotal>	1	</rediviousTotal>
			<randomWalkRange>	3.000000	</randomWalkRange>
			<patrolList>	</patrolList>
			<patrolPathNode>	</patrolPathNode>
		</properties>
	</entity_8>
	<entity_9>
		<type>	SpawnPointCopy	</type>
		<transform>
			<row0>	-0.965917 0.000000 -0.258816	</row0>
			<row1>	0.000000 0.999999 0.000000	</row1>
			<row2>	0.258816 0.000000 -0.965917	</row2>
			<row3>	-84.864746 -8.628904 -17.254250	</row3>
		</transform>
		<clientOnly>	false	</clientOnly>
		<properties>
			<entityName>	20712012	</entityName>
			<rediviousTime>	60.000000	</rediviousTime>
			<rediviousTotal>	1	</rediviousTotal>
			<randomWalkRange>	3.000000	</randomWalkRange>
			<patrolList>	</patrolList>
			<patrolPathNode>	</patrolPathNode>
		</properties>
	</entity_9>
	<entity_10>
		<type>	Flock	</type>
		<transform>
			<row0>	0.999999 0.000000 0.000000	</row0>
			<row1>	0.000000 0.999999 0.000000	</row1>
			<row2>	0.000000 0.000000 0.999999	</row2>
			<row3>	-45.261890 11.176126 -6.226822	</row3>
		</transform>
		<clientOnly>	true	</clientOnly>
		<properties>
			<maxFlightTime>	200.000000	</maxFlightTime>
			<modelFile>	space/tong_yong/dong_wu/dong_wu/ty_niao_003.model	</modelFile>
			<amount>	2	</amount>
			<modelScale>	1.000000	</modelScale>
			<radius>	25.000000	</radius>
			<approachRadius>	10.000000	</approachRadius>
			<collisionFraction>	0.500000	</collisionFraction>
			<influenceRadius>	10.000000	</influenceRadius>
			<speed>	0.500000	</speed>
			<stopRadius>	1.000000	</stopRadius>
			<patrolPathNode>	</patrolPathNode>
		</properties>
	</entity_10>
	<entity_11>
		<type>	Flock	</type>
		<transform>
			<row0>	0.999994 0.000000 0.000000	</row0>
			<row1>	0.000000 0.999995 0.000000	</row1>
			<row2>	0.000000 0.000000 0.999994	</row2>
			<row3>	-26.372398 -11.420620 -14.355095	</row3>
		</transform>
		<clientOnly>	true	</clientOnly>
		<properties>
			<maxFlightTime>	200.000000	</maxFlightTime>
			<modelFile>	space/tong_yong/dong_wu/dong_wu/ty_hu_die_004.model	</modelFile>
			<amount>	5	</amount>
			<modelScale>	1.000000	</modelScale>
			<radius>	4.000000	</radius>
			<approachRadius>	10.000000	</approachRadius>
			<collisionFraction>	10.000000	</collisionFraction>
			<influenceRadius>	1.000000	</influenceRadius>
			<speed>	0.030000	</speed>
			<stopRadius>	1.000000	</stopRadius>
			<patrolPathNode>	</patrolPathNode>
		</properties>
	</entity_11>
	<entity_12>
		<type>	Flock	</type>
		<transform>
			<row0>	0.999994 0.000000 0.000000	</row0>
			<row1>	0.000000 0.999995 0.000000	</row1>
			<row2>	0.000000 0.000000 0.999994	</row2>
			<row3>	-1.493431 -11.802328 -68.299248	</row3>
		</transform>
		<clientOnly>	true	</clientOnly>
		<properties>
			<maxFlightTime>	200.000000	</maxFlightTime>
			<modelFile>	space/tong_yong/dong_wu/dong_wu/ty_hu_die_004.model	</modelFile>
			<amount>	4	</amount>
			<modelScale>	1.000000	</modelScale>
			<radius>	4.000000	</radius>
			<approachRadius>	10.000000	</approachRadius>
			<collisionFraction>	10.000000	</collisionFraction>
			<influenceRadius>	1.000000	</influenceRadius>
			<speed>	0.030000	</speed>
			<stopRadius>	1.000000	</stopRadius>
			<patrolPathNode>	</patrolPathNode>
		</properties>
	</entity_12>
	<entity_13>
		<type>	SpawnPointCopy	</type>
		<transform>
			<row0>	-0.965922 0.000000 -0.258817	</row0>
			<row1>	0.000000 0.999999 0.000000	</row1>
			<row2>	0.258817 0.000000 -0.965922	</row2>
			<row3>	-2.041306 -12.619139 43.745605	</row3>
		</transform>
		<clientOnly>	false	</clientOnly>
		<properties>
			<entityName>	20712012	</entityName>
			<rediviousTime>	60.000000	</rediviousTime>
			<rediviousTotal>	1	</rediviousTotal>
			<randomWalkRange>	3.000000	</randomWalkRange>
			<patrolList>	</patrolList>
			<patrolPathNode>	</patrolPathNode>
		</properties>
	</entity_13>
	<entity_14>
		<type>	SpawnPointCopy	</type>
		<transform>
			<row0>	-0.499998 0.000000 -0.866020	</row0>
			<row1>	0.000000 0.999999 0.000000	</row1>
			<row2>	0.866020 0.000000 -0.499998	</row2>
			<row3>	-1.617180 -12.466795 49.306786	</row3>
		</transform>
		<clientOnly>	false	</clientOnly>
		<properties>
			<entityName>	20712012	</entityName>
			<rediviousTime>	60.000000	</rediviousTime>
			<rediviousTotal>	1	</rediviousTotal>
			<randomWalkRange>	3.000000	</randomWalkRange>
			<patrolList>	</patrolList>
			<patrolPathNode>	</patrolPathNode>
		</properties>
	</entity_14>
	<entity_15>
		<type>	SpawnPointCopy	</type>
		<transform>
			<row0>	0.258817 0.000000 -0.965921	</row0>
			<row1>	0.000000 0.999999 0.000000	</row1>
			<row2>	0.965921 0.000000 0.258817	</row2>
			<row3>	-5.591576 -11.892576 50.919834	</row3>
		</transform>
		<clientOnly>	false	</clientOnly>
		<properties>
			<entityName>	20712012	</entityName>
			<rediviousTime>	60.000000	</rediviousTime>
			<rediviousTotal>	1	</rediviousTotal>
			<randomWalkRange>	3.000000	</randomWalkRange>
			<patrolList>	</patrolList>
			<patrolPathNode>	</patrolPathNode>
		</properties>
	</entity_15>
	<entity_16>
		<type>	SpawnPointCopy	</type>
		<transform>
			<row0>	-0.499997 0.000000 -0.866020	</row0>
			<row1>	0.000000 0.999999 0.000000	</row1>
			<row2>	0.866020 0.000000 -0.499997	</row2>
			<row3>	-7.177231 -11.914061 48.888309	</row3>
		</transform>
		<clientOnly>	false	</clientOnly>
		<properties>
			<entityName>	20712012	</entityName>
			<rediviousTime>	60.000000	</rediviousTime>
			<rediviousTotal>	1	</rediviousTotal>
			<randomWalkRange>	3.000000	</randomWalkRange>
			<patrolList>	</patrolList>
			<patrolPathNode>	</patrolPathNode>
		</properties>
	</entity_16>
	<entity_17>
		<type>	SpawnPointCopy	</type>
		<transform>
			<row0>	0.258817 0.000000 -0.965920	</row0>
			<row1>	0.000000 0.999999 0.000000	</row1>
			<row2>	0.965920 0.000000 0.258817	</row2>
			<row3>	-6.339546 -12.322264 44.133301	</row3>
		</transform>
		<clientOnly>	false	</clientOnly>
		<properties>
			<entityName>	20712012	</entityName>
			<rediviousTime>	60.000000	</rediviousTime>
			<rediviousTotal>	1	</rediviousTotal>
			<randomWalkRange>	3.000000	</randomWalkRange>
			<patrolList>	</patrolList>
			<patrolPathNode>	</patrolPathNode>
		</properties>
	</entity_17>
	<entity_18>
		<type>	SpawnPointCopy	</type>
		<transform>
			<row0>	0.999994 0.000000 0.000000	</row0>
			<row1>	0.000000 0.999999 0.000000	</row1>
			<row2>	0.000000 0.000000 0.999994	</row2>
			<row3>	-49.450848 -12.076170 57.609489	</row3>
		</transform>
		<clientOnly>	false	</clientOnly>
		<properties>
			<entityName>	20712012	</entityName>
			<rediviousTime>	60.000000	</rediviousTime>
			<rediviousTotal>	1	</rediviousTotal>
			<randomWalkRange>	3.000000	</randomWalkRange>
			<patrolList>	</patrolList>
			<patrolPathNode>	</patrolPathNode>
		</properties>
	</entity_18>
	<entity_19>
		<type>	SpawnPointCopy	</type>
		<transform>
			<row0>	0.965920 0.000000 0.258817	</row0>
			<row1>	0.000000 0.999999 0.000000	</row1>
			<row2>	-0.258817 0.000000 0.965920	</row2>
			<row3>	-47.890167 -12.050779 65.104935	</row3>
		</transform>
		<clientOnly>	false	</clientOnly>
		<properties>
			<entityName>	20712012	</entityName>
			<rediviousTime>	60.000000	</rediviousTime>
			<rediviousTotal>	1	</rediviousTotal>
			<randomWalkRange>	3.000000	</randomWalkRange>
			<patrolList>	</patrolList>
			<patrolPathNode>	</patrolPathNode>
		</properties>
	</entity_19>
	<entity_20>
		<type>	SpawnPointCopy	</type>
		<transform>
			<row0>	0.866020 0.000000 0.499996	</row0>
			<row1>	0.000000 0.999999 0.000000	</row1>
			<row2>	-0.499996 0.000000 0.866020	</row2>
			<row3>	-49.115051 -12.023436 62.448162	</row3>
		</transform>
		<clientOnly>	false	</clientOnly>
		<properties>
			<entityName>	20712012	</entityName>
			<rediviousTime>	60.000000	</rediviousTime>
			<rediviousTotal>	1	</rediviousTotal>
			<randomWalkRange>	3.000000	</randomWalkRange>
			<patrolList>	</patrolList>
			<patrolPathNode>	</patrolPathNode>
		</properties>
	</entity_20>
	<entity_21>
		<type>	SpawnPointCopy	</type>
		<transform>
			<row0>	0.707102 0.000000 0.707101	</row0>
			<row1>	0.000000 0.999999 0.000000	</row1>
			<row2>	-0.707101 0.000000 0.707102	</row2>
			<row3>	-56.535915 -12.140623 61.027458	</row3>
		</transform>
		<clientOnly>	false	</clientOnly>
		<properties>
			<entityName>	20712012	</entityName>
			<rediviousTime>	60.000000	</rediviousTime>
			<rediviousTotal>	1	</rediviousTotal>
			<randomWalkRange>	3.000000	</randomWalkRange>
			<patrolList>	</patrolList>
			<patrolPathNode>	</patrolPathNode>
		</properties>
	</entity_21>
	<entity_22>
		<type>	SpawnPointCopy	</type>
		<transform>
			<row0>	0.499997 0.000000 0.866018	</row0>
			<row1>	0.000000 0.999999 0.000000	</row1>
			<row2>	-0.866018 0.000000 0.499997	</row2>
			<row3>	-51.861748 -12.154296 59.939003	</row3>
		</transform>
		<clientOnly>	false	</clientOnly>
		<properties>
			<entityName>	20712012	</entityName>
			<rediviousTime>	60.000000	</rediviousTime>
			<rediviousTotal>	1	</rediviousTotal>
			<randomWalkRange>	3.000000	</randomWalkRange>
			<patrolList>	</patrolList>
			<patrolPathNode>	</patrolPathNode>
		</properties>
	</entity_22>
	<entity_23>
		<type>	SpawnPointCopy	</type>
		<transform>
			<row0>	0.499997 0.000000 0.866018	</row0>
			<row1>	0.000000 0.999999 0.000000	</row1>
			<row2>	-0.866018 0.000000 0.499997	</row2>
			<row3>	-54.700962 -12.423826 57.579395	</row3>
		</transform>
		<clientOnly>	false	</clientOnly>
		<properties>
			<entityName>	20712012	</entityName>
			<rediviousTime>	60.000000	</rediviousTime>
			<rediviousTotal>	1	</rediviousTotal>
			<randomWalkRange>	3.000000	</randomWalkRange>
			<patrolList>	</patrolList>
			<patrolPathNode>	</patrolPathNode>
		</properties>
	</entity_23>
	<entity_24>
		<type>	SpawnPointCopy	</type>
		<transform>
			<row0>	0.000001 0.000000 0.999992	</row0>
			<row1>	0.000000 0.999999 0.000000	</row1>
			<row2>	-0.999992 0.000000 0.000001	</row2>
			<row3>	-31.379349 -11.533201 6.476823	</row3>
		</transform>
		<clientOnly>	false	</clientOnly>
		<properties>
			<entityName>	20712012	</entityName>
			<rediviousTime>	60.000000	</rediviousTime>
			<rediviousTotal>	1	</rediviousTotal>
			<randomWalkRange>	3.000000	</randomWalkRange>
			<patrolList>	</patrolList>
			<patrolPathNode>	</patrolPathNode>
		</properties>
	</entity_24>
	<entity_25>
		<type>	SpawnPointCopy	</type>
		<transform>
			<row0>	-0.499995 0.000000 0.866019	</row0>
			<row1>	0.000000 0.999999 0.000000	</row1>
			<row2>	-0.866019 0.000000 -0.499995	</row2>
			<row3>	-33.274399 -11.474607 2.603651	</row3>
		</transform>
		<clientOnly>	false	</clientOnly>
		<properties>
			<entityName>	20712012	</entityName>
			<rediviousTime>	60.000000	</rediviousTime>
			<rediviousTotal>	1	</rediviousTotal>
			<randomWalkRange>	3.000000	</randomWalkRange>
			<patrolList>	</patrolList>
			<patrolPathNode>	</patrolPathNode>
		</properties>
	</entity_25>
	<entity_26>
		<type>	SpawnPointCopy	</type>
		<transform>
			<row0>	-0.707100 0.000000 0.707102	</row0>
			<row1>	0.000000 0.999999 0.000000	</row1>
			<row2>	-0.707102 0.000000 -0.707100	</row2>
			<row3>	-28.578705 -11.958982 0.586983	</row3>
		</transform>
		<clientOnly>	false	</clientOnly>
		<properties>
			<entityName>	20712012	</entityName>
			<rediviousTime>	60.000000	</rediviousTime>
			<rediviousTotal>	1	</rediviousTotal>
			<randomWalkRange>	3.000000	</randomWalkRange>
			<patrolList>	</patrolList>
			<patrolPathNode>	</patrolPathNode>
		</properties>
	</entity_26>
	<entity_27>
		<type>	SpawnPointCopy	</type>
		<transform>
			<row0>	-0.866017 0.000000 0.499997	</row0>
			<row1>	0.000000 0.999999 0.000000	</row1>
			<row2>	-0.499997 0.000000 -0.866017	</row2>
			<row3>	-36.389702 -11.234373 8.777204	</row3>
		</transform>
		<clientOnly>	false	</clientOnly>
		<properties>
			<entityName>	20712012	</entityName>
			<rediviousTime>	60.000000	</rediviousTime>
			<rediviousTotal>	1	</rediviousTotal>
			<randomWalkRange>	3.000000	</randomWalkRange>
			<patrolList>	</patrolList>
			<patrolPathNode>	</patrolPathNode>
		</properties>
	</entity_27>
	<entity_28>
		<type>	SpawnPointCopy	</type>
		<transform>
			<row0>	-0.707100 0.000000 0.707102	</row0>
			<row1>	0.000000 0.999999 0.000000	</row1>
			<row2>	-0.707102 0.000000 -0.707100	</row2>
			<row3>	-33.349442 -11.263670 14.484538	</row3>
		</transform>
		<clientOnly>	false	</clientOnly>
		<properties>
			<entityName>	20712012	</entityName>
			<rediviousTime>	60.000000	</rediviousTime>
			<rediviousTotal>	1	</rediviousTotal>
			<randomWalkRange>	3.000000	</randomWalkRange>
			<patrolList>	</patrolList>
			<patrolPathNode>	</patrolPathNode>
		</properties>
	</entity_28>
	<entity_29>
		<type>	SpawnPointCopy	</type>
		<transform>
			<row0>	-0.258816 0.000000 0.965918	</row0>
			<row1>	0.000000 0.999999 0.000000	</row1>
			<row2>	-0.965918 0.000000 -0.258816	</row2>
			<row3>	-31.362617 -11.412107 10.644394	</row3>
		</transform>
		<clientOnly>	false	</clientOnly>
		<properties>
			<entityName>	20712012	</entityName>
			<rediviousTime>	60.000000	</rediviousTime>
			<rediviousTotal>	1	</rediviousTotal>
			<randomWalkRange>	3.000000	</randomWalkRange>
			<patrolList>	</patrolList>
			<patrolPathNode>	</patrolPathNode>
		</properties>
	</entity_29>
	<entity_30>
		<type>	SpawnPointCopy	</type>
		<transform>
			<row0>	-0.258816 0.000000 0.965918	</row0>
			<row1>	0.000000 0.999999 0.000000	</row1>
			<row2>	-0.965918 0.000000 -0.258816	</row2>
			<row3>	-25.766174 -12.041015 7.455358	</row3>
		</transform>
		<clientOnly>	false	</clientOnly>
		<properties>
			<entityName>	20712012	</entityName>
			<rediviousTime>	60.000000	</rediviousTime>
			<rediviousTotal>	1	</rediviousTotal>
			<randomWalkRange>	3.000000	</randomWalkRange>
			<patrolList>	</patrolList>
			<patrolPathNode>	</patrolPathNode>
		</properties>
	</entity_30>
	<entity_31>
		<type>	SpawnPointCopy	</type>
		<transform>
			<row0>	-0.499995 0.000000 0.866018	</row0>
			<row1>	0.000000 0.999999 0.000000	</row1>
			<row2>	-0.866018 0.000000 -0.499995	</row2>
			<row3>	-28.165062 -11.443357 14.582150	</row3>
		</transform>
		<clientOnly>	false	</clientOnly>
		<properties>
			<entityName>	20712012	</entityName>
			<rediviousTime>	60.000000	</rediviousTime>
			<rediviousTotal>	1	</rediviousTotal>
			<randomWalkRange>	3.000000	</randomWalkRange>
			<patrolList>	</patrolList>
			<patrolPathNode>	</patrolPathNode>
		</properties>
	</entity_31>
	<entity_32>
		<type>	SpawnPointCopy	</type>
		<transform>
			<row0>	-0.707106 0.000000 -0.707104	</row0>
			<row1>	0.000000 0.999999 0.000000	</row1>
			<row2>	0.707104 0.000000 -0.707106	</row2>
			<row3>	71.485718 -13.460936 -0.549118	</row3>
		</transform>
		<clientOnly>	false	</clientOnly>
		<properties>
			<entityName>	20712012	</entityName>
			<rediviousTime>	60.000000	</rediviousTime>
			<rediviousTotal>	1	</rediviousTotal>
			<randomWalkRange>	3.000000	</randomWalkRange>
			<patrolList>	</patrolList>
			<patrolPathNode>	</patrolPathNode>
		</properties>
	</entity_32>
	<entity_33>
		<type>	SpawnPointCopy	</type>
		<transform>
			<row0>	0.258817 0.000000 -0.965924	</row0>
			<row1>	0.000000 0.999999 0.000000	</row1>
			<row2>	0.965924 0.000000 0.258817	</row2>
			<row3>	77.085754 -12.248045 -4.216316	</row3>
		</transform>
		<clientOnly>	false	</clientOnly>
		<properties>
			<entityName>	20712012	</entityName>
			<rediviousTime>	60.000000	</rediviousTime>
			<rediviousTotal>	1	</rediviousTotal>
			<randomWalkRange>	3.000000	</randomWalkRange>
			<patrolList>	</patrolList>
			<patrolPathNode>	</patrolPathNode>
		</properties>
	</entity_33>
	<entity_34>
		<type>	SpawnPointCopy	</type>
		<transform>
			<row0>	0.866023 0.000000 -0.500000	</row0>
			<row1>	0.000000 0.999999 0.000000	</row1>
			<row2>	0.500000 0.000000 0.866023	</row2>
			<row3>	77.181076 -12.027342 -12.395203	</row3>
		</transform>
		<clientOnly>	false	</clientOnly>
		<properties>
			<entityName>	20712012	</entityName>
			<rediviousTime>	60.000000	</rediviousTime>
			<rediviousTotal>	1	</rediviousTotal>
			<randomWalkRange>	3.000000	</randomWalkRange>
			<patrolList>	</patrolList>
			<patrolPathNode>	</patrolPathNode>
		</properties>
	</entity_34>
	<entity_35>
		<type>	SpawnPointCopy	</type>
		<transform>
			<row0>	0.965924 0.000000 0.258817	</row0>
			<row1>	0.000000 0.999999 0.000000	</row1>
			<row2>	-0.258817 0.000000 0.965924	</row2>
			<row3>	71.711136 -12.880857 -10.310471	</row3>
		</transform>
		<clientOnly>	false	</clientOnly>
		<properties>
			<entityName>	20712012	</entityName>
			<rediviousTime>	60.000000	</rediviousTime>
			<rediviousTotal>	1	</rediviousTotal>
			<randomWalkRange>	3.000000	</randomWalkRange>
			<patrolList>	</patrolList>
			<patrolPathNode>	</patrolPathNode>
		</properties>
	</entity_35>
	<entity_36>
		<type>	SpawnPointCopy	</type>
		<transform>
			<row0>	0.866023 0.000000 -0.500000	</row0>
			<row1>	0.000000 0.999999 0.000000	</row1>
			<row2>	0.500000 0.000000 0.866023	</row2>
			<row3>	83.557091 -11.333983 -5.541786	</row3>
		</transform>
		<clientOnly>	false	</clientOnly>
		<properties>
			<entityName>	20712012	</entityName>
			<rediviousTime>	60.000000	</rediviousTime>
			<rediviousTotal>	1	</rediviousTotal>
			<randomWalkRange>	3.000000	</randomWalkRange>
			<patrolList>	</patrolList>
			<patrolPathNode>	</patrolPathNode>
		</properties>
	</entity_36>
	<entity_37>
		<type>	Flock	</type>
		<transform>
			<row0>	0.999994 0.000000 0.000000	</row0>
			<row1>	0.000000 0.999995 0.000000	</row1>
			<row2>	0.000000 0.000000 0.999994	</row2>
			<row3>	71.654541 -8.833727 -32.326523	</row3>
		</transform>
		<clientOnly>	true	</clientOnly>
		<properties>
			<maxFlightTime>	200.000000	</maxFlightTime>
			<modelFile>	space/tong_yong/dong_wu/dong_wu/ty_hu_die_004.model	</modelFile>
			<amount>	3	</amount>
			<modelScale>	1.000000	</modelScale>
			<radius>	4.000000	</radius>
			<approachRadius>	10.000000	</approachRadius>
			<collisionFraction>	10.000000	</collisionFraction>
			<influenceRadius>	1.000000	</influenceRadius>
			<speed>	0.030000	</speed>
			<stopRadius>	1.000000	</stopRadius>
			<patrolPathNode>	</patrolPathNode>
		</properties>
	</entity_37>
	<entity_38>
		<type>	SpawnPointCopy	</type>
		<transform>
			<row0>	-0.258817 0.000000 0.965923	</row0>
			<row1>	0.000000 0.999999 0.000000	</row1>
			<row2>	-0.965923 0.000000 -0.258817	</row2>
			<row3>	34.235722 -15.136717 37.136227	</row3>
		</transform>
		<clientOnly>	false	</clientOnly>
		<properties>
			<entityName>	20712012	</entityName>
			<rediviousTime>	60.000000	</rediviousTime>
			<rediviousTotal>	1	</rediviousTotal>
			<randomWalkRange>	3.000000	</randomWalkRange>
			<patrolList>	</patrolList>
			<patrolPathNode>	</patrolPathNode>
		</properties>
	</entity_38>
	<entity_39>
		<type>	SpawnPointCopy	</type>
		<transform>
			<row0>	0.866020 0.000000 -0.499997	</row0>
			<row1>	0.000000 0.999999 0.000000	</row1>
			<row2>	0.499997 0.000000 0.866020	</row2>
			<row3>	2.415974 -12.865232 49.656471	</row3>
		</transform>
		<clientOnly>	false	</clientOnly>
		<properties>
			<entityName>	20712012	</entityName>
			<rediviousTime>	60.000000	</rediviousTime>
			<rediviousTotal>	1	</rediviousTotal>
			<randomWalkRange>	3.000000	</randomWalkRange>
			<patrolList>	</patrolList>
			<patrolPathNode>	</patrolPathNode>
		</properties>
	</entity_39>
	<entity_40>
		<type>	SpawnPointCopy	</type>
		<transform>
			<row0>	-0.999996 0.000000 0.000001	</row0>
			<row1>	0.000000 0.999999 0.000000	</row1>
			<row2>	-0.000001 0.000000 -0.999996	</row2>
			<row3>	28.065075 -14.337889 23.047647	</row3>
		</transform>
		<clientOnly>	false	</clientOnly>
		<properties>
			<entityName>	20712012	</entityName>
			<rediviousTime>	60.000000	</rediviousTime>
			<rediviousTotal>	1	</rediviousTotal>
			<randomWalkRange>	3.000000	</randomWalkRange>
			<patrolList>	</patrolList>
			<patrolPathNode>	</patrolPathNode>
		</properties>
	</entity_40>
	<entity_41>
		<type>	SpawnPointCopy	</type>
		<transform>
			<row0>	0.500000 0.000000 0.866022	</row0>
			<row1>	0.000000 0.999999 0.000000	</row1>
			<row2>	-0.866022 0.000000 0.500000	</row2>
			<row3>	33.083820 -15.039061 22.066162	</row3>
		</transform>
		<clientOnly>	false	</clientOnly>
		<properties>
			<entityName>	20712012	</entityName>
			<rediviousTime>	60.000000	</rediviousTime>
			<rediviousTotal>	1	</rediviousTotal>
			<randomWalkRange>	3.000000	</randomWalkRange>
			<patrolList>	</patrolList>
			<patrolPathNode>	</patrolPathNode>
		</properties>
	</entity_41>
	<entity_42>
		<type>	SpawnPointCopy	</type>
		<transform>
			<row0>	-0.965921 0.000000 0.258819	</row0>
			<row1>	0.000000 0.999999 0.000000	</row1>
			<row2>	-0.258819 0.000000 -0.965921	</row2>
			<row3>	31.627909 -15.011717 27.468927	</row3>
		</transform>
		<clientOnly>	false	</clientOnly>
		<properties>
			<entityName>	20712012	</entityName>
			<rediviousTime>	60.000000	</rediviousTime>
			<rediviousTotal>	1	</rediviousTotal>
			<randomWalkRange>	3.000000	</randomWalkRange>
			<patrolList>	</patrolList>
			<patrolPathNode>	</patrolPathNode>
		</properties>
	</entity_42>
	<entity_43>
		<type>	SpawnPointCopy	</type>
		<transform>
			<row0>	-0.707103 0.000000 0.707105	</row0>
			<row1>	0.000000 0.999999 0.000000	</row1>
			<row2>	-0.707105 0.000000 -0.707103	</row2>
			<row3>	31.374817 -14.984373 41.120350	</row3>
		</transform>
		<clientOnly>	false	</clientOnly>
		<properties>
			<entityName>	20712012	</entityName>
			<rediviousTime>	60.000000	</rediviousTime>
			<rediviousTotal>	1	</rediviousTotal>
			<randomWalkRange>	3.000000	</randomWalkRange>
			<patrolList>	</patrolList>
			<patrolPathNode>	</patrolPathNode>
		</properties>
	</entity_43>
	<entity_44>
		<type>	SpawnPointCopy	</type>
		<transform>
			<row0>	-0.707103 0.000000 0.707105	</row0>
			<row1>	0.000000 0.999999 0.000000	</row1>
			<row2>	-0.707105 0.000000 -0.707103	</row2>
			<row3>	29.414021 -14.951170 35.524117	</row3>
		</transform>
		<clientOnly>	false	</clientOnly>
		<properties>
			<entityName>	20712012	</entityName>
			<rediviousTime>	60.000000	</rediviousTime>
			<rediviousTotal>	1	</rediviousTotal>
			<randomWalkRange>	3.000000	</randomWalkRange>
			<patrolList>	</patrolList>
			<patrolPathNode>	</patrolPathNode>
		</properties>
	</entity_44>
	<entity_45>
		<type>	SpawnPointCopy	</type>
		<transform>
			<row0>	-0.707103 0.000000 0.707105	</row0>
			<row1>	0.000000 0.999999 0.000000	</row1>
			<row2>	-0.707105 0.000000 -0.707103	</row2>
			<row3>	27.350096 -14.732420 40.006153	</row3>
		</transform>
		<clientOnly>	false	</clientOnly>
		<properties>
			<entityName>	20712012	</entityName>
			<rediviousTime>	60.000000	</rediviousTime>
			<rediviousTotal>	1	</rediviousTotal>
			<randomWalkRange>	3.000000	</randomWalkRange>
			<patrolList>	</patrolList>
			<patrolPathNode>	</patrolPathNode>
		</properties>
	</entity_45>
	<entity_46>
		<type>	SpawnPointCopy	</type>
		<transform>
			<row0>	0.965924 0.000000 0.258817	</row0>
			<row1>	0.000000 0.999999 0.000000	</row1>
			<row2>	-0.258817 0.000000 0.965924	</row2>
			<row3>	86.021370 -10.806639 2.554302	</row3>
		</transform>
		<clientOnly>	false	</clientOnly>
		<properties>
			<entityName>	20712012	</entityName>
			<rediviousTime>	60.000000	</rediviousTime>
			<rediviousTotal>	1	</rediviousTotal>
			<randomWalkRange>	3.000000	</randomWalkRange>
			<patrolList>	</patrolList>
			<patrolPathNode>	</patrolPathNode>
		</properties>
	</entity_46>
	<entity_47>
		<type>	SpawnPointCopy	</type>
		<transform>
			<row0>	0.866022 0.000000 -0.500000	</row0>
			<row1>	0.000000 0.999999 0.000000	</row1>
			<row2>	0.500000 0.000000 0.866022	</row2>
			<row3>	79.639893 -11.822264 0.377090	</row3>
		</transform>
		<clientOnly>	false	</clientOnly>
		<properties>
			<entityName>	20712012	</entityName>
			<rediviousTime>	60.000000	</rediviousTime>
			<rediviousTotal>	1	</rediviousTotal>
			<randomWalkRange>	3.000000	</randomWalkRange>
			<patrolList>	</patrolList>
			<patrolPathNode>	</patrolPathNode>
		</properties>
	</entity_47>
	<entity_48>
		<type>	Flock	</type>
		<transform>
			<row0>	0.999994 0.000000 0.000000	</row0>
			<row1>	0.000000 0.999995 0.000000	</row1>
			<row2>	0.000000 0.000000 0.999994	</row2>
			<row3>	90.370010 -10.201432 90.419037	</row3>
		</transform>
		<clientOnly>	true	</clientOnly>
		<properties>
			<maxFlightTime>	200.000000	</maxFlightTime>
			<modelFile>	space/tong_yong/dong_wu/dong_wu/ty_hu_die_004.model	</modelFile>
			<amount>	3	</amount>
			<modelScale>	1.000000	</modelScale>
			<radius>	4.000000	</radius>
			<approachRadius>	10.000000	</approachRadius>
			<collisionFraction>	10.000000	</collisionFraction>
			<influenceRadius>	1.000000	</influenceRadius>
			<speed>	0.030000	</speed>
			<stopRadius>	1.000000	</stopRadius>
			<patrolPathNode>	</patrolPathNode>
		</properties>
	</entity_48>
	<entity_49>
		<type>	Flock	</type>
		<transform>
			<row0>	0.999994 0.000000 0.000000	</row0>
			<row1>	0.000000 0.999995 0.000000	</row1>
			<row2>	0.000000 0.000000 0.999994	</row2>
			<row3>	2.873466 -8.479504 38.561375	</row3>
		</transform>
		<clientOnly>	true	</clientOnly>
		<properties>
			<maxFlightTime>	200.000000	</maxFlightTime>
			<modelFile>	space/tong_yong/dong_wu/dong_wu/ty_hu_die_004.model	</modelFile>
			<amount>	5	</amount>
			<modelScale>	1.000000	</modelScale>
			<radius>	4.000000	</radius>
			<approachRadius>	10.000000	</approachRadius>
			<collisionFraction>	10.000000	</collisionFraction>
			<influenceRadius>	1.000000	</influenceRadius>
			<speed>	0.030000	</speed>
			<stopRadius>	1.000000	</stopRadius>
			<patrolPathNode>	</patrolPathNode>
		</properties>
	</entity_49>
	<entity_50>
		<type>	SpawnPointCopy	</type>
		<transform>
			<row0>	0.999999 0.000000 0.000000	</row0>
			<row1>	0.000000 0.999999 0.000000	</row1>
			<row2>	0.000000 0.000000 0.999999	</row2>
			<row3>	188.237946 1.765625 -33.680008	</row3>
		</transform>
		<clientOnly>	false	</clientOnly>
		<properties>
			<entityName>	20352007	</entityName>
			<rediviousTime>	60.000000	</rediviousTime>
			<rediviousTotal>	1	</rediviousTotal>
			<randomWalkRange>	3.000000	</randomWalkRange>
			<patrolList>	830EA9A0.4107ED54.86697CA8.3F4A00CD	</patrolList>
			<patrolPathNode>	75CDF335.4F57F431.E242B986.6B990160	</patrolPathNode>
		</properties>
	</entity_50>
	<entity_51>
		<type>	SpawnPointCopy	</type>
		<transform>
			<row0>	0.707106 0.000000 0.707106	</row0>
			<row1>	0.000000 0.999999 0.000000	</row1>
			<row2>	-0.707106 0.000000 0.707106	</row2>
			<row3>	180.969162 0.556641 -9.079521	</row3>
		</transform>
		<clientOnly>	false	</clientOnly>
		<properties>
			<entityName>	20712012	</entityName>
			<rediviousTime>	60.000000	</rediviousTime>
			<rediviousTotal>	1	</rediviousTotal>
			<randomWalkRange>	3.000000	</randomWalkRange>
			<patrolList>	</patrolList>
			<patrolPathNode>	</patrolPathNode>
		</properties>
	</entity_51>
	<entity_52>
		<type>	SpawnPointCopy	</type>
		<transform>
			<row0>	0.258819 0.000000 0.965925	</row0>
			<row1>	0.000000 0.999999 0.000000	</row1>
			<row2>	-0.965925 0.000000 0.258819	</row2>
			<row3>	192.363007 1.003906 -2.607513	</row3>
		</transform>
		<clientOnly>	false	</clientOnly>
		<properties>
			<entityName>	20712012	</entityName>
			<rediviousTime>	60.000000	</rediviousTime>
			<rediviousTotal>	1	</rediviousTotal>
			<randomWalkRange>	3.000000	</randomWalkRange>
			<patrolList>	</patrolList>
			<patrolPathNode>	</patrolPathNode>
		</properties>
	</entity_52>
	<entity_53>
		<type>	SpawnPointCopy	</type>
		<transform>
			<row0>	-0.258819 0.000000 0.965924	</row0>
			<row1>	0.000000 0.999999 0.000000	</row1>
			<row2>	-0.965924 0.000000 -0.258819	</row2>
			<row3>	185.085144 0.507812 -1.453056	</row3>
		</transform>
		<clientOnly>	false	</clientOnly>
		<properties>
			<entityName>	20712012	</entityName>
			<rediviousTime>	60.000000	</rediviousTime>
			<rediviousTotal>	1	</rediviousTotal>
			<randomWalkRange>	3.000000	</randomWalkRange>
			<patrolList>	</patrolList>
			<patrolPathNode>	</patrolPathNode>
		</properties>
	</entity_53>
	<entity_54>
		<type>	SpawnPointCopy	</type>
		<transform>
			<row0>	-0.707106 0.000000 0.707105	</row0>
			<row1>	0.000000 0.999999 0.000000	</row1>
			<row2>	-0.707105 0.000000 -0.707106	</row2>
			<row3>	179.126251 0.128906 -2.409302	</row3>
		</transform>
		<clientOnly>	false	</clientOnly>
		<properties>
			<entityName>	20712012	</entityName>
			<rediviousTime>	60.000000	</rediviousTime>
			<rediviousTotal>	1	</rediviousTotal>
			<randomWalkRange>	3.000000	</randomWalkRange>
			<patrolList>	</patrolList>
			<patrolPathNode>	</patrolPathNode>
		</properties>
	</entity_54>
	<entity_55>
		<type>	SpawnPointCopy	</type>
		<transform>
			<row0>	-0.965923 0.000000 0.258818	</row0>
			<row1>	0.000000 0.999999 0.000000	</row1>
			<row2>	-0.258818 0.000000 -0.965923	</row2>
			<row3>	195.466415 1.148437 -1.136642	</row3>
		</transform>
		<clientOnly>	false	</clientOnly>
		<properties>
			<entityName>	20712012	</entityName>
			<rediviousTime>	60.000000	</rediviousTime>
			<rediviousTotal>	1	</rediviousTotal>
			<randomWalkRange>	3.000000	</randomWalkRange>
			<patrolList>	</patrolList>
			<patrolPathNode>	</patrolPathNode>
		</properties>
	</entity_55>
	<entity_56>
		<type>	Flock	</type>
		<transform>
			<row0>	0.999998 0.000000 0.000000	</row0>
			<row1>	0.000000 0.999998 0.000000	</row1>
			<row2>	0.000000 0.000000 0.999998	</row2>
			<row3>	177.166870 19.854340 -48.953434	</row3>
		</transform>
		<clientOnly>	true	</clientOnly>
		<properties>
			<maxFlightTime>	200.000000	</maxFlightTime>
			<modelFile>	space/tong_yong/dong_wu/dong_wu/ty_niao_003.model	</modelFile>
			<amount>	3	</amount>
			<modelScale>	1.000000	</modelScale>
			<radius>	25.000000	</radius>
			<approachRadius>	10.000000	</approachRadius>
			<collisionFraction>	0.500000	</collisionFraction>
			<influenceRadius>	10.000000	</influenceRadius>
			<speed>	0.500000	</speed>
			<stopRadius>	1.000000	</stopRadius>
			<patrolPathNode>	</patrolPathNode>
		</properties>
	</entity_56>
	<entity_57>
		<type>	NPCSpawnPoint	</type>
		<transform>
			<row0>	0.000000 0.000000 0.999996	</row0>
			<row1>	0.000000 0.999996 0.000000	</row1>
			<row2>	-0.999996 0.000000 0.000000	</row2>
			<row3>	196.528091 0.175781 -51.099201	</row3>
		</transform>
		<clientOnly>	false	</clientOnly>
		<properties>
			<entityName>	10111320	</entityName>
			<rediviousTime>	60.000000	</rediviousTime>
			<rediviousTotal>	1	</rediviousTotal>
			<randomWalkRange>	3.000000	</randomWalkRange>
			<patrolList>	</patrolList>
			<lineNumber>	0	</lineNumber>
			<patrolPathNode>	</patrolPathNode>
		</properties>
	</entity_57>
	<entity_58>
		<type>	SpawnPointCopy	</type>
		<transform>
			<row0>	-0.999998 0.000000 0.000001	</row0>
			<row1>	0.000000 0.999999 0.000000	</row1>
			<row2>	-0.000001 0.000000 -0.999998	</row2>
			<row3>	143.169113 -4.138671 13.900152	</row3>
		</transform>
		<clientOnly>	false	</clientOnly>
		<properties>
			<entityName>	20712012	</entityName>
			<rediviousTime>	60.000000	</rediviousTime>
			<rediviousTotal>	1	</rediviousTotal>
			<randomWalkRange>	3.000000	</randomWalkRange>
			<patrolList>	</patrolList>
			<patrolPathNode>	</patrolPathNode>
		</properties>
	</entity_58>
	<entity_59>
		<type>	SpawnPointCopy	</type>
		<transform>
			<row0>	-0.965924 0.000000 0.258818	</row0>
			<row1>	0.000000 0.999999 0.000000	</row1>
			<row2>	-0.258818 0.000000 -0.965924	</row2>
			<row3>	187.519501 0.009766 6.043008	</row3>
		</transform>
		<clientOnly>	false	</clientOnly>
		<properties>
			<entityName>	20712012	</entityName>
			<rediviousTime>	60.000000	</rediviousTime>
			<rediviousTotal>	1	</rediviousTotal>
			<randomWalkRange>	3.000000	</randomWalkRange>
			<patrolList>	</patrolList>
			<patrolPathNode>	</patrolPathNode>
		</properties>
	</entity_59>
	<entity_60>
		<type>	SpawnPointCopy	</type>
		<transform>
			<row0>	-0.866023 0.000000 -0.499999	</row0>
			<row1>	0.000000 0.999999 0.000000	</row1>
			<row2>	0.499999 0.000000 -0.866023	</row2>
			<row3>	179.756805 -0.248047 4.730973	</row3>
		</transform>
		<clientOnly>	false	</clientOnly>
		<properties>
			<entityName>	20712012	</entityName>
			<rediviousTime>	60.000000	</rediviousTime>
			<rediviousTotal>	1	</rediviousTotal>
			<randomWalkRange>	3.000000	</randomWalkRange>
			<patrolList>	</patrolList>
			<patrolPathNode>	</patrolPathNode>
		</properties>
	</entity_60>
	<entity_61>
		<type>	SpawnPointCopy	</type>
		<transform>
			<row0>	-0.499999 0.000000 0.866024	</row0>
			<row1>	0.000000 0.999999 0.000000	</row1>
			<row2>	-0.866024 0.000000 -0.499999	</row2>
			<row3>	153.425339 -3.296875 17.686069	</row3>
		</transform>
		<clientOnly>	false	</clientOnly>
		<properties>
			<entityName>	20712012	</entityName>
			<rediviousTime>	60.000000	</rediviousTime>
			<rediviousTotal>	1	</rediviousTotal>
			<randomWalkRange>	3.000000	</randomWalkRange>
			<patrolList>	</patrolList>
			<patrolPathNode>	</patrolPathNode>
		</properties>
	</entity_61>
	<entity_62>
		<type>	SpawnPointCopy	</type>
		<transform>
			<row0>	0.000000 0.000000 0.999998	</row0>
			<row1>	0.000000 0.999999 0.000000	</row1>
			<row2>	-0.999998 0.000000 0.000000	</row2>
			<row3>	145.284805 -3.876953 23.204830	</row3>
		</transform>
		<clientOnly>	false	</clientOnly>
		<properties>
			<entityName>	20712012	</entityName>
			<rediviousTime>	60.000000	</rediviousTime>
			<rediviousTotal>	1	</rediviousTotal>
			<randomWalkRange>	3.000000	</randomWalkRange>
			<patrolList>	</patrolList>
			<patrolPathNode>	</patrolPathNode>
		</properties>
	</entity_62>
	<entity_63>
		<type>	SpawnPointCopy	</type>
		<transform>
			<row0>	0.258818 0.000000 0.965924	</row0>
			<row1>	0.000000 0.999999 0.000000	</row1>
			<row2>	-0.965924 0.000000 0.258818	</row2>
			<row3>	137.696365 -4.761718 23.051804	</row3>
		</transform>
		<clientOnly>	false	</clientOnly>
		<properties>
			<entityName>	20712012	</entityName>
			<rediviousTime>	60.000000	</rediviousTime>
			<rediviousTotal>	1	</rediviousTotal>
			<randomWalkRange>	3.000000	</randomWalkRange>
			<patrolList>	</patrolList>
			<patrolPathNode>	</patrolPathNode>
		</properties>
	</entity_63>
	<entity_64>
		<type>	SpawnPointCopy	</type>
		<transform>
			<row0>	0.707105 0.000000 0.707106	</row0>
			<row1>	0.000000 0.999999 0.000000	</row1>
			<row2>	-0.707106 0.000000 0.707105	</row2>
			<row3>	136.376877 -4.914062 16.507618	</row3>
		</transform>
		<clientOnly>	false	</clientOnly>
		<properties>
			<entityName>	20712012	</entityName>
			<rediviousTime>	60.000000	</rediviousTime>
			<rediviousTotal>	1	</rediviousTotal>
			<randomWalkRange>	3.000000	</randomWalkRange>
			<patrolList>	</patrolList>
			<patrolPathNode>	</patrolPathNode>
		</properties>
	</entity_64>
	<entity_65>
		<type>	SpawnPointCopy	</type>
		<transform>
			<row0>	0.499998 0.000000 0.866024	</row0>
			<row1>	0.000000 0.999999 0.000000	</row1>
			<row2>	-0.866024 0.000000 0.499998	</row2>
			<row3>	145.466293 -3.968750 19.408310	</row3>
		</transform>
		<clientOnly>	false	</clientOnly>
		<properties>
			<entityName>	20712012	</entityName>
			<rediviousTime>	60.000000	</rediviousTime>
			<rediviousTotal>	1	</rediviousTotal>
			<randomWalkRange>	3.000000	</randomWalkRange>
			<patrolList>	</patrolList>
			<patrolPathNode>	</patrolPathNode>
		</properties>
	</entity_65>
	<entity_66>
		<type>	SpawnPointCopy	</type>
		<transform>
			<row0>	-0.707105 0.000000 0.707106	</row0>
			<row1>	0.000000 0.999999 0.000000	</row1>
			<row2>	-0.707106 0.000000 -0.707105	</row2>
			<row3>	152.186401 -3.220703 22.551022	</row3>
		</transform>
		<clientOnly>	false	</clientOnly>
		<properties>
			<entityName>	20712012	</entityName>
			<rediviousTime>	60.000000	</rediviousTime>
			<rediviousTotal>	1	</rediviousTotal>
			<randomWalkRange>	3.000000	</randomWalkRange>
