<root>
	<entity_1>
		<type>	MonsterSpawnPoint	</type>
		<transform>
			<row0>	-0.965916 0.000000 0.258815	</row0>
			<row1>	0.000000 0.999995 0.000000	</row1>
			<row2>	-0.258815 0.000000 -0.965916	</row2>
			<row3>	-48.788654 0.220703 -33.975845	</row3>
		</transform>
		<clientOnly>	false	</clientOnly>
		<properties>
			<entityName>	20731006	</entityName>
			<rediviousTime>	15.000000	</rediviousTime>
			<rediviousTotal>	1	</rediviousTotal>
			<randomWalkRange>	3.000000	</randomWalkRange>
			<patrolList>	</patrolList>
			<lineNumber>	0	</lineNumber>
			<patrolPathNode>	</patrolPathNode>
		</properties>
	</entity_1>
	<entity_2>
		<type>	MonsterSpawnPoint	</type>
		<transform>
			<row0>	0.499993 0.000000 0.866016	</row0>
			<row1>	0.000000 0.999993 0.000000	</row1>
			<row2>	-0.866016 0.000000 0.499993	</row2>
			<row3>	-78.465889 -3.470703 -15.312210	</row3>
		</transform>
		<clientOnly>	false	</clientOnly>
		<properties>
			<entityName>	20711011	</entityName>
			<rediviousTime>	15.000000	</rediviousTime>
			<rediviousTotal>	1	</rediviousTotal>
			<randomWalkRange>	3.000000	</randomWalkRange>
			<patrolList>	</patrolList>
			<lineNumber>	0	</lineNumber>
			<patrolPathNode>	</patrolPathNode>
		</properties>
	</entity_2>
	<entity_3>
		<type>	MonsterSpawnPoint	</type>
		<transform>
			<row0>	0.707099 0.000000 -0.707097	</row0>
			<row1>	0.000000 0.999994 0.000000	</row1>
			<row2>	0.707097 0.000000 0.707099	</row2>
			<row3>	-57.641247 -3.472656 -12.350861	</row3>
		</transform>
		<clientOnly>	false	</clientOnly>
		<properties>
			<entityName>	20711011	</entityName>
			<rediviousTime>	15.000000	</rediviousTime>
			<rediviousTotal>	1	</rediviousTotal>
			<randomWalkRange>	3.000000	</randomWalkRange>
			<patrolList>	</patrolList>
			<lineNumber>	0	</lineNumber>
			<patrolPathNode>	</patrolPathNode>
		</properties>
	</entity_3>
	<entity_4>
		<type>	MonsterSpawnPoint	</type>
		<transform>
			<row0>	0.999987 0.000000 0.000001	</row0>
			<row1>	0.000000 0.999994 0.000000	</row1>
			<row2>	-0.000001 0.000000 0.999987	</row2>
			<row3>	-50.317104 -3.482421 -7.163818	</row3>
		</transform>
		<clientOnly>	false	</clientOnly>
		<properties>
			<entityName>	20711011	</entityName>
			<rediviousTime>	15.000000	</rediviousTime>
			<rediviousTotal>	1	</rediviousTotal>
			<randomWalkRange>	3.000000	</randomWalkRange>
			<patrolList>	</patrolList>
			<lineNumber>	0	</lineNumber>
			<patrolPathNode>	</patrolPathNode>
		</properties>
	</entity_4>
	<entity_5>
		<type>	MonsterSpawnPoint	</type>
		<transform>
			<row0>	-0.965912 0.000000 -0.258816	</row0>
			<row1>	0.000000 0.999993 0.000000	</row1>
			<row2>	0.258816 0.000000 -0.965912	</row2>
			<row3>	-62.112728 -3.470703 -1.565956	</row3>
		</transform>
		<clientOnly>	false	</clientOnly>
		<properties>
			<entityName>	20711011	</entityName>
			<rediviousTime>	15.000000	</rediviousTime>
			<rediviousTotal>	1	</rediviousTotal>
			<randomWalkRange>	3.000000	</randomWalkRange>
			<patrolList>	</patrolList>
			<lineNumber>	0	</lineNumber>
			<patrolPathNode>	</patrolPathNode>
		</properties>
	</entity_5>
	<entity_6>
		<type>	MonsterSpawnPoint	</type>
		<transform>
			<row0>	0.000000 0.000000 0.999999	</row0>
			<row1>	0.000000 0.999999 0.000000	</row1>
			<row2>	-0.999999 0.000000 0.000000	</row2>
			<row3>	-42.475777 0.021484 -75.318901	</row3>
		</transform>
		<clientOnly>	false	</clientOnly>
		<properties>
			<entityName>	20731006	</entityName>
			<rediviousTime>	15.000000	</rediviousTime>
			<rediviousTotal>	1	</rediviousTotal>
			<randomWalkRange>	3.000000	</randomWalkRange>
			<patrolList>	</patrolList>
			<lineNumber>	0	</lineNumber>
			<patrolPathNode>	</patrolPathNode>
		</properties>
	</entity_6>
	<entity_7>
		<type>	MonsterSpawnPoint	</type>
		<transform>
			<row0>	-0.707105 0.000000 -0.707105	</row0>
			<row1>	0.000000 0.999997 0.000000	</row1>
			<row2>	0.707105 0.000000 -0.707105	</row2>
			<row3>	-25.027504 1.785156 -62.396645	</row3>
		</transform>
		<clientOnly>	false	</clientOnly>
		<properties>
			<entityName>	20731006	</entityName>
			<rediviousTime>	15.000000	</rediviousTime>
			<rediviousTotal>	1	</rediviousTotal>
			<randomWalkRange>	3.000000	</randomWalkRange>
			<patrolList>	</patrolList>
			<lineNumber>	0	</lineNumber>
			<patrolPathNode>	</patrolPathNode>
		</properties>
	</entity_7>
	<entity_8>
		<type>	MonsterSpawnPoint	</type>
		<transform>
			<row0>	0.499997 0.000000 -0.866018	</row0>
			<row1>	0.000000 0.999995 0.000000	</row1>
			<row2>	0.866018 0.000000 0.499997	</row2>
			<row3>	-2.320198 1.619140 -35.456894	</row3>
		</transform>
		<clientOnly>	false	</clientOnly>
		<properties>
			<entityName>	20731006	</entityName>
			<rediviousTime>	15.000000	</rediviousTime>
			<rediviousTotal>	1	</rediviousTotal>
			<randomWalkRange>	3.000000	</randomWalkRange>
			<patrolList>	</patrolList>
			<lineNumber>	0	</lineNumber>
			<patrolPathNode>	</patrolPathNode>
		</properties>
	</entity_8>
	<entity_9>
		<type>	MonsterSpawnPoint	</type>
		<transform>
			<row0>	0.965918 0.000000 -0.258816	</row0>
			<row1>	0.000000 0.999995 0.000000	</row1>
			<row2>	0.258816 0.000000 0.965918	</row2>
			<row3>	-16.395226 2.218750 -6.044228	</row3>
		</transform>
		<clientOnly>	false	</clientOnly>
		<properties>
			<entityName>	20731006	</entityName>
			<rediviousTime>	15.000000	</rediviousTime>
			<rediviousTotal>	1	</rediviousTotal>
			<randomWalkRange>	3.000000	</randomWalkRange>
			<patrolList>	</patrolList>
			<lineNumber>	0	</lineNumber>
			<patrolPathNode>	</patrolPathNode>
		</properties>
	</entity_9>
	<entity_10>
		<type>	MonsterSpawnPoint	</type>
		<transform>
			<row0>	-0.499999 0.000000 0.866024	</row0>
			<row1>	0.000000 0.999999 0.000000	</row1>
			<row2>	-0.866024 0.000000 -0.499999	</row2>
			<row3>	-59.237217 1.195312 -63.997307	</row3>
		</transform>
		<clientOnly>	false	</clientOnly>
		<properties>
			<entityName>	20731006	</entityName>
			<rediviousTime>	15.000000	</rediviousTime>
			<rediviousTotal>	1	</rediviousTotal>
			<randomWalkRange>	3.000000	</randomWalkRange>
			<patrolList>	</patrolList>
			<lineNumber>	0	</lineNumber>
			<patrolPathNode>	</patrolPathNode>
		</properties>
	</entity_10>
	<entity_11>
		<type>	MonsterSpawnPoint	</type>
		<transform>
			<row0>	-0.866024 0.000000 0.499999	</row0>
			<row1>	0.000000 0.999999 0.000000	</row1>
			<row2>	-0.499999 0.000000 -0.866024	</row2>
			<row3>	-59.257385 1.333984 -47.511429	</row3>
		</transform>
		<clientOnly>	false	</clientOnly>
		<properties>
			<entityName>	20731006	</entityName>
			<rediviousTime>	15.000000	</rediviousTime>
			<rediviousTotal>	1	</rediviousTotal>
			<randomWalkRange>	3.000000	</randomWalkRange>
			<patrolList>	</patrolList>
			<lineNumber>	0	</lineNumber>
			<patrolPathNode>	</patrolPathNode>
		</properties>
	</entity_11>
	<entity_12>
		<type>	MonsterSpawnPoint	</type>
		<transform>
			<row0>	-0.499996 0.000000 0.866016	</row0>
			<row1>	0.000000 0.999995 0.000000	</row1>
			<row2>	-0.866016 0.000000 -0.499996	</row2>
			<row3>	-36.404743 0.150391 -17.986099	</row3>
		</transform>
		<clientOnly>	false	</clientOnly>
		<properties>
			<entityName>	20731006	</entityName>
			<rediviousTime>	15.000000	</rediviousTime>
			<rediviousTotal>	1	</rediviousTotal>
			<randomWalkRange>	3.000000	</randomWalkRange>
			<patrolList>	</patrolList>
			<lineNumber>	0	</lineNumber>
			<patrolPathNode>	</patrolPathNode>
		</properties>
	</entity_12>
	<entity_13>
		<type>	MonsterSpawnPoint	</type>
		<transform>
			<row0>	-0.866016 0.000000 0.499993	</row0>
			<row1>	0.000000 0.999994 0.000000	</row1>
			<row2>	-0.499993 0.000000 -0.866016	</row2>
			<row3>	-15.946938 1.644531 -49.451542	</row3>
		</transform>
		<clientOnly>	false	</clientOnly>
		<properties>
			<entityName>	20731006	</entityName>
			<rediviousTime>	15.000000	</rediviousTime>
			<rediviousTotal>	1	</rediviousTotal>
			<randomWalkRange>	3.000000	</randomWalkRange>
			<patrolList>	</patrolList>
			<lineNumber>	0	</lineNumber>
			<patrolPathNode>	</patrolPathNode>
		</properties>
	</entity_13>
	<entity_14>
		<type>	MonsterSpawnPoint	</type>
		<transform>
			<row0>	0.000000 0.000000 0.999997	</row0>
			<row1>	0.000000 0.999997 0.000000	</row1>
			<row2>	-0.999997 0.000000 0.000000	</row2>
			<row3>	-15.210938 0.537109 -70.805061	</row3>
		</transform>
		<clientOnly>	false	</clientOnly>
		<properties>
			<entityName>	20731006	</entityName>
			<rediviousTime>	15.000000	</rediviousTime>
			<rediviousTotal>	1	</rediviousTotal>
			<randomWalkRange>	3.000000	</randomWalkRange>
			<patrolList>	</patrolList>
			<lineNumber>	0	</lineNumber>
			<patrolPathNode>	</patrolPathNode>
		</properties>
	</entity_14>
	<entity_15>
		<type>	MonsterSpawnPoint	</type>
		<transform>
			<row0>	-0.999998 0.000000 0.000000	</row0>
			<row1>	0.000000 0.999998 0.000000	</row1>
			<row2>	0.000000 0.000000 -0.999998	</row2>
			<row3>	-6.622826 1.408203 -70.236656	</row3>
		</transform>
		<clientOnly>	false	</clientOnly>
		<properties>
			<entityName>	20731006	</entityName>
			<rediviousTime>	15.000000	</rediviousTime>
			<rediviousTotal>	1	</rediviousTotal>
			<randomWalkRange>	3.000000	</randomWalkRange>
			<patrolList>	</patrolList>
			<lineNumber>	0	</lineNumber>
			<patrolPathNode>	</patrolPathNode>
		</properties>
	</entity_15>
	<entity_16>
		<type>	MonsterSpawnPoint	</type>
		<transform>
			<row0>	-0.866023 0.000000 0.499999	</row0>
			<row1>	0.000000 0.999999 0.000000	</row1>
			<row2>	-0.499999 0.000000 -0.866023	</row2>
			<row3>	-67.247604 0.730469 -71.826286	</row3>
		</transform>
		<clientOnly>	false	</clientOnly>
		<properties>
			<entityName>	20731006	</entityName>
			<rediviousTime>	15.000000	</rediviousTime>
			<rediviousTotal>	1	</rediviousTotal>
			<randomWalkRange>	3.000000	</randomWalkRange>
			<patrolList>	</patrolList>
			<lineNumber>	0	</lineNumber>
			<patrolPathNode>	</patrolPathNode>
		</properties>
	</entity_16>
	<entity_17>
		<type>	SpaceDoor	</type>
		<transform>
			<row0>	0.707106 0.000000 -0.707106	</row0>
			<row1>	0.000000 0.999999 0.000000	</row1>
			<row2>	0.707106 0.000000 0.707106	</row2>
			<row3>	-77.704475 0.000000 -99.378487	</row3>
		</transform>
		<clientOnly>	false	</clientOnly>
		<properties>
			<className>	</className>
			<useRectangle>	1	</useRectangle>
			<radius>	0.000000	</radius>
			<volume>	9.000000 5.000000 1.000000	</volume>
			<modelNumber>	gw7123	</modelNumber>
			<modelScale>	90.000000	</modelScale>
			<destSpace>	kun_lun	</destSpace>
			<description>	</description>
			<uname>	</uname>
			<nickname>	</nickname>
			<destPosition>	256.424988 48.448002 80.449997	</destPosition>
			<destDirection>	0.000000 -15.000000 0.000000	</destDirection>
			<patrolPathNode>	</patrolPathNode>
		</properties>
	</entity_17>
	<entity_18>
		<type>	CollectPoint	</type>
		<transform>
			<row0>	0.752413 -0.091816 0.652252	</row0>
			<row1>	0.078748 0.995666 0.049319	</row1>
			<row2>	-0.653957 0.014257 0.756389	</row2>
			<row3>	-51.092224 0.669554 -47.388783	</row3>
		</transform>
		<clientOnly>	false	</clientOnly>
		<properties>
			<className>	30112125	</className>
			<rediviousTime>	2100.000000	</rediviousTime>
			<lineNumber>	1	</lineNumber>
			<patrolPathNode>	</patrolPathNode>
		</properties>
	</entity_18>
	<entity_19>
		<type>	MonsterSpawnPoint	</type>
		<transform>
			<row0>	-0.707097 0.000000 -0.707097	</row0>
			<row1>	0.000000 0.999993 0.000000	</row1>
			<row2>	0.707097 0.000000 -0.707097	</row2>
			<row3>	-82.179382 -3.365234 -20.591080	</row3>
		</transform>
		<clientOnly>	false	</clientOnly>
		<properties>
			<entityName>	20711011	</entityName>
			<rediviousTime>	15.000000	</rediviousTime>
			<rediviousTotal>	1	</rediviousTotal>
			<randomWalkRange>	3.000000	</randomWalkRange>
			<patrolList>	</patrolList>
			<lineNumber>	0	</lineNumber>
			<patrolPathNode>	</patrolPathNode>
		</properties>
	</entity_19>
	<entity_20>
		<type>	MonsterSpawnPoint	</type>
		<transform>
			<row0>	0.258816 0.000000 -0.965913	</row0>
			<row1>	0.000000 0.999992 0.000000	</row1>
			<row2>	0.965913 0.000000 0.258816	</row2>
			<row3>	-50.082863 -3.470703 50.293854	</row3>
		</transform>
		<clientOnly>	false	</clientOnly>
		<properties>
			<entityName>	20711011	</entityName>
			<rediviousTime>	15.000000	</rediviousTime>
			<rediviousTotal>	1	</rediviousTotal>
			<randomWalkRange>	3.000000	</randomWalkRange>
			<patrolList>	</patrolList>
			<lineNumber>	0	</lineNumber>
			<patrolPathNode>	</patrolPathNode>
		</properties>
	</entity_20>
	<entity_21>
		<type>	MonsterSpawnPoint	</type>
		<transform>
			<row0>	0.499992 0.000000 -0.866011	</row0>
			<row1>	0.000000 0.999991 0.000000	</row1>
			<row2>	0.866011 0.000000 0.499992	</row2>
			<row3>	-28.842529 -3.470703 74.376740	</row3>
		</transform>
		<clientOnly>	false	</clientOnly>
		<properties>
			<entityName>	20711011	</entityName>
			<rediviousTime>	15.000000	</rediviousTime>
			<rediviousTotal>	1	</rediviousTotal>
			<randomWalkRange>	3.000000	</randomWalkRange>
			<patrolList>	</patrolList>
			<lineNumber>	0	</lineNumber>
			<patrolPathNode>	</patrolPathNode>
		</properties>
	</entity_21>
	<entity_22>
		<type>	MonsterSpawnPoint	</type>
		<transform>
			<row0>	-0.707098 0.000000 0.707097	</row0>
			<row1>	0.000000 0.999993 0.000000	</row1>
			<row2>	-0.707097 0.000000 -0.707098	</row2>
			<row3>	-63.789330 -3.470703 32.743370	</row3>
		</transform>
		<clientOnly>	false	</clientOnly>
		<properties>
			<entityName>	20711011	</entityName>
			<rediviousTime>	15.000000	</rediviousTime>
			<rediviousTotal>	1	</rediviousTotal>
			<randomWalkRange>	3.000000	</randomWalkRange>
			<patrolList>	</patrolList>
			<lineNumber>	0	</lineNumber>
			<patrolPathNode>	</patrolPathNode>
		</properties>
	</entity_22>
	<entity_23>
		<type>	MonsterSpawnPoint	</type>
		<transform>
			<row0>	0.000000 0.000000 -0.999984	</row0>
			<row1>	0.000000 0.999991 0.000000	</row1>
			<row2>	0.999984 0.000000 0.000000	</row2>
			<row3>	-16.033150 -3.470703 80.428230	</row3>
		</transform>
		<clientOnly>	false	</clientOnly>
		<properties>
			<entityName>	20711011	</entityName>
			<rediviousTime>	15.000000	</rediviousTime>
			<rediviousTotal>	1	</rediviousTotal>
			<randomWalkRange>	3.000000	</randomWalkRange>
			<patrolList>	</patrolList>
			<lineNumber>	0	</lineNumber>
			<patrolPathNode>	</patrolPathNode>
		</properties>
	</entity_23>
	<entity_24>
		<type>	MonsterSpawnPoint	</type>
		<transform>
			<row0>	-0.499993 0.000000 -0.866014	</row0>
			<row1>	0.000000 0.999992 0.000000	</row1>
			<row2>	0.866014 0.000000 -0.499993	</row2>
			<row3>	-54.899784 -3.478515 19.424500	</row3>
		</transform>
		<clientOnly>	false	</clientOnly>
		<properties>
			<entityName>	20711011	</entityName>
			<rediviousTime>	15.000000	</rediviousTime>
			<rediviousTotal>	1	</rediviousTotal>
			<randomWalkRange>	3.000000	</randomWalkRange>
			<patrolList>	</patrolList>
			<lineNumber>	0	</lineNumber>
			<patrolPathNode>	</patrolPathNode>
		</properties>
	</entity_24>
	<entity_25>
		<type>	MonsterSpawnPoint	</type>
		<transform>
			<row0>	0.499992 0.000000 -0.866012	</row0>
			<row1>	0.000000 0.999992 0.000000	</row1>
			<row2>	0.866012 0.000000 0.499992	</row2>
			<row3>	-71.084900 -3.470703 13.252304	</row3>
		</transform>
		<clientOnly>	false	</clientOnly>
		<properties>
			<entityName>	20711011	</entityName>
			<rediviousTime>	15.000000	</rediviousTime>
			<rediviousTotal>	1	</rediviousTotal>
			<randomWalkRange>	3.000000	</randomWalkRange>
			<patrolList>	</patrolList>
			<lineNumber>	0	</lineNumber>
			<patrolPathNode>	</patrolPathNode>
		</properties>
	</entity_25>
	<entity_26>
		<type>	MonsterSpawnPoint	</type>
		<transform>
			<row0>	-0.865567 0.020130 -0.500370	</row0>
			<row1>	0.045129 0.998256 -0.037905	</row1>
			<row2>	0.498734 -0.055392 -0.864970	</row2>
			<row3>	-22.125130 0.199219 50.294781	</row3>
		</transform>
		<clientOnly>	false	</clientOnly>
		<properties>
			<entityName>	20731007	</entityName>
			<rediviousTime>	15.000000	</rediviousTime>
			<rediviousTotal>	1	</rediviousTotal>
			<randomWalkRange>	3.000000	</randomWalkRange>
			<patrolList>	</patrolList>
			<lineNumber>	0	</lineNumber>
			<patrolPathNode>	</patrolPathNode>
		</properties>
	</entity_26>
	<entity_27>
		<type>	MonsterSpawnPoint	</type>
		<transform>
			<row0>	-0.500234 -0.010262 -0.865818	</row0>
			<row1>	0.045129 0.998256 -0.037905	</row1>
			<row2>	0.864699 -0.058036 -0.498902	</row2>
			<row3>	-34.703873 -0.708984 41.658501	</row3>
		</transform>
		<clientOnly>	false	</clientOnly>
		<properties>
			<entityName>	20731007	</entityName>
			<rediviousTime>	15.000000	</rediviousTime>
			<rediviousTotal>	1	</rediviousTotal>
			<randomWalkRange>	3.000000	</randomWalkRange>
			<patrolList>	</patrolList>
			<lineNumber>	0	</lineNumber>
			<patrolPathNode>	</patrolPathNode>
		</properties>
	</entity_27>
	<entity_28>
		<type>	MonsterSpawnPoint	</type>
		<transform>
			<row0>	-0.259387 -0.024933 -0.965441	</row0>
			<row1>	0.045129 0.998256 -0.037905	</row1>
			<row2>	0.964705 -0.053403 -0.257813	</row2>
			<row3>	-5.522530 0.419922 51.082462	</row3>
		</transform>
		<clientOnly>	false	</clientOnly>
		<properties>
			<entityName>	20731007	</entityName>
			<rediviousTime>	15.000000	</rediviousTime>
			<rediviousTotal>	1	</rediviousTotal>
			<randomWalkRange>	3.000000	</randomWalkRange>
			<patrolList>	</patrolList>
			<lineNumber>	0	</lineNumber>
			<patrolPathNode>	</patrolPathNode>
		</properties>
	</entity_28>
	<entity_29>
		<type>	MonsterSpawnPoint	</type>
		<transform>
			<row0>	-0.000864 -0.037905 -0.999270	</row0>
			<row1>	0.045129 0.998256 -0.037905	</row1>
			<row2>	0.998968 -0.045130 0.000846	</row2>
			<row3>	-1.076958 0.472656 36.520374	</row3>
		</transform>
		<clientOnly>	false	</clientOnly>
		<properties>
			<entityName>	20731007	</entityName>
			<rediviousTime>	15.000000	</rediviousTime>
			<rediviousTotal>	1	</rediviousTotal>
			<randomWalkRange>	3.000000	</randomWalkRange>
			<patrolList>	</patrolList>
			<lineNumber>	0	</lineNumber>
			<patrolPathNode>	</patrolPathNode>
		</properties>
	</entity_29>
	<entity_30>
		<type>	MonsterSpawnPoint	</type>
		<transform>
			<row0>	0.499994 0.000000 0.866018	</row0>
			<row1>	0.000000 0.999995 0.000000	</row1>
			<row2>	-0.866018 0.000000 0.499994	</row2>
			<row3>	-32.611618 -0.500000 1.135894	</row3>
		</transform>
		<clientOnly>	false	</clientOnly>
		<properties>
			<entityName>	20731006	</entityName>
			<rediviousTime>	15.000000	</rediviousTime>
			<rediviousTotal>	1	</rediviousTotal>
			<randomWalkRange>	3.000000	</randomWalkRange>
			<patrolList>	</patrolList>
			<lineNumber>	0	</lineNumber>
			<patrolPathNode>	</patrolPathNode>
		</properties>
	</entity_30>
	<entity_31>
		<type>	MonsterSpawnPoint	</type>
		<transform>
			<row0>	0.965917 0.000000 0.258818	</row0>
			<row1>	0.000000 0.999995 0.000000	</row1>
			<row2>	-0.258818 0.000000 0.965917	</row2>
			<row3>	-14.832092 2.144531 7.659172	</row3>
		</transform>
		<clientOnly>	false	</clientOnly>
		<properties>
			<entityName>	20731006	</entityName>
			<rediviousTime>	15.000000	</rediviousTime>
			<rediviousTotal>	1	</rediviousTotal>
			<randomWalkRange>	3.000000	</randomWalkRange>
			<patrolList>	</patrolList>
			<lineNumber>	0	</lineNumber>
			<patrolPathNode>	</patrolPathNode>
		</properties>
	</entity_31>
	<entity_32>
		<type>	MonsterSpawnPoint	</type>
		<transform>
			<row0>	-0.965157 0.033780 -0.259450	</row0>
			<row1>	0.045129 0.998256 -0.037905	</row1>
			<row2>	0.257715 -0.048294 -0.965002	</row2>
			<row3>	-21.359184 0.369141 30.193377	</row3>
		</transform>
		<clientOnly>	false	</clientOnly>
		<properties>
			<entityName>	20731007	</entityName>
			<rediviousTime>	15.000000	</rediviousTime>
			<rediviousTotal>	1	</rediviousTotal>
			<randomWalkRange>	3.000000	</randomWalkRange>
			<patrolList>	</patrolList>
			<lineNumber>	0	</lineNumber>
			<patrolPathNode>	</patrolPathNode>
		</properties>
	</entity_32>
	<entity_33>
		<type>	MonsterSpawnPoint	</type>
		<transform>
			<row0>	-0.000001 0.000000 0.999990	</row0>
			<row1>	0.000000 0.999995 0.000000	</row1>
			<row2>	-0.999990 0.000000 -0.000001	</row2>
			<row3>	-35.577530 -0.664062 22.127058	</row3>
		</transform>
		<clientOnly>	false	</clientOnly>
		<properties>
			<entityName>	20731006	</entityName>
			<rediviousTime>	15.000000	</rediviousTime>
			<rediviousTotal>	1	</rediviousTotal>
			<randomWalkRange>	3.000000	</randomWalkRange>
			<patrolList>	</patrolList>
			<lineNumber>	0	</lineNumber>
			<patrolPathNode>	</patrolPathNode>
		</properties>
	</entity_33>
	<entity_34>
		<type>	MonsterSpawnPoint	</type>
		<transform>
			<row0>	-0.866016 0.000000 0.499993	</row0>
			<row1>	0.000000 0.999993 0.000000	</row1>
			<row2>	-0.499993 0.000000 -0.866016	</row2>
			<row3>	-67.106010 -3.470703 4.908247	</row3>
		</transform>
		<clientOnly>	false	</clientOnly>
		<properties>
			<entityName>	20711011	</entityName>
			<rediviousTime>	15.000000	</rediviousTime>
			<rediviousTotal>	1	</rediviousTotal>
			<randomWalkRange>	3.000000	</randomWalkRange>
			<patrolList>	</patrolList>
			<lineNumber>	0	</lineNumber>
			<patrolPathNode>	</patrolPathNode>
		</properties>
	</entity_34>
	<entity_35>
		<type>	CollectPoint	</type>
		<transform>
			<row0>	-0.559367 0.000327 -0.828907	</row0>
			<row1>	0.000270 0.999990 0.000213	</row1>
			<row2>	0.828907 -0.000103 -0.559367	</row2>
			<row3>	-28.172005 -3.464940 85.332573	</row3>
		</transform>
		<clientOnly>	false	</clientOnly>
		<properties>
			<className>	30112113	</className>
			<rediviousTime>	2100.000000	</rediviousTime>
			<lineNumber>	1	</lineNumber>
			<patrolPathNode>	</patrolPathNode>
		</properties>
	</entity_35>
	<entity_36>
		<type>	MonsterSpawnPoint	</type>
		<transform>
			<row0>	-0.707094 0.000000 0.707095	</row0>
			<row1>	0.000000 0.999991 0.000000	</row1>
			<row2>	-0.707095 0.000000 -0.707094	</row2>
			<row3>	-24.296684 -3.470703 90.635178	</row3>
		</transform>
		<clientOnly>	false	</clientOnly>
		<properties>
			<entityName>	20711011	</entityName>
			<rediviousTime>	15.000000	</rediviousTime>
			<rediviousTotal>	1	</rediviousTotal>
			<randomWalkRange>	3.000000	</randomWalkRange>
			<patrolList>	</patrolList>
			<lineNumber>	0	</lineNumber>
			<patrolPathNode>	</patrolPathNode>
		</properties>
	</entity_36>
	<entity_37>
		<type>	MonsterSpawnPoint	</type>
		<transform>
			<row0>	0.866013 0.000000 -0.499992	</row0>
			<row1>	0.000000 0.999992 0.000000	</row1>
			<row2>	0.499992 0.000000 0.866013	</row2>
			<row3>	-36.514839 -2.332031 51.596966	</row3>
		</transform>
		<clientOnly>	false	</clientOnly>
		<properties>
			<entityName>	20711011	</entityName>
			<rediviousTime>	15.000000	</rediviousTime>
			<rediviousTotal>	1	</rediviousTotal>
			<randomWalkRange>	3.000000	</randomWalkRange>
			<patrolList>	</patrolList>
			<lineNumber>	0	</lineNumber>
			<patrolPathNode>	</patrolPathNode>
		</properties>
	</entity_37>
	<entity_38>
		<type>	MonsterSpawnPoint	</type>
		<transform>
			<row0>	-0.499992 0.000000 -0.866012	</row0>
			<row1>	0.000000 0.999991 0.000000	</row1>
			<row2>	0.866012 0.000000 -0.499992	</row2>
			<row3>	-56.978004 -3.470703 59.598759	</row3>
		</transform>
		<clientOnly>	false	</clientOnly>
		<properties>
			<entityName>	20711011	</entityName>
			<rediviousTime>	15.000000	</rediviousTime>
			<rediviousTotal>	1	</rediviousTotal>
			<randomWalkRange>	3.000000	</randomWalkRange>
			<patrolList>	</patrolList>
			<lineNumber>	0	</lineNumber>
			<patrolPathNode>	</patrolPathNode>
		</properties>
	</entity_38>
	<entity_39>
		<type>	MonsterSpawnPoint	</type>
		<transform>
			<row0>	0.258815 0.000000 -0.965911	</row0>
			<row1>	0.000000 0.999991 0.000000	</row1>
			<row2>	0.965911 0.000000 0.258815	</row2>
			<row3>	-39.880234 -3.470703 70.361755	</row3>
		</transform>
		<clientOnly>	false	</clientOnly>
		<properties>
			<entityName>	20711011	</entityName>
			<rediviousTime>	15.000000	</rediviousTime>
			<rediviousTotal>	1	</rediviousTotal>
			<randomWalkRange>	3.000000	</randomWalkRange>
			<patrolList>	</patrolList>
			<lineNumber>	0	</lineNumber>
			<patrolPathNode>	</patrolPathNode>
		</properties>
	</entity_39>
	<entity_40>
		<type>	MonsterSpawnPoint	</type>
		<transform>
			<row0>	0.000001 0.000000 -0.999992	</row0>
			<row1>	0.000000 0.999995 0.000000	</row1>
			<row2>	0.999992 0.000000 0.000001	</row2>
			<row3>	36.430367 4.445312 -8.376015	</row3>
		</transform>
		<clientOnly>	false	</clientOnly>
		<properties>
			<entityName>	20731006	</entityName>
			<rediviousTime>	15.000000	</rediviousTime>
			<rediviousTotal>	1	</rediviousTotal>
			<randomWalkRange>	3.000000	</randomWalkRange>
			<patrolList>	</patrolList>
			<lineNumber>	0	</lineNumber>
			<patrolPathNode>	</patrolPathNode>
		</properties>
	</entity_40>
	<entity_41>
		<type>	MonsterSpawnPoint	</type>
		<transform>
			<row0>	-0.258816 0.000000 -0.965919	</row0>
			<row1>	0.000000 0.999996 0.000000	</row1>
			<row2>	0.965919 0.000000 -0.258816	</row2>
			<row3>	16.858194 2.359375 -45.362099	</row3>
		</transform>
		<clientOnly>	false	</clientOnly>
		<properties>
			<entityName>	20731006	</entityName>
			<rediviousTime>	15.000000	</rediviousTime>
			<rediviousTotal>	1	</rediviousTotal>
			<randomWalkRange>	3.000000	</randomWalkRange>
			<patrolList>	</patrolList>
			<lineNumber>	0	</lineNumber>
			<patrolPathNode>	</patrolPathNode>
		</properties>
	</entity_41>
	<entity_42>
		<type>	MonsterSpawnPoint	</type>
		<transform>
			<row0>	-0.965920 0.000000 0.258817	</row0>
			<row1>	0.000000 0.999996 0.000000	</row1>
			<row2>	-0.258817 0.000000 -0.965920	</row2>
			<row3>	30.881517 4.238280 -29.053749	</row3>
		</transform>
		<clientOnly>	false	</clientOnly>
		<properties>
			<entityName>	20731006	</entityName>
			<rediviousTime>	15.000000	</rediviousTime>
			<rediviousTotal>	1	</rediviousTotal>
			<randomWalkRange>	3.000000	</randomWalkRange>
			<patrolList>	</patrolList>
			<lineNumber>	0	</lineNumber>
			<patrolPathNode>	</patrolPathNode>
		</properties>
	</entity_42>
	<entity_43>
		<type>	MonsterSpawnPoint	</type>
		<transform>
			<row0>	-0.258818 0.000000 0.965920	</row0>
			<row1>	0.000000 0.999996 0.000000	</row1>
			<row2>	-0.965920 0.000000 -0.258818	</row2>
			<row3>	1.863327 0.492187 -53.621975	</row3>
		</transform>
		<clientOnly>	false	</clientOnly>
		<properties>
			<entityName>	20731006	</entityName>
			<rediviousTime>	15.000000	</rediviousTime>
			<rediviousTotal>	1	</rediviousTotal>
			<randomWalkRange>	3.000000	</randomWalkRange>
			<patrolList>	</patrolList>
			<lineNumber>	0	</lineNumber>
			<patrolPathNode>	</patrolPathNode>
		</properties>
	</entity_43>
	<entity_44>
		<type>	MonsterSpawnPoint	</type>
		<transform>
			<row0>	-0.258816 0.000000 -0.965919	</row0>
			<row1>	0.000000 0.999996 0.000000	</row1>
			<row2>	0.965919 0.000000 -0.258816	</row2>
			<row3>	10.496964 2.748046 -9.942474	</row3>
		</transform>
		<clientOnly>	false	</clientOnly>
		<properties>
			<entityName>	20731006	</entityName>
			<rediviousTime>	15.000000	</rediviousTime>
			<rediviousTotal>	1	</rediviousTotal>
			<randomWalkRange>	3.000000	</randomWalkRange>
			<patrolList>	</patrolList>
			<lineNumber>	0	</lineNumber>
			<patrolPathNode>	</patrolPathNode>
		</properties>
	</entity_44>
	<entity_45>
		<type>	MonsterSpawnPoint	</type>
		<transform>
			<row0>	-0.707101 0.000000 -0.707102	</row0>
			<row1>	0.000000 0.999996 0.000000	</row1>
			<row2>	0.707102 0.000000 -0.707101	</row2>
			<row3>	12.978537 3.105468 -25.897652	</row3>
		</transform>
		<clientOnly>	false	</clientOnly>
		<properties>
			<entityName>	20731006	</entityName>
			<rediviousTime>	15.000000	</rediviousTime>
			<rediviousTotal>	1	</rediviousTotal>
			<randomWalkRange>	3.000000	</randomWalkRange>
			<patrolList>	</patrolList>
			<lineNumber>	0	</lineNumber>
			<patrolPathNode>	</patrolPathNode>
		</properties>
	</entity_45>
	<entity_46>
		<type>	MonsterSpawnPoint	</type>
		<transform>
			<row0>	0.499992 0.000000 -0.866011	</row0>
			<row1>	0.000000 0.999991 0.000000	</row1>
			<row2>	0.866011 0.000000 0.499992	</row2>
			<row3>	48.233887 -3.470703 72.918594	</row3>
		</transform>
		<clientOnly>	false	</clientOnly>
		<properties>
			<entityName>	20711011	</entityName>
			<rediviousTime>	15.000000	</rediviousTime>
			<rediviousTotal>	1	</rediviousTotal>
			<randomWalkRange>	3.000000	</randomWalkRange>
			<patrolList>	</patrolList>
			<lineNumber>	0	</lineNumber>
			<patrolPathNode>	</patrolPathNode>
		</properties>
	</entity_46>
	<entity_47>
		<type>	MonsterSpawnPoint	</type>
		<transform>
			<row0>	0.258815 0.000000 0.965909	</row0>
			<row1>	0.000000 0.999991 0.000000	</row1>
			<row2>	-0.965909 0.000000 0.258815	</row2>
			<row3>	31.882456 -3.480468 74.690643	</row3>
		</transform>
		<clientOnly>	false	</clientOnly>
		<properties>
			<entityName>	20711011	</entityName>
			<rediviousTime>	15.000000	</rediviousTime>
			<rediviousTotal>	1	</rediviousTotal>
			<randomWalkRange>	3.000000	</randomWalkRange>
			<patrolList>	</patrolList>
			<lineNumber>	0	</lineNumber>
			<patrolPathNode>	</patrolPathNode>
		</properties>
	</entity_47>
	<entity_48>
		<type>	MonsterSpawnPoint	</type>
		<transform>
			<row0>	-0.499991 0.000000 0.866010	</row0>
			<row1>	0.000000 0.999991 0.000000	</row1>
			<row2>	-0.866010 0.000000 -0.499991	</row2>
			<row3>	14.589396 -3.470703 78.102509	</row3>
		</transform>
		<clientOnly>	false	</clientOnly>
		<properties>
			<entityName>	20711011	</entityName>
			<rediviousTime>	15.000000	</rediviousTime>
			<rediviousTotal>	1	</rediviousTotal>
			<randomWalkRange>	3.000000	</randomWalkRange>
			<patrolList>	</patrolList>
			<lineNumber>	0	</lineNumber>
			<patrolPathNode>	</patrolPathNode>
		</properties>
	</entity_48>
	<entity_49>
		<type>	MonsterSpawnPoint	</type>
		<transform>
			<row0>	-0.259391 -0.024933 -0.965445	</row0>
			<row1>	0.045129 0.998257 -0.037905	</row1>
			<row2>	0.964711 -0.053403 -0.257815	</row2>
			<row3>	48.844517 4.212890 6.882587	</row3>
		</transform>
		<clientOnly>	false	</clientOnly>
		<properties>
			<entityName>	20731007	</entityName>
			<rediviousTime>	15.000000	</rediviousTime>
			<rediviousTotal>	1	</rediviousTotal>
			<randomWalkRange>	3.000000	</randomWalkRange>
			<patrolList>	</patrolList>
			<lineNumber>	0	</lineNumber>
			<patrolPathNode>	</patrolPathNode>
		</properties>
	</entity_49>
	<entity_50>
		<type>	MonsterSpawnPoint	</type>
		<transform>
			<row0>	0.257717 -0.048294 -0.965007	</row0>
			<row1>	0.045129 0.998257 -0.037905	</row1>
			<row2>	0.965160 -0.033782 0.259448	</row2>
			<row3>	64.096802 4.742187 0.136341	</row3>
		</transform>
		<clientOnly>	false	</clientOnly>
		<properties>
			<entityName>	20731007	</entityName>
			<rediviousTime>	15.000000	</rediviousTime>
			<rediviousTotal>	1	</rediviousTotal>
			<randomWalkRange>	3.000000	</randomWalkRange>
			<patrolList>	</patrolList>
			<lineNumber>	0	</lineNumber>
			<patrolPathNode>	</patrolPathNode>
		</properties>
	</entity_50>
	<entity_51>
		<type>	MonsterSpawnPoint	</type>
		<transform>
			<row0>	0.998975 -0.045130 0.000846	</row0>
			<row1>	0.045129 0.998256 -0.037905	</row1>
			<row2>	0.000866 0.037904 0.999273	</row2>
			<row3>	66.246681 1.582031 14.069279	</row3>
		</transform>
		<clientOnly>	false	</clientOnly>
		<properties>
			<entityName>	20731007	</entityName>
			<rediviousTime>	15.000000	</rediviousTime>
			<rediviousTotal>	1	</rediviousTotal>
			<randomWalkRange>	3.000000	</randomWalkRange>
			<patrolList>	</patrolList>
			<lineNumber>	0	</lineNumber>
			<patrolPathNode>	</patrolPathNode>
		</properties>
	</entity_51>
	<entity_52>
		<type>	MonsterSpawnPoint	</type>
		<transform>
			<row0>	0.865570 -0.020132 0.500370	</row0>
			<row1>	0.045129 0.998256 -0.037905	</row1>
			<row2>	-0.498736 0.055390 0.864973	</row2>
			<row3>	84.313980 1.521484 14.958998	</row3>
		</transform>
		<clientOnly>	false	</clientOnly>
		<properties>
			<entityName>	20731007	</entityName>
			<rediviousTime>	15.000000	</rediviousTime>
			<rediviousTotal>	1	</rediviousTotal>
			<randomWalkRange>	3.000000	</randomWalkRange>
			<patrolList>	</patrolList>
			<lineNumber>	0	</lineNumber>
			<patrolPathNode>	</patrolPathNode>
		</properties>
	</entity_52>
	<entity_53>
		<type>	MonsterSpawnPoint	</type>
		<transform>
			<row0>	0.706993 -0.005110 0.707192	</row0>
			<row1>	0.045129 0.998256 -0.037905	</row1>
			<row2>	-0.705767 0.058713 0.705993	</row2>
			<row3>	71.082413 3.576171 10.358947	</row3>
		</transform>
		<clientOnly>	false	</clientOnly>
		<properties>
			<entityName>	20731007	</entityName>
			<rediviousTime>	15.000000	</rediviousTime>
			<rediviousTotal>	1	</rediviousTotal>
			<randomWalkRange>	3.000000	</randomWalkRange>
			<patrolList>	</patrolList>
			<lineNumber>	0	</lineNumber>
			<patrolPathNode>	</patrolPathNode>
		</properties>
	</entity_53>
	<entity_54>
		<type>	MonsterSpawnPoint	</type>
		<transform>
			<row0>	0.000865 0.037903 0.999274	</row0>
			<row1>	0.045129 0.998256 -0.037905	</row1>
			<row2>	-0.998971 0.045129 -0.000846	</row2>
			<row3>	45.073589 2.443359 16.767653	</row3>
		</transform>
		<clientOnly>	false	</clientOnly>
		<properties>
			<entityName>	20731007	</entityName>
			<rediviousTime>	15.000000	</rediviousTime>
			<rediviousTotal>	1	</rediviousTotal>
			<randomWalkRange>	3.000000	</randomWalkRange>
			<patrolList>	</patrolList>
			<lineNumber>	0	</lineNumber>
			<patrolPathNode>	</patrolPathNode>
		</properties>
	</entity_54>
	<entity_55>
		<type>	MonsterSpawnPoint	</type>
		<transform>
			<row0>	-0.865567 0.020130 -0.500371	</row0>
			<row1>	0.045129 0.998256 -0.037905	</row1>
			<row2>	0.498734 -0.055392 -0.864971	</row2>
			<row3>	22.796181 0.763672 43.839443	</row3>
		</transform>
		<clientOnly>	false	</clientOnly>
		<properties>
			<entityName>	20731007	</entityName>
			<rediviousTime>	15.000000	</rediviousTime>
			<rediviousTotal>	1	</rediviousTotal>
			<randomWalkRange>	3.000000	</randomWalkRange>
			<patrolList>	</patrolList>
			<lineNumber>	0	</lineNumber>
			<patrolPathNode>	</patrolPathNode>
		</properties>
	</entity_55>
	<entity_56>
		<type>	MonsterSpawnPoint	</type>
		<transform>
			<row0>	-0.706990 0.005108 -0.707192	</row0>
			<row1>	0.045129 0.998256 -0.037905	</row1>
			<row2>	0.705765 -0.058715 -0.705993	</row2>
			<row3>	10.424275 0.550781 54.947525	</row3>
		</transform>
		<clientOnly>	false	</clientOnly>
		<properties>
			<entityName>	20731007	</entityName>
			<rediviousTime>	15.000000	</rediviousTime>
			<rediviousTotal>	1	</rediviousTotal>
			<randomWalkRange>	3.000000	</randomWalkRange>
			<patrolList>	</patrolList>
			<lineNumber>	0	</lineNumber>
			<patrolPathNode>	</patrolPathNode>
		</properties>
	</entity_56>
	<entity_57>
		<type>	MonsterSpawnPoint	</type>
		<transform>
			<row0>	-0.500233 -0.010262 -0.865819	</row0>
			<row1>	0.045129 0.998256 -0.037905	</row1>
			<row2>	0.864699 -0.058037 -0.498903	</row2>
			<row3>	38.612755 -0.312500 55.176632	</row3>
		</transform>
		<clientOnly>	false	</clientOnly>
		<properties>
			<entityName>	20731007	</entityName>
			<rediviousTime>	15.000000	</rediviousTime>
			<rediviousTotal>	1	</rediviousTotal>
			<randomWalkRange>	3.000000	</randomWalkRange>
			<patrolList>	</patrolList>
			<lineNumber>	0	</lineNumber>
			<patrolPathNode>	</patrolPathNode>
		</properties>
	</entity_57>
	<entity_58>
		<type>	MonsterSpawnPoint	</type>
		<transform>
			<row0>	-0.259386 -0.024933 -0.965442	</row0>
			<row1>	0.045129 0.998256 -0.037905	</row1>
			<row2>	0.964705 -0.053404 -0.257814	</row2>
			<row3>	22.362646 -0.025391 56.801018	</row3>
		</transform>
		<clientOnly>	false	</clientOnly>
		<properties>
			<entityName>	20731007	</entityName>
			<rediviousTime>	15.000000	</rediviousTime>
			<rediviousTotal>	1	</rediviousTotal>
			<randomWalkRange>	3.000000	</randomWalkRange>
			<patrolList>	</patrolList>
			<lineNumber>	0	</lineNumber>
			<patrolPathNode>	</patrolPathNode>
		</properties>
	</entity_58>
	<entity_59>
		<type>	MonsterSpawnPoint	</type>
		<transform>
			<row0>	0.705769 -0.058714 -0.705991	</row0>
			<row1>	0.045129 0.998256 -0.037905	</row1>
			<row2>	0.706991 -0.005111 0.707187	</row2>
			<row3>	50.789223 0.451172 46.330963	</row3>
		</transform>
		<clientOnly>	false	</clientOnly>
		<properties>
			<entityName>	20731007	</entityName>
			<rediviousTime>	15.000000	</rediviousTime>
			<rediviousTotal>	1	</rediviousTotal>
			<randomWalkRange>	3.000000	</randomWalkRange>
			<patrolList>	</patrolList>
			<lineNumber>	0	</lineNumber>
			<patrolPathNode>	</patrolPathNode>
		</properties>
	</entity_59>
	<entity_60>
		<type>	MonsterSpawnPoint	</type>
		<transform>
			<row0>	0.964708 -0.053402 -0.257810	</row0>
			<row1>	0.045129 0.998256 -0.037905	</row1>
			<row2>	0.259390 0.024930 0.965438	</row2>
			<row3>	77.025970 0.291016 39.927345	</row3>
		</transform>
		<clientOnly>	false	</clientOnly>
		<properties>
			<entityName>	20731007	</entityName>
			<rediviousTime>	15.000000	</rediviousTime>
			<rediviousTotal>	1	</rediviousTotal>
			<randomWalkRange>	3.000000	</randomWalkRange>
			<patrolList>	</patrolList>
			<lineNumber>	0	</lineNumber>
			<patrolPathNode>	</patrolPathNode>
		</properties>
	</entity_60>
	<entity_61>
		<type>	MonsterSpawnPoint	</type>
		<transform>
			<row0>	0.998970 -0.045129 0.000849	</row0>
			<row1>	0.045129 0.998256 -0.037905	</row1>
			<row2>	0.000867 0.037902 0.999269	</row2>
			<row3>	70.054710 0.289062 49.125954	</row3>
		</transform>
		<clientOnly>	false	</clientOnly>
		<properties>
			<entityName>	20731007	</entityName>
			<rediviousTime>	15.000000	</rediviousTime>
			<rediviousTotal>	1	</rediviousTotal>
			<randomWalkRange>	3.000000	</randomWalkRange>
			<patrolList>	</patrolList>
			<lineNumber>	0	</lineNumber>
			<patrolPathNode>	</patrolPathNode>
		</properties>
	</entity_61>
	<entity_62>
		<type>	MonsterSpawnPoint	</type>
		<transform>
			<row0>	0.706989 -0.005109 0.707191	</row0>
			<row1>	0.045129 0.998256 -0.037905	</row1>
			<row2>	-0.705765 0.058711 0.705992	</row2>
			<row3>	34.568123 0.371094 44.484180	</row3>
		</transform>
		<clientOnly>	false	</clientOnly>
		<properties>
			<entityName>	20731007	</entityName>
			<rediviousTime>	15.000000	</rediviousTime>
			<rediviousTotal>	1	</rediviousTotal>
			<randomWalkRange>	3.000000	</randomWalkRange>
			<patrolList>	</patrolList>
			<lineNumber>	0	</lineNumber>
			<patrolPathNode>	</patrolPathNode>
		</properties>
	</entity_62>
	<entity_63>
		<type>	MonsterSpawnPoint	</type>
		<transform>
			<row0>	0.965154 -0.033781 0.259450	</row0>
			<row1>	0.045129 0.998256 -0.037905	</row1>
			<row2>	-0.257715 0.048291 0.965001	</row2>
			<row3>	59.421535 0.927734 43.265781	</row3>
		</transform>
		<clientOnly>	false	</clientOnly>
		<properties>
			<entityName>	20731007	</entityName>
			<rediviousTime>	15.000000	</rediviousTime>
			<rediviousTotal>	1	</rediviousTotal>
			<randomWalkRange>	3.000000	</randomWalkRange>
			<patrolList>	</patrolList>
			<lineNumber>	0	</lineNumber>
			<patrolPathNode>	</patrolPathNode>
		</properties>
	</entity_63>
	<entity_64>
		<type>	MonsterSpawnPoint	</type>
		<transform>
			<row0>	-0.257718 0.048292 0.965005	</row0>
			<row1>	0.045129 0.998255 -0.037905	</row1>
			<row2>	-0.965156 0.033781 -0.259447	</row2>
			<row3>	39.996555 1.093750 22.953836	</row3>
		</transform>
		<clientOnly>	false	</clientOnly>
		<properties>
			<entityName>	20731007	</entityName>
			<rediviousTime>	15.000000	</rediviousTime>
			<rediviousTotal>	1	</rediviousTotal>
			<randomWalkRange>	3.000000	</randomWalkRange>
			<patrolList>	</patrolList>
			<lineNumber>	0	</lineNumber>
			<patrolPathNode>	</patrolPathNode>
		</properties>
	</entity_64>
	<entity_65>
		<type>	MonsterSpawnPoint	</type>
		<transform>
			<row0>	-0.864703 0.058034 0.498903	</row0>
			<row1>	0.045129 0.998256 -0.037905	</row1>
			<row2>	-0.500236 -0.010262 -0.865816	</row2>
			<row3>	25.953190 2.101562 20.452011	</row3>
		</transform>
		<clientOnly>	false	</clientOnly>
		<properties>
			<entityName>	20731007	</entityName>
			<rediviousTime>	15.000000	</rediviousTime>
			<rediviousTotal>	1	</rediviousTotal>
			<randomWalkRange>	3.000000	</randomWalkRange>
			<patrolList>	</patrolList>
			<lineNumber>	0	</lineNumber>
