<root>
	<entity_1>
		<type>	MonsterSpawnPoint	</type>
		<transform>
			<row0>	0.499995 0.000000 -0.866019	</row0>
			<row1>	0.000000 0.999999 0.000000	</row1>
			<row2>	0.866019 0.000000 0.499995	</row2>
			<row3>	14.335495 15.164571 42.363369	</row3>
		</transform>
		<clientOnly>	false	</clientOnly>
		<properties>
			<entityName>	20751005	</entityName>
			<rediviousTime>	15.000000	</rediviousTime>
			<rediviousTotal>	1	</rediviousTotal>
			<randomWalkRange>	3.000000	</randomWalkRange>
			<patrolList>	</patrolList>
			<lineNumber>	0	</lineNumber>
			<patrolPathNode>	</patrolPathNode>
		</properties>
	</entity_1>
	<entity_2>
		<type>	MonsterSpawnPoint	</type>
		<transform>
			<row0>	-0.000001 0.000000 -0.999993	</row0>
			<row1>	0.000110 1.000000 0.000000	</row1>
			<row2>	0.999993 -0.000110 -0.000001	</row2>
			<row3>	66.074753 15.164573 41.712158	</row3>
		</transform>
		<clientOnly>	false	</clientOnly>
		<properties>
			<entityName>	20751005	</entityName>
			<rediviousTime>	15.000000	</rediviousTime>
			<rediviousTotal>	1	</rediviousTotal>
			<randomWalkRange>	3.000000	</randomWalkRange>
			<patrolList>	</patrolList>
			<lineNumber>	0	</lineNumber>
			<patrolPathNode>	</patrolPathNode>
		</properties>
	</entity_2>
	<entity_3>
		<type>	MonsterSpawnPoint	</type>
		<transform>
			<row0>	0.866018 0.000000 -0.499997	</row0>
			<row1>	0.000000 1.000000 0.000000	</row1>
			<row2>	0.499997 0.000000 0.866018	</row2>
			<row3>	52.813046 15.164570 91.929169	</row3>
		</transform>
		<clientOnly>	false	</clientOnly>
		<properties>
			<entityName>	20751005	</entityName>
			<rediviousTime>	15.000000	</rediviousTime>
			<rediviousTotal>	1	</rediviousTotal>
			<randomWalkRange>	3.000000	</randomWalkRange>
			<patrolList>	</patrolList>
			<lineNumber>	0	</lineNumber>
			<patrolPathNode>	</patrolPathNode>
		</properties>
	</entity_3>
	<entity_4>
		<type>	MonsterSpawnPoint	</type>
		<transform>
			<row0>	-0.000001 0.000000 0.999996	</row0>
			<row1>	0.000000 0.999999 0.000000	</row1>
			<row2>	-0.999996 0.000000 -0.000001	</row2>
			<row3>	30.254047 15.164566 92.069122	</row3>
		</transform>
		<clientOnly>	false	</clientOnly>
		<properties>
			<entityName>	20751005	</entityName>
			<rediviousTime>	15.000000	</rediviousTime>
			<rediviousTotal>	1	</rediviousTotal>
			<randomWalkRange>	3.000000	</randomWalkRange>
			<patrolList>	</patrolList>
			<lineNumber>	0	</lineNumber>
			<patrolPathNode>	</patrolPathNode>
		</properties>
	</entity_4>
	<entity_5>
		<type>	MonsterSpawnPoint	</type>
		<transform>
			<row0>	-0.965919 0.000000 -0.258816	</row0>
			<row1>	0.000000 1.000000 0.000000	</row1>
			<row2>	0.258816 0.000000 -0.965919	</row2>
			<row3>	15.178619 15.164570 90.972610	</row3>
		</transform>
		<clientOnly>	false	</clientOnly>
		<properties>
			<entityName>	20751005	</entityName>
			<rediviousTime>	15.000000	</rediviousTime>
			<rediviousTotal>	1	</rediviousTotal>
			<randomWalkRange>	3.000000	</randomWalkRange>
			<patrolList>	</patrolList>
			<lineNumber>	0	</lineNumber>
			<patrolPathNode>	</patrolPathNode>
		</properties>
	</entity_5>
	<entity_6>
		<type>	MonsterSpawnPoint	</type>
		<transform>
			<row0>	-0.499999 0.000000 -0.866020	</row0>
			<row1>	0.000000 1.000000 0.000000	</row1>
			<row2>	0.866020 0.000000 -0.499999	</row2>
			<row3>	16.770750 15.164574 77.330269	</row3>
		</transform>
		<clientOnly>	false	</clientOnly>
		<properties>
			<entityName>	20751005	</entityName>
			<rediviousTime>	15.000000	</rediviousTime>
			<rediviousTotal>	1	</rediviousTotal>
			<randomWalkRange>	3.000000	</randomWalkRange>
			<patrolList>	</patrolList>
			<lineNumber>	0	</lineNumber>
			<patrolPathNode>	</patrolPathNode>
		</properties>
	</entity_6>
	<entity_7>
		<type>	MonsterSpawnPoint	</type>
		<transform>
			<row0>	0.965922 0.000000 0.258816	</row0>
			<row1>	0.000000 0.999999 0.000000	</row1>
			<row2>	-0.258816 0.000000 0.965922	</row2>
			<row3>	29.826225 15.164570 80.543404	</row3>
		</transform>
		<clientOnly>	false	</clientOnly>
		<properties>
			<entityName>	20751005	</entityName>
			<rediviousTime>	15.000000	</rediviousTime>
			<rediviousTotal>	1	</rediviousTotal>
			<randomWalkRange>	5.000000	</randomWalkRange>
			<patrolList>	</patrolList>
			<lineNumber>	0	</lineNumber>
			<patrolPathNode>	</patrolPathNode>
		</properties>
	</entity_7>
	<entity_8>
		<type>	MonsterSpawnPoint	</type>
		<transform>
			<row0>	-0.866021 0.000000 -0.499996	</row0>
			<row1>	0.000000 0.999999 0.000000	</row1>
			<row2>	0.499996 0.000000 -0.866021	</row2>
			<row3>	22.111465 15.164570 85.839073	</row3>
		</transform>
		<clientOnly>	false	</clientOnly>
		<properties>
			<entityName>	20751005	</entityName>
			<rediviousTime>	15.000000	</rediviousTime>
			<rediviousTotal>	1	</rediviousTotal>
			<randomWalkRange>	3.000000	</randomWalkRange>
			<patrolList>	</patrolList>
			<lineNumber>	0	</lineNumber>
			<patrolPathNode>	</patrolPathNode>
		</properties>
	</entity_8>
	<entity_9>
		<type>	MonsterSpawnPoint	</type>
		<transform>
			<row0>	0.965917 0.000000 -0.258819	</row0>
			<row1>	0.000000 0.999999 0.000000	</row1>
			<row2>	0.258819 0.000000 0.965917	</row2>
			<row3>	16.593653 15.164570 59.263374	</row3>
		</transform>
		<clientOnly>	false	</clientOnly>
		<properties>
			<entityName>	20751005	</entityName>
			<rediviousTime>	15.000000	</rediviousTime>
			<rediviousTotal>	1	</rediviousTotal>
			<randomWalkRange>	3.000000	</randomWalkRange>
			<patrolList>	</patrolList>
			<lineNumber>	0	</lineNumber>
			<patrolPathNode>	</patrolPathNode>
		</properties>
	</entity_9>
	<entity_10>
		<type>	MonsterSpawnPoint	</type>
		<transform>
			<row0>	0.707103 0.000000 0.707105	</row0>
			<row1>	0.000000 0.999999 0.000000	</row1>
			<row2>	-0.707105 0.000000 0.707103	</row2>
			<row3>	31.174170 15.164569 44.210335	</row3>
		</transform>
		<clientOnly>	false	</clientOnly>
		<properties>
			<entityName>	20751005	</entityName>
			<rediviousTime>	15.000000	</rediviousTime>
			<rediviousTotal>	1	</rediviousTotal>
			<randomWalkRange>	3.000000	</randomWalkRange>
			<patrolList>	</patrolList>
			<lineNumber>	0	</lineNumber>
			<patrolPathNode>	</patrolPathNode>
		</properties>
	</entity_10>
	<entity_11>
		<type>	MonsterSpawnPoint	</type>
		<transform>
			<row0>	0.499994 0.000000 -0.866020	</row0>
			<row1>	0.000000 0.999999 0.000000	</row1>
			<row2>	0.866020 0.000000 0.499994	</row2>
			<row3>	26.643387 15.164570 58.320114	</row3>
		</transform>
		<clientOnly>	false	</clientOnly>
		<properties>
			<entityName>	20751005	</entityName>
			<rediviousTime>	15.000000	</rediviousTime>
			<rediviousTotal>	1	</rediviousTotal>
			<randomWalkRange>	5.000000	</randomWalkRange>
			<patrolList>	</patrolList>
			<lineNumber>	0	</lineNumber>
			<patrolPathNode>	</patrolPathNode>
		</properties>
	</entity_11>
	<entity_12>
		<type>	MonsterSpawnPoint	</type>
		<transform>
			<row0>	0.499994 0.000000 -0.866019	</row0>
			<row1>	0.000000 0.999999 0.000000	</row1>
			<row2>	0.866019 0.000000 0.499994	</row2>
			<row3>	32.130875 15.164573 52.910454	</row3>
		</transform>
		<clientOnly>	false	</clientOnly>
		<properties>
			<entityName>	20751005	</entityName>
			<rediviousTime>	15.000000	</rediviousTime>
			<rediviousTotal>	1	</rediviousTotal>
			<randomWalkRange>	3.000000	</randomWalkRange>
			<patrolList>	</patrolList>
			<lineNumber>	0	</lineNumber>
			<patrolPathNode>	</patrolPathNode>
		</properties>
	</entity_12>
	<entity_13>
		<type>	MonsterSpawnPoint	</type>
		<transform>
			<row0>	-0.258819 0.000000 -0.965918	</row0>
			<row1>	0.000000 0.999999 0.000000	</row1>
			<row2>	0.965918 0.000000 -0.258819	</row2>
			<row3>	21.782671 15.164569 50.652203	</row3>
		</transform>
		<clientOnly>	false	</clientOnly>
		<properties>
			<entityName>	20751005	</entityName>
			<rediviousTime>	15.000000	</rediviousTime>
			<rediviousTotal>	1	</rediviousTotal>
			<randomWalkRange>	3.000000	</randomWalkRange>
			<patrolList>	</patrolList>
			<lineNumber>	0	</lineNumber>
			<patrolPathNode>	</patrolPathNode>
		</properties>
	</entity_13>
	<entity_14>
		<type>	MonsterSpawnPoint	</type>
		<transform>
			<row0>	0.707102 -0.000143 0.707103	</row0>
			<row1>	0.000000 0.999997 0.000202	</row1>
			<row2>	-0.707103 -0.000143 0.707102	</row2>
			<row3>	49.512440 15.164569 42.223923	</row3>
		</transform>
		<clientOnly>	false	</clientOnly>
		<properties>
			<entityName>	20751005	</entityName>
			<rediviousTime>	15.000000	</rediviousTime>
			<rediviousTotal>	1	</rediviousTotal>
			<randomWalkRange>	5.000000	</randomWalkRange>
			<patrolList>	</patrolList>
			<lineNumber>	0	</lineNumber>
			<patrolPathNode>	</patrolPathNode>
		</properties>
	</entity_14>
	<entity_15>
		<type>	MonsterSpawnPoint	</type>
		<transform>
			<row0>	-0.999994 0.000000 0.000002	</row0>
			<row1>	0.000000 0.999999 -0.000345	</row1>
			<row2>	-0.000002 -0.000345 -0.999994	</row2>
			<row3>	56.728428 15.164570 45.257866	</row3>
		</transform>
		<clientOnly>	false	</clientOnly>
		<properties>
			<entityName>	20751005	</entityName>
			<rediviousTime>	15.000000	</rediviousTime>
			<rediviousTotal>	1	</rediviousTotal>
			<randomWalkRange>	3.000000	</randomWalkRange>
			<patrolList>	</patrolList>
			<lineNumber>	0	</lineNumber>
			<patrolPathNode>	</patrolPathNode>
		</properties>
	</entity_15>
	<entity_16>
		<type>	MonsterSpawnPoint	</type>
		<transform>
			<row0>	0.258817 -0.000195 0.965920	</row0>
			<row1>	0.000000 0.999997 0.000202	</row1>
			<row2>	-0.965920 -0.000052 0.258817	</row2>
			<row3>	53.528881 15.164570 56.691597	</row3>
		</transform>
		<clientOnly>	false	</clientOnly>
		<properties>
			<entityName>	20751005	</entityName>
			<rediviousTime>	15.000000	</rediviousTime>
			<rediviousTotal>	1	</rediviousTotal>
			<randomWalkRange>	5.000000	</randomWalkRange>
			<patrolList>	</patrolList>
			<lineNumber>	0	</lineNumber>
			<patrolPathNode>	</patrolPathNode>
		</properties>
	</entity_16>
	<entity_17>
		<type>	MonsterSpawnPoint	</type>
		<transform>
			<row0>	-0.866021 -0.000173 -0.499995	</row0>
			<row1>	0.000000 0.999999 -0.000345	</row1>
			<row2>	0.499995 -0.000299 -0.866021	</row2>
			<row3>	62.688271 15.164570 50.794144	</row3>
		</transform>
		<clientOnly>	false	</clientOnly>
		<properties>
			<entityName>	20751005	</entityName>
			<rediviousTime>	15.000000	</rediviousTime>
			<rediviousTotal>	1	</rediviousTotal>
			<randomWalkRange>	3.000000	</randomWalkRange>
			<patrolList>	</patrolList>
			<lineNumber>	0	</lineNumber>
			<patrolPathNode>	</patrolPathNode>
		</properties>
	</entity_17>
	<entity_18>
		<type>	MonsterSpawnPoint	</type>
		<transform>
			<row0>	-0.707102 0.000000 0.707105	</row0>
			<row1>	0.000000 1.000000 0.000000	</row1>
			<row2>	-0.707105 0.000000 -0.707102	</row2>
			<row3>	62.895069 15.164569 58.537514	</row3>
		</transform>
		<clientOnly>	false	</clientOnly>
		<properties>
			<entityName>	20751005	</entityName>
			<rediviousTime>	15.000000	</rediviousTime>
			<rediviousTotal>	1	</rediviousTotal>
			<randomWalkRange>	3.000000	</randomWalkRange>
			<patrolList>	</patrolList>
			<lineNumber>	0	</lineNumber>
			<patrolPathNode>	</patrolPathNode>
		</properties>
	</entity_18>
	<entity_19>
		<type>	MonsterSpawnPoint	</type>
		<transform>
			<row0>	-0.707104 0.000000 -0.707101	</row0>
			<row1>	0.000000 0.999999 0.000000	</row1>
			<row2>	0.707101 0.000000 -0.707104	</row2>
			<row3>	52.343628 15.164570 80.851280	</row3>
		</transform>
		<clientOnly>	false	</clientOnly>
		<properties>
			<entityName>	20751005	</entityName>
			<rediviousTime>	15.000000	</rediviousTime>
			<rediviousTotal>	1	</rediviousTotal>
			<randomWalkRange>	3.000000	</randomWalkRange>
			<patrolList>	</patrolList>
			<lineNumber>	0	</lineNumber>
			<patrolPathNode>	</patrolPathNode>
		</properties>
	</entity_19>
	<entity_20>
		<type>	MonsterSpawnPoint	</type>
		<transform>
			<row0>	0.500000 0.000000 0.866021	</row0>
			<row1>	0.000000 1.000000 0.000000	</row1>
			<row2>	-0.866021 0.000000 0.500000	</row2>
			<row3>	66.354584 15.164569 94.285248	</row3>
		</transform>
		<clientOnly>	false	</clientOnly>
		<properties>
			<entityName>	20751005	</entityName>
			<rediviousTime>	15.000000	</rediviousTime>
			<rediviousTotal>	1	</rediviousTotal>
			<randomWalkRange>	3.000000	</randomWalkRange>
			<patrolList>	</patrolList>
			<lineNumber>	0	</lineNumber>
			<patrolPathNode>	</patrolPathNode>
		</properties>
	</entity_20>
	<entity_21>
		<type>	MonsterSpawnPoint	</type>
		<transform>
			<row0>	0.499997 -0.000299 0.866017	</row0>
			<row1>	0.000000 1.000000 0.000345	</row1>
			<row2>	-0.866017 -0.000172 0.499997	</row2>
			<row3>	65.420013 15.164570 75.480316	</row3>
		</transform>
		<clientOnly>	false	</clientOnly>
		<properties>
			<entityName>	20751005	</entityName>
			<rediviousTime>	15.000000	</rediviousTime>
			<rediviousTotal>	1	</rediviousTotal>
			<randomWalkRange>	3.000000	</randomWalkRange>
			<patrolList>	</patrolList>
			<lineNumber>	0	</lineNumber>
			<patrolPathNode>	</patrolPathNode>
		</properties>
	</entity_21>
	<entity_22>
		<type>	MonsterSpawnPoint	</type>
		<transform>
			<row0>	-0.258819 0.000000 -0.965919	</row0>
			<row1>	0.000000 0.999998 0.000000	</row1>
			<row2>	0.965919 0.000000 -0.258819	</row2>
			<row3>	60.554695 15.164572 80.999825	</row3>
		</transform>
		<clientOnly>	false	</clientOnly>
		<properties>
			<entityName>	20751005	</entityName>
			<rediviousTime>	15.000000	</rediviousTime>
			<rediviousTotal>	1	</rediviousTotal>
			<randomWalkRange>	3.000000	</randomWalkRange>
			<patrolList>	</patrolList>
			<lineNumber>	0	</lineNumber>
			<patrolPathNode>	</patrolPathNode>
		</properties>
	</entity_22>
	<entity_23>
		<type>	MonsterSpawnPoint	</type>
		<transform>
			<row0>	-0.965920 0.000000 -0.258815	</row0>
			<row1>	0.000000 0.999997 0.000000	</row1>
			<row2>	0.258815 0.000000 -0.965920	</row2>
			<row3>	60.265762 15.164570 88.381882	</row3>
		</transform>
		<clientOnly>	false	</clientOnly>
		<properties>
			<entityName>	20751005	</entityName>
			<rediviousTime>	15.000000	</rediviousTime>
			<rediviousTotal>	1	</rediviousTotal>
			<randomWalkRange>	3.000000	</randomWalkRange>
			<patrolList>	</patrolList>
			<lineNumber>	0	</lineNumber>
			<patrolPathNode>	</patrolPathNode>
		</properties>
	</entity_23>
	<entity_24>
		<type>	CollectPoint	</type>
		<transform>
			<row0>	-0.253067 -0.297161 -0.920676	</row0>
			<row1>	0.453591 0.804129 -0.384222	</row1>
			<row2>	0.854520 -0.514845 -0.068709	</row2>
			<row3>	46.541019 15.425823 62.579590	</row3>
		</transform>
		<clientOnly>	false	</clientOnly>
		<properties>
			<className>	30112103	</className>
			<rediviousTime>	1150.000000	</rediviousTime>
			<lineNumber>	1	</lineNumber>
			<patrolPathNode>	</patrolPathNode>
		</properties>
	</entity_24>
	<entity_25>
		<type>	CollectPoint	</type>
		<transform>
			<row0>	-0.178355 -0.000001 -0.983962	</row0>
			<row1>	0.000000 0.999997 0.000000	</row1>
			<row2>	0.983962 0.000000 -0.178355	</row2>
			<row3>	29.180464 15.164572 85.752472	</row3>
		</transform>
		<clientOnly>	false	</clientOnly>
		<properties>
			<className>	30112109	</className>
			<rediviousTime>	1150.000000	</rediviousTime>
			<lineNumber>	1	</lineNumber>
			<patrolPathNode>	</patrolPathNode>
		</properties>
	</entity_25>
	<entity_26>
		<type>	CollectPoint	</type>
		<transform>
			<row0>	0.258818 -0.000363 0.965922	</row0>
			<row1>	-0.000221 0.999997 0.000435	</row1>
			<row2>	-0.965921 -0.000325 0.258818	</row2>
			<row3>	31.063038 15.268731 40.498539	</row3>
		</transform>
		<clientOnly>	false	</clientOnly>
		<properties>
			<className>	30112103	</className>
			<rediviousTime>	1150.000000	</rediviousTime>
			<lineNumber>	1	</lineNumber>
			<patrolPathNode>	</patrolPathNode>
		</properties>
	</entity_26>
	<entity_27>
		<type>	MonsterSpawnPoint	</type>
		<transform>
			<row0>	-0.258817 0.000000 -0.965917	</row0>
			<row1>	0.000000 1.000000 0.000000	</row1>
			<row2>	0.965917 0.000000 -0.258817	</row2>
			<row3>	-38.998020 15.164572 51.534279	</row3>
		</transform>
		<clientOnly>	false	</clientOnly>
		<properties>
			<entityName>	20711006	</entityName>
			<rediviousTime>	15.000000	</rediviousTime>
			<rediviousTotal>	1	</rediviousTotal>
			<randomWalkRange>	3.000000	</randomWalkRange>
			<patrolList>	</patrolList>
			<lineNumber>	0	</lineNumber>
			<patrolPathNode>	</patrolPathNode>
		</properties>
	</entity_27>
	<entity_28>
		<type>	MonsterSpawnPoint	</type>
		<transform>
			<row0>	0.707099 0.000000 -0.707100	</row0>
			<row1>	0.000000 1.000000 0.000000	</row1>
			<row2>	0.707100 0.000000 0.707099	</row2>
			<row3>	-16.428011 15.164567 82.392006	</row3>
		</transform>
		<clientOnly>	false	</clientOnly>
		<properties>
			<entityName>	20711006	</entityName>
			<rediviousTime>	15.000000	</rediviousTime>
			<rediviousTotal>	1	</rediviousTotal>
			<randomWalkRange>	3.000000	</randomWalkRange>
			<patrolList>	</patrolList>
			<lineNumber>	0	</lineNumber>
			<patrolPathNode>	</patrolPathNode>
		</properties>
	</entity_28>
	<entity_29>
		<type>	MonsterSpawnPoint	</type>
		<transform>
			<row0>	0.999990 0.000000 -0.000001	</row0>
			<row1>	0.000000 1.000000 0.000000	</row1>
			<row2>	0.000001 0.000000 0.999990	</row2>
			<row3>	-45.451645 15.164568 57.945595	</row3>
		</transform>
		<clientOnly>	false	</clientOnly>
		<properties>
			<entityName>	20711006	</entityName>
			<rediviousTime>	15.000000	</rediviousTime>
			<rediviousTotal>	1	</rediviousTotal>
			<randomWalkRange>	3.000000	</randomWalkRange>
			<patrolList>	</patrolList>
			<lineNumber>	0	</lineNumber>
			<patrolPathNode>	</patrolPathNode>
		</properties>
	</entity_29>
	<entity_30>
		<type>	MonsterSpawnPoint	</type>
		<transform>
			<row0>	0.866016 0.000000 -0.499995	</row0>
			<row1>	0.000000 1.000000 0.000000	</row1>
			<row2>	0.499995 0.000000 0.866016	</row2>
			<row3>	-16.798914 15.164568 52.757328	</row3>
		</transform>
		<clientOnly>	false	</clientOnly>
		<properties>
			<entityName>	20711006	</entityName>
			<rediviousTime>	15.000000	</rediviousTime>
			<rediviousTotal>	1	</rediviousTotal>
			<randomWalkRange>	3.000000	</randomWalkRange>
			<patrolList>	</patrolList>
			<lineNumber>	0	</lineNumber>
			<patrolPathNode>	</patrolPathNode>
		</properties>
	</entity_30>
	<entity_31>
		<type>	MonsterSpawnPoint	</type>
		<transform>
			<row0>	-0.866018 0.000000 0.499997	</row0>
			<row1>	0.000000 1.000000 0.000000	</row1>
			<row2>	-0.499997 0.000000 -0.866018	</row2>
			<row3>	-41.077477 15.164565 82.889275	</row3>
		</transform>
		<clientOnly>	false	</clientOnly>
		<properties>
			<entityName>	20711006	</entityName>
			<rediviousTime>	15.000000	</rediviousTime>
			<rediviousTotal>	1	</rediviousTotal>
			<randomWalkRange>	3.000000	</randomWalkRange>
			<patrolList>	</patrolList>
			<lineNumber>	0	</lineNumber>
			<patrolPathNode>	</patrolPathNode>
		</properties>
	</entity_31>
	<entity_32>
		<type>	MonsterSpawnPoint	</type>
		<transform>
			<row0>	-0.965918 0.000000 -0.258816	</row0>
			<row1>	0.000000 1.000000 0.000000	</row1>
			<row2>	0.258816 0.000000 -0.965918	</row2>
			<row3>	-42.806030 15.164568 68.589859	</row3>
		</transform>
		<clientOnly>	false	</clientOnly>
		<properties>
			<entityName>	20711006	</entityName>
			<rediviousTime>	15.000000	</rediviousTime>
			<rediviousTotal>	1	</rediviousTotal>
			<randomWalkRange>	3.000000	</randomWalkRange>
			<patrolList>	</patrolList>
			<lineNumber>	0	</lineNumber>
			<patrolPathNode>	</patrolPathNode>
		</properties>
	</entity_32>
	<entity_33>
		<type>	MonsterSpawnPoint	</type>
		<transform>
			<row0>	-0.000001 0.000000 -0.999992	</row0>
			<row1>	0.000000 1.000000 0.000000	</row1>
			<row2>	0.999992 0.000000 -0.000001	</row2>
			<row3>	-20.854120 15.164568 59.880188	</row3>
		</transform>
		<clientOnly>	false	</clientOnly>
		<properties>
			<entityName>	20711006	</entityName>
			<rediviousTime>	15.000000	</rediviousTime>
			<rediviousTotal>	1	</rediviousTotal>
			<randomWalkRange>	3.000000	</randomWalkRange>
			<patrolList>	</patrolList>
			<lineNumber>	0	</lineNumber>
			<patrolPathNode>	</patrolPathNode>
		</properties>
	</entity_33>
	<entity_34>
		<type>	MonsterSpawnPoint	</type>
		<transform>
			<row0>	0.499995 0.000000 0.866015	</row0>
			<row1>	0.000000 0.999999 0.000000	</row1>
			<row2>	-0.866015 0.000000 0.499995	</row2>
			<row3>	-36.762329 15.164568 61.799953	</row3>
		</transform>
		<clientOnly>	false	</clientOnly>
		<properties>
			<entityName>	20711006	</entityName>
			<rediviousTime>	15.000000	</rediviousTime>
			<rediviousTotal>	1	</rediviousTotal>
			<randomWalkRange>	3.000000	</randomWalkRange>
			<patrolList>	</patrolList>
			<lineNumber>	0	</lineNumber>
			<patrolPathNode>	</patrolPathNode>
		</properties>
	</entity_34>
	<entity_35>
		<type>	MonsterSpawnPoint	</type>
		<transform>
			<row0>	-0.499997 0.000000 -0.866018	</row0>
			<row1>	0.000000 1.000000 0.000000	</row1>
			<row2>	0.866018 0.000000 -0.499997	</row2>
			<row3>	-31.424599 15.164570 53.954346	</row3>
		</transform>
		<clientOnly>	false	</clientOnly>
		<properties>
			<entityName>	20711006	</entityName>
			<rediviousTime>	15.000000	</rediviousTime>
			<rediviousTotal>	1	</rediviousTotal>
			<randomWalkRange>	3.000000	</randomWalkRange>
			<patrolList>	</patrolList>
			<lineNumber>	0	</lineNumber>
			<patrolPathNode>	</patrolPathNode>
		</properties>
	</entity_35>
	<entity_36>
		<type>	MonsterSpawnPoint	</type>
		<transform>
			<row0>	-0.707101 0.000000 -0.707100	</row0>
			<row1>	0.000000 1.000000 0.000000	</row1>
			<row2>	0.707100 0.000000 -0.707101	</row2>
			<row3>	-26.504654 15.164569 78.695892	</row3>
		</transform>
		<clientOnly>	false	</clientOnly>
		<properties>
			<entityName>	20711006	</entityName>
			<rediviousTime>	15.000000	</rediviousTime>
			<rediviousTotal>	1	</rediviousTotal>
			<randomWalkRange>	3.000000	</randomWalkRange>
			<patrolList>	</patrolList>
			<lineNumber>	0	</lineNumber>
			<patrolPathNode>	</patrolPathNode>
		</properties>
	</entity_36>
	<entity_37>
		<type>	MonsterSpawnPoint	</type>
		<transform>
			<row0>	0.707100 0.000000 -0.707101	</row0>
			<row1>	0.000000 0.999999 0.000000	</row1>
			<row2>	0.707101 0.000000 0.707100	</row2>
			<row3>	-17.092789 15.164567 67.226471	</row3>
		</transform>
		<clientOnly>	false	</clientOnly>
		<properties>
			<entityName>	20711006	</entityName>
			<rediviousTime>	15.000000	</rediviousTime>
			<rediviousTotal>	1	</rediviousTotal>
			<randomWalkRange>	3.000000	</randomWalkRange>
			<patrolList>	</patrolList>
			<lineNumber>	0	</lineNumber>
			<patrolPathNode>	</patrolPathNode>
		</properties>
	</entity_37>
	<entity_38>
		<type>	MonsterSpawnPoint	</type>
		<transform>
			<row0>	-0.965916 0.000000 0.258817	</row0>
			<row1>	0.000000 0.999998 0.000000	</row1>
			<row2>	-0.258817 0.000000 -0.965916	</row2>
			<row3>	-27.713579 15.164570 66.481781	</row3>
		</transform>
		<clientOnly>	false	</clientOnly>
		<properties>
			<entityName>	20711006	</entityName>
			<rediviousTime>	15.000000	</rediviousTime>
			<rediviousTotal>	1	</rediviousTotal>
			<randomWalkRange>	3.000000	</randomWalkRange>
			<patrolList>	</patrolList>
			<lineNumber>	0	</lineNumber>
			<patrolPathNode>	</patrolPathNode>
		</properties>
	</entity_38>
	<entity_39>
		<type>	MonsterSpawnPoint	</type>
		<transform>
			<row0>	-0.499995 0.000000 0.866018	</row0>
			<row1>	0.000000 0.999999 0.000000	</row1>
			<row2>	-0.866018 0.000000 -0.499995	</row2>
			<row3>	-35.791111 15.164570 71.366348	</row3>
		</transform>
		<clientOnly>	false	</clientOnly>
		<properties>
			<entityName>	20711006	</entityName>
			<rediviousTime>	15.000000	</rediviousTime>
			<rediviousTotal>	1	</rediviousTotal>
			<randomWalkRange>	3.000000	</randomWalkRange>
			<patrolList>	</patrolList>
			<lineNumber>	0	</lineNumber>
			<patrolPathNode>	</patrolPathNode>
		</properties>
	</entity_39>
	<entity_40>
		<type>	CollectPoint	</type>
		<transform>
			<row0>	0.821882 -0.000001 0.569649	</row0>
			<row1>	0.000000 0.999997 0.000000	</row1>
			<row2>	-0.569649 0.000000 0.821882	</row2>
			<row3>	-17.016405 15.164568 60.868256	</row3>
		</transform>
		<clientOnly>	false	</clientOnly>
		<properties>
			<className>	30112121	</className>
			<rediviousTime>	1150.000000	</rediviousTime>
			<lineNumber>	1	</lineNumber>
			<patrolPathNode>	</patrolPathNode>
		</properties>
	</entity_40>
	<entity_41>
		<type>	CollectPoint	</type>
		<transform>
			<row0>	-0.258818 0.000000 -0.965921	</row0>
			<row1>	0.000000 0.999996 0.000000	</row1>
			<row2>	0.965921 0.000000 -0.258818	</row2>
			<row3>	-47.761162 15.164566 86.551231	</row3>
		</transform>
		<clientOnly>	false	</clientOnly>
		<properties>
			<className>	30112115	</className>
			<rediviousTime>	1150.000000	</rediviousTime>
			<lineNumber>	1	</lineNumber>
			<patrolPathNode>	</patrolPathNode>
		</properties>
	</entity_41>
	<entity_42>
		<type>	MonsterSpawnPoint	</type>
		<transform>
			<row0>	-0.258820 0.000000 -0.965922	</row0>
			<row1>	0.000000 1.000000 0.000000	</row1>
			<row2>	0.965922 0.000000 -0.258820	</row2>
			<row3>	24.025740 16.342577 153.688385	</row3>
		</transform>
		<clientOnly>	false	</clientOnly>
		<properties>
			<entityName>	20751005	</entityName>
			<rediviousTime>	15.000000	</rediviousTime>
			<rediviousTotal>	1	</rediviousTotal>
			<randomWalkRange>	3.000000	</randomWalkRange>
			<patrolList>	</patrolList>
			<lineNumber>	0	</lineNumber>
			<patrolPathNode>	</patrolPathNode>
		</properties>
	</entity_42>
	<entity_43>
		<type>	SpaceDoor	</type>
		<transform>
			<row0>	0.000000 0.000000 -0.999998	</row0>
			<row1>	0.000000 0.999999 0.000000	</row1>
			<row2>	0.999998 0.000000 0.000000	</row2>
			<row3>	40.076988 15.382999 176.751434	</row3>
		</transform>
		<clientOnly>	false	</clientOnly>
		<properties>
			<className>	</className>
			<useRectangle>	1	</useRectangle>
			<radius>	0.000000	</radius>
			<volume>	1.000000 6.000000 6.300000	</volume>
			<modelNumber>	gw7123	</modelNumber>
			<modelScale>	50.000000	</modelScale>
			<destSpace>	zly_bi_shi_jian	</destSpace>
			<description>	</description>
			<uname>	</uname>
			<nickname>	</nickname>
			<destPosition>	-556.583008 80.619003 -842.367004	</destPosition>
			<destDirection>	0.000000 90.000000 0.000000	</destDirection>
			<patrolPathNode>	</patrolPathNode>
		</properties>
	</entity_43>
	<entity_44>
		<type>	MonsterSpawnPoint	</type>
		<transform>
			<row0>	0.707104 0.000000 -0.707104	</row0>
			<row1>	0.000000 0.999998 0.000000	</row1>
			<row2>	0.707104 0.000000 0.707104	</row2>
			<row3>	24.149744 16.342579 164.806824	</row3>
		</transform>
		<clientOnly>	false	</clientOnly>
		<properties>
			<entityName>	20751005	</entityName>
			<rediviousTime>	15.000000	</rediviousTime>
			<rediviousTotal>	1	</rediviousTotal>
			<randomWalkRange>	3.000000	</randomWalkRange>
			<patrolList>	</patrolList>
			<lineNumber>	0	</lineNumber>
			<patrolPathNode>	</patrolPathNode>
		</properties>
	</entity_44>
	<entity_45>
		<type>	MonsterSpawnPoint	</type>
		<transform>
			<row0>	0.707103 0.000000 -0.707106	</row0>
			<row1>	0.000000 1.000000 0.000000	</row1>
			<row2>	0.707106 0.000000 0.707103	</row2>
			<row3>	30.390268 15.164567 143.018005	</row3>
		</transform>
		<clientOnly>	false	</clientOnly>
		<properties>
			<entityName>	20751005	</entityName>
			<rediviousTime>	15.000000	</rediviousTime>
			<rediviousTotal>	1	</rediviousTotal>
			<randomWalkRange>	3.000000	</randomWalkRange>
			<patrolList>	</patrolList>
			<lineNumber>	0	</lineNumber>
			<patrolPathNode>	</patrolPathNode>
		</properties>
	</entity_45>
	<entity_46>
		<type>	MonsterSpawnPoint	</type>
		<transform>
			<row0>	-0.866023 0.000000 0.500000	</row0>
			<row1>	0.000000 1.000000 0.000000	</row1>
			<row2>	-0.500000 0.000000 -0.866023	</row2>
			<row3>	48.937695 15.164572 142.992371	</row3>
		</transform>
		<clientOnly>	false	</clientOnly>
		<properties>
			<entityName>	20751005	</entityName>
			<rediviousTime>	15.000000	</rediviousTime>
			<rediviousTotal>	1	</rediviousTotal>
			<randomWalkRange>	3.000000	</randomWalkRange>
			<patrolList>	</patrolList>
			<lineNumber>	0	</lineNumber>
			<patrolPathNode>	</patrolPathNode>
		</properties>
	</entity_46>
	<entity_47>
		<type>	MonsterSpawnPoint	</type>
		<transform>
			<row0>	-0.965921 0.000000 -0.258815	</row0>
			<row1>	0.000000 1.000000 0.000000	</row1>
			<row2>	0.258815 0.000000 -0.965921	</row2>
			<row3>	57.017776 16.338438 167.514694	</row3>
		</transform>
		<clientOnly>	false	</clientOnly>
		<properties>
			<entityName>	20751005	</entityName>
			<rediviousTime>	15.000000	</rediviousTime>
			<rediviousTotal>	1	</rediviousTotal>
			<randomWalkRange>	3.000000	</randomWalkRange>
			<patrolList>	</patrolList>
			<lineNumber>	0	</lineNumber>
			<patrolPathNode>	</patrolPathNode>
		</properties>
	</entity_47>
	<entity_48>
		<type>	MonsterSpawnPoint	</type>
		<transform>
			<row0>	-0.866024 0.000000 -0.499998	</row0>
			<row1>	0.000000 1.000000 0.000000	</row1>
			<row2>	0.499998 0.000000 -0.866024	</row2>
			<row3>	55.539085 16.338438 147.767441	</row3>
		</transform>
		<clientOnly>	false	</clientOnly>
		<properties>
			<entityName>	20751005	</entityName>
			<rediviousTime>	15.000000	</rediviousTime>
			<rediviousTotal>	1	</rediviousTotal>
			<randomWalkRange>	3.000000	</randomWalkRange>
			<patrolList>	</patrolList>
			<lineNumber>	0	</lineNumber>
			<patrolPathNode>	</patrolPathNode>
		</properties>
	</entity_48>
	<entity_49>
		<type>	MonsterSpawnPoint	</type>
		<transform>
			<row0>	0.866022 0.000000 0.499998	</row0>
			<row1>	0.000000 0.999997 0.000000	</row1>
			<row2>	-0.499998 0.000000 0.866022	</row2>
			<row3>	32.610172 15.164571 167.280716	</row3>
		</transform>
		<clientOnly>	false	</clientOnly>
		<properties>
			<entityName>	20751005	</entityName>
			<rediviousTime>	15.000000	</rediviousTime>
			<rediviousTotal>	1	</rediviousTotal>
			<randomWalkRange>	3.000000	</randomWalkRange>
			<patrolList>	</patrolList>
			<lineNumber>	0	</lineNumber>
			<patrolPathNode>	</patrolPathNode>
		</properties>
	</entity_49>
	<entity_50>
		<type>	MonsterSpawnPoint	</type>
		<transform>
			<row0>	0.258816 0.000000 -0.965923	</row0>
			<row1>	0.000000 1.000000 0.000000	</row1>
			<row2>	0.965923 0.000000 0.258816	</row2>
			<row3>	31.728859 15.164570 157.268738	</row3>
		</transform>
		<clientOnly>	false	</clientOnly>
		<properties>
			<entityName>	20751005	</entityName>
			<rediviousTime>	15.000000	</rediviousTime>
			<rediviousTotal>	1	</rediviousTotal>
			<randomWalkRange>	3.000000	</randomWalkRange>
			<patrolList>	</patrolList>
			<lineNumber>	0	</lineNumber>
			<patrolPathNode>	</patrolPathNode>
		</properties>
	</entity_50>
	<entity_51>
		<type>	MonsterSpawnPoint	</type>
		<transform>
			<row0>	-0.000002 0.000001 -0.999997	</row0>
			<row1>	0.374638 0.927171 0.000000	</row1>
			<row2>	0.927168 -0.374637 -0.000002	</row2>
			<row3>	28.893658 15.198050 163.309097	</row3>
		</transform>
		<clientOnly>	false	</clientOnly>
		<properties>
			<entityName>	20751005	</entityName>
			<rediviousTime>	15.000000	</rediviousTime>
			<rediviousTotal>	1	</rediviousTotal>
			<randomWalkRange>	5.000000	</randomWalkRange>
			<patrolList>	</patrolList>
			<lineNumber>	0	</lineNumber>
			<patrolPathNode>	</patrolPathNode>
		</properties>
	</entity_51>
	<entity_52>
		<type>	MonsterSpawnPoint	</type>
		<transform>
			<row0>	0.866023 0.000000 -0.499999	</row0>
			<row1>	0.000000 0.999998 0.000000	</row1>
			<row2>	0.499999 0.000000 0.866023	</row2>
			<row3>	49.229176 15.164567 166.755768	</row3>
		</transform>
		<clientOnly>	false	</clientOnly>
		<properties>
			<entityName>	20751005	</entityName>
			<rediviousTime>	15.000000	</rediviousTime>
			<rediviousTotal>	1	</rediviousTotal>
			<randomWalkRange>	3.000000	</randomWalkRange>
			<patrolList>	</patrolList>
			<lineNumber>	0	</lineNumber>
			<patrolPathNode>	</patrolPathNode>
		</properties>
	</entity_52>
	<entity_53>
		<type>	MonsterSpawnPoint	</type>
		<transform>
			<row0>	-0.000002 0.000000 -0.999997	</row0>
			<row1>	0.000000 1.000000 0.000000	</row1>
			<row2>	0.999997 0.000000 -0.000002	</row2>
			<row3>	51.066307 15.164571 159.746674	</row3>
		</transform>
		<clientOnly>	false	</clientOnly>
		<properties>
			<entityName>	20751005	</entityName>
			<rediviousTime>	15.000000	</rediviousTime>
			<rediviousTotal>	1	</rediviousTotal>
			<randomWalkRange>	3.000000	</randomWalkRange>
			<patrolList>	</patrolList>
			<lineNumber>	0	</lineNumber>
			<patrolPathNode>	</patrolPathNode>
		</properties>
	</entity_53>
	<entity_54>
		<type>	MonsterSpawnPoint	</type>
		<transform>
			<row0>	0.965921 0.000000 -0.258820	</row0>
			<row1>	0.000000 0.999998 0.000000	</row1>
			<row2>	0.258820 0.000000 0.965921	</row2>
			<row3>	49.304230 15.164567 151.055832	</row3>
		</transform>
		<clientOnly>	false	</clientOnly>
		<properties>
			<entityName>	20751005	</entityName>
			<rediviousTime>	15.000000	</rediviousTime>
			<rediviousTotal>	1	</rediviousTotal>
			<randomWalkRange>	5.000000	</randomWalkRange>
			<patrolList>	</patrolList>
			<lineNumber>	0	</lineNumber>
			<patrolPathNode>	</patrolPathNode>
		</properties>
	</entity_54>
	<entity_55>
		<type>	MonsterSpawnPoint	</type>
		<transform>
			<row0>	-0.866024 0.000000 -0.499997	</row0>
			<row1>	0.000000 1.000000 0.000000	</row1>
			<row2>	0.499997 0.000000 -0.866024	</row2>
			<row3>	56.672348 16.338444 157.068146	</row3>
		</transform>
		<clientOnly>	false	</clientOnly>
		<properties>
			<entityName>	20751005	</entityName>
			<rediviousTime>	15.000000	</rediviousTime>
			<rediviousTotal>	1	</rediviousTotal>
			<randomWalkRange>	3.000000	</randomWalkRange>
			<patrolList>	</patrolList>
			<lineNumber>	0	</lineNumber>
			<patrolPathNode>	</patrolPathNode>
		</properties>
	</entity_55>
	<entity_56>
		<type>	CollectPoint	</type>
		<transform>
			<row0>	-0.178355 -0.000001 -0.983962	</row0>
			<row1>	0.000000 0.999997 0.000000	</row1>
			<row2>	0.983962 0.000000 -0.178355	</row2>
			<row3>	57.007828 16.338444 161.493500	</row3>
		</transform>
		<clientOnly>	false	</clientOnly>
		<properties>
			<className>	30112109	</className>
			<rediviousTime>	1150.000000	</rediviousTime>
			<lineNumber>	1	</lineNumber>
			<patrolPathNode>	</patrolPathNode>
		</properties>
	</entity_56>
	<entity_57>
		<type>	CollectPoint	</type>
		<transform>
			<row0>	0.258819 0.000000 0.965925	</row0>
			<row1>	0.000000 0.999999 0.000000	</row1>
			<row2>	-0.965925 0.000000 0.258819	</row2>
			<row3>	26.228748 15.452525 138.240219	</row3>
		</transform>
		<clientOnly>	false	</clientOnly>
		<properties>
			<className>	30112097	</className>
			<rediviousTime>	1150.000000	</rediviousTime>
			<lineNumber>	1	</lineNumber>
			<patrolPathNode>	</patrolPathNode>
		</properties>
	</entity_57>
	<entity_58>
		<type>	MonsterSpawnPoint	</type>
		<transform>
			<row0>	-0.000002 0.000000 -0.999995	</row0>
			<row1>	0.000000 1.000000 0.000000	</row1>
			<row2>	0.999995 0.000000 -0.000002	</row2>
			<row3>	97.074722 15.164565 82.071373	</row3>
		</transform>
		<clientOnly>	false	</clientOnly>
		<properties>
			<entityName>	20751005	</entityName>
			<rediviousTime>	15.000000	</rediviousTime>
			<rediviousTotal>	1	</rediviousTotal>
			<randomWalkRange>	3.000000	</randomWalkRange>
			<patrolList>	</patrolList>
			<lineNumber>	0	</lineNumber>
			<patrolPathNode>	</patrolPathNode>
		</properties>
	</entity_58>
	<entity_59>
		<type>	MonsterSpawnPoint	</type>
		<transform>
			<row0>	0.965918 0.000000 -0.258820	</row0>
			<row1>	0.000000 1.000000 0.000000	</row1>
			<row2>	0.258820 0.000000 0.965918	</row2>
			<row3>	117.709221 15.164567 81.781647	</row3>
		</transform>
		<clientOnly>	false	</clientOnly>
		<properties>
			<entityName>	20751005	</entityName>
			<rediviousTime>	15.000000	</rediviousTime>
			<rediviousTotal>	1	</rediviousTotal>
			<randomWalkRange>	3.000000	</randomWalkRange>
			<patrolList>	</patrolList>
			<lineNumber>	0	</lineNumber>
			<patrolPathNode>	</patrolPathNode>
		</properties>
	</entity_59>
	<entity_60>
		<type>	MonsterSpawnPoint	</type>
		<transform>
			<row0>	0.000003 0.000000 0.999993	</row0>
			<row1>	0.000000 1.000000 0.000000	</row1>
			<row2>	-0.999993 0.000000 0.000003	</row2>
			<row3>	126.699097 15.164566 50.646973	</row3>
		</transform>
		<clientOnly>	false	</clientOnly>
		<properties>
			<entityName>	20751005	</entityName>
			<rediviousTime>	15.000000	</rediviousTime>
			<rediviousTotal>	1	</rediviousTotal>
			<randomWalkRange>	3.000000	</randomWalkRange>
			<patrolList>	</patrolList>
			<lineNumber>	0	</lineNumber>
			<patrolPathNode>	</patrolPathNode>
		</properties>
	</entity_60>
	<entity_61>
		<type>	MonsterSpawnPoint	</type>
		<transform>
			<row0>	0.866021 0.000000 0.499994	</row0>
			<row1>	0.000000 1.000000 0.000000	</row1>
			<row2>	-0.499994 0.000000 0.866021	</row2>
			<row3>	124.350845 15.164564 78.823845	</row3>
		</transform>
		<clientOnly>	false	</clientOnly>
		<properties>
			<entityName>	20751005	</entityName>
			<rediviousTime>	15.000000	</rediviousTime>
			<rediviousTotal>	1	</rediviousTotal>
			<randomWalkRange>	3.000000	</randomWalkRange>
			<patrolList>	</patrolList>
			<lineNumber>	0	</lineNumber>
			<patrolPathNode>	</patrolPathNode>
		</properties>
	</entity_61>
	<entity_62>
		<type>	MonsterSpawnPoint	</type>
		<transform>
			<row0>	-0.000002 0.000000 -0.999995	</row0>
			<row1>	0.000000 1.000000 0.000000	</row1>
			<row2>	0.999995 0.000000 -0.000002	</row2>
			<row3>	96.254341 15.164567 53.143295	</row3>
		</transform>
		<clientOnly>	false	</clientOnly>
		<properties>
			<entityName>	20751005	</entityName>
			<rediviousTime>	15.000000	</rediviousTime>
			<rediviousTotal>	1	</rediviousTotal>
			<randomWalkRange>	3.000000	</randomWalkRange>
			<patrolList>	</patrolList>
			<lineNumber>	0	</lineNumber>
			<patrolPathNode>	</patrolPathNode>
		</properties>
	</entity_62>
	<entity_63>
		<type>	MonsterSpawnPoint	</type>
		<transform>
			<row0>	-0.707099 0.000000 0.707104	</row0>
			<row1>	0.000000 1.000000 0.000000	</row1>
			<row2>	-0.707104 0.000000 -0.707099	</row2>
			<row3>	124.705849 15.164567 68.253105	</row3>
		</transform>
		<clientOnly>	false	</clientOnly>
		<properties>
			<entityName>	20751005	</entityName>
			<rediviousTime>	15.000000	</rediviousTime>
			<rediviousTotal>	1	</rediviousTotal>
			<randomWalkRange>	3.000000	</randomWalkRange>
			<patrolList>	</patrolList>
			<lineNumber>	0	</lineNumber>
			<patrolPathNode>	</patrolPathNode>
		</properties>
	</entity_63>
	<entity_64>
		<type>	MonsterSpawnPoint	</type>
		<transform>
			<row0>	-0.258814 0.000000 0.965919	</row0>
			<row1>	0.000000 1.000000 0.000000	</row1>
			<row2>	-0.965919 0.000000 -0.258814	</row2>
			<row3>	112.161713 15.164568 74.739624	</row3>
		</transform>
		<clientOnly>	false	</clientOnly>
		<properties>
			<entityName>	20751005	</entityName>
			<rediviousTime>	15.000000	</rediviousTime>
			<rediviousTotal>	1	</rediviousTotal>
			<randomWalkRange>	3.000000	</randomWalkRange>
			<patrolList>	</patrolList>
			<lineNumber>	0	</lineNumber>
			<patrolPathNode>	</patrolPathNode>
		</properties>
	</entity_64>
	<entity_65>
		<type>	MonsterSpawnPoint	</type>
		<transform>
			<row0>	0.965918 0.000000 -0.258819	</row0>
			<row1>	0.000000 0.999999 0.000000	</row1>
			<row2>	0.258819 0.000000 0.965918	</row2>
			<row3>	102.519081 15.164565 71.518021	</row3>
		</transform>
		<clientOnly>	false	</clientOnly>
		<properties>
			<entityName>	20751005	</entityName>
			<rediviousTime>	15.000000	</rediviousTime>
			<rediviousTotal>	1	</rediviousTotal>
			<randomWalkRange>	3.000000	</randomWalkRange>
			<patrolList>	</patrolList>
			<lineNumber>	0	</lineNumber>
			<patrolPathNode>	</patrolPathNode>
		</properties>
	</entity_65>
	<entity_66>
		<type>	MonsterSpawnPoint	</type>
		<transform>
			<row0>	-0.866020 0.000000 -0.499993	</row0>
			<row1>	0.000000 1.000000 0.000000	</row1>
			<row2>	0.499993 0.000000 -0.866020	</row2>
			<row3>	122.807556 15.164567 60.093323	</row3>
		</transform>
		<clientOnly>	false	</clientOnly>
		<properties>
			<entityName>	20751005	</entityName>
			<rediviousTime>	15.000000	</rediviousTime>
			<rediviousTotal>	1	</rediviousTotal>
			<randomWalkRange>	3.000000	</randomWalkRange>
			<patrolList>	</patrolList>
