<root>
	<entity_1>
		<type>	MonsterSpawnPoint	</type>
		<transform>
			<row0>	0.707088 -0.000125 -0.707092	</row0>
			<row1>	0.000069 0.999999 -0.000105	</row1>
			<row2>	0.707092 0.000027 0.707088	</row2>
			<row3>	130.172836 30.632645 117.570740	</row3>
		</transform>
		<clientOnly>	false	</clientOnly>
		<properties>
			<entityName>	20711007	</entityName>
			<rediviousTime>	15.000000	</rediviousTime>
			<rediviousTotal>	1	</rediviousTotal>
			<randomWalkRange>	3.000000	</randomWalkRange>
			<patrolList>	</patrolList>
			<lineNumber>	0	</lineNumber>
			<patrolPathNode>	</patrolPathNode>
		</properties>
	</entity_1>
	<entity_2>
		<type>	MonsterSpawnPoint	</type>
		<transform>
			<row0>	0.965902 0.000270 -0.258815	</row0>
			<row1>	-0.000199 0.999999 0.000303	</row1>
			<row2>	0.258815 -0.000240 0.965901	</row2>
			<row3>	121.478180 30.632643 121.567589	</row3>
		</transform>
		<clientOnly>	false	</clientOnly>
		<properties>
			<entityName>	20711007	</entityName>
			<rediviousTime>	15.000000	</rediviousTime>
			<rediviousTotal>	1	</rediviousTotal>
			<randomWalkRange>	3.000000	</randomWalkRange>
			<patrolList>	</patrolList>
			<lineNumber>	0	</lineNumber>
			<patrolPathNode>	</patrolPathNode>
		</properties>
	</entity_2>
	<entity_3>
		<type>	MonsterSpawnPoint	</type>
		<transform>
			<row0>	0.866005 -0.000015 0.499986	</row0>
			<row1>	0.000129 0.999999 -0.000197	</row1>
			<row2>	-0.499985 0.000236 0.866005	</row2>
			<row3>	121.670975 30.632643 104.807655	</row3>
		</transform>
		<clientOnly>	false	</clientOnly>
		<properties>
			<entityName>	20711007	</entityName>
			<rediviousTime>	15.000000	</rediviousTime>
			<rediviousTotal>	1	</rediviousTotal>
			<randomWalkRange>	3.000000	</randomWalkRange>
			<patrolList>	</patrolList>
			<lineNumber>	0	</lineNumber>
			<patrolPathNode>	</patrolPathNode>
		</properties>
	</entity_3>
	<entity_4>
		<type>	MonsterSpawnPoint	</type>
		<transform>
			<row0>	-0.499986 0.000234 0.866004	</row0>
			<row1>	0.000129 0.999998 -0.000198	</row1>
			<row2>	-0.866004 0.000014 -0.499985	</row2>
			<row3>	115.698860 30.632643 120.850601	</row3>
		</transform>
		<clientOnly>	false	</clientOnly>
		<properties>
			<entityName>	20711007	</entityName>
			<rediviousTime>	15.000000	</rediviousTime>
			<rediviousTotal>	1	</rediviousTotal>
			<randomWalkRange>	3.000000	</randomWalkRange>
			<patrolList>	</patrolList>
			<lineNumber>	0	</lineNumber>
			<patrolPathNode>	</patrolPathNode>
		</properties>
	</entity_4>
	<entity_5>
		<type>	MonsterSpawnPoint	</type>
		<transform>
			<row0>	0.258814 -0.000169 0.965901	</row0>
			<row1>	-0.000138 0.999998 0.000211	</row1>
			<row2>	-0.965900 -0.000187 0.258815	</row2>
			<row3>	119.760162 30.632641 113.620453	</row3>
		</transform>
		<clientOnly>	false	</clientOnly>
		<properties>
			<entityName>	20711007	</entityName>
			<rediviousTime>	15.000000	</rediviousTime>
			<rediviousTotal>	1	</rediviousTotal>
			<randomWalkRange>	3.000000	</randomWalkRange>
			<patrolList>	</patrolList>
			<lineNumber>	0	</lineNumber>
			<patrolPathNode>	</patrolPathNode>
		</properties>
	</entity_5>
	<entity_6>
		<type>	MonsterSpawnPoint	</type>
		<transform>
			<row0>	-0.258811 -0.000106 0.965902	</row0>
			<row1>	-0.000059 0.999998 0.000091	</row1>
			<row2>	-0.965900 -0.000033 -0.258809	</row2>
			<row3>	102.353104 30.632643 118.817139	</row3>
		</transform>
		<clientOnly>	false	</clientOnly>
		<properties>
			<entityName>	20711007	</entityName>
			<rediviousTime>	15.000000	</rediviousTime>
			<rediviousTotal>	1	</rediviousTotal>
			<randomWalkRange>	3.000000	</randomWalkRange>
			<patrolList>	</patrolList>
			<lineNumber>	0	</lineNumber>
			<patrolPathNode>	</patrolPathNode>
		</properties>
	</entity_6>
	<entity_7>
		<type>	MonsterSpawnPoint	</type>
		<transform>
			<row0>	-0.499993 0.000000 -0.866007	</row0>
			<row1>	0.000000 0.999999 0.000000	</row1>
			<row2>	0.866007 0.000000 -0.499993	</row2>
			<row3>	83.988617 30.632645 108.551437	</row3>
		</transform>
		<clientOnly>	false	</clientOnly>
		<properties>
			<entityName>	20711007	</entityName>
			<rediviousTime>	15.000000	</rediviousTime>
			<rediviousTotal>	1	</rediviousTotal>
			<randomWalkRange>	3.000000	</randomWalkRange>
			<patrolList>	</patrolList>
			<lineNumber>	0	</lineNumber>
			<patrolPathNode>	</patrolPathNode>
		</properties>
	</entity_7>
	<entity_8>
		<type>	SpaceDoor	</type>
		<transform>
			<row0>	-0.999998 0.000000 0.000000	</row0>
			<row1>	0.000000 0.999998 0.000000	</row1>
			<row2>	0.000000 0.000000 -0.999998	</row2>
			<row3>	134.212402 30.772928 96.453461	</row3>
		</transform>
		<clientOnly>	false	</clientOnly>
		<properties>
			<className>	</className>
			<useRectangle>	1	</useRectangle>
			<radius>	0.000000	</radius>
			<volume>	1.000000 6.000000 6.300000	</volume>
			<modelNumber>	gw7123	</modelNumber>
			<modelScale>	50.000000	</modelScale>
			<destSpace>	liu_wang_mu_004	</destSpace>
			<description>	</description>
			<uname>	</uname>
			<nickname>	</nickname>
			<destPosition>	40.032001 15.164000 150.718002	</destPosition>
			<destDirection>	0.000000 -180.000000 0.000000	</destDirection>
			<patrolPathNode>	</patrolPathNode>
		</properties>
	</entity_8>
	<entity_9>
		<type>	MonsterSpawnPoint	</type>
		<transform>
			<row0>	0.258811 0.000000 -0.965908	</row0>
			<row1>	0.000000 0.999999 0.000000	</row1>
			<row2>	0.965908 0.000000 0.258811	</row2>
			<row3>	81.873047 30.632645 115.596031	</row3>
		</transform>
		<clientOnly>	false	</clientOnly>
		<properties>
			<entityName>	20711007	</entityName>
			<rediviousTime>	15.000000	</rediviousTime>
			<rediviousTotal>	1	</rediviousTotal>
			<randomWalkRange>	3.000000	</randomWalkRange>
			<patrolList>	</patrolList>
			<lineNumber>	0	</lineNumber>
			<patrolPathNode>	</patrolPathNode>
		</properties>
	</entity_9>
	<entity_10>
		<type>	MonsterSpawnPoint	</type>
		<transform>
			<row0>	0.965907 0.000000 0.258811	</row0>
			<row1>	0.000000 0.999999 0.000000	</row1>
			<row2>	-0.258811 0.000000 0.965907	</row2>
			<row3>	93.350548 30.632645 121.830475	</row3>
		</transform>
		<clientOnly>	false	</clientOnly>
		<properties>
			<entityName>	20711007	</entityName>
			<rediviousTime>	15.000000	</rediviousTime>
			<rediviousTotal>	1	</rediviousTotal>
			<randomWalkRange>	3.000000	</randomWalkRange>
			<patrolList>	</patrolList>
			<lineNumber>	0	</lineNumber>
			<patrolPathNode>	</patrolPathNode>
		</properties>
	</entity_10>
	<entity_11>
		<type>	MonsterSpawnPoint	</type>
		<transform>
			<row0>	-0.707090 0.000280 0.707094	</row0>
			<row1>	0.000156 0.999999 -0.000240	</row1>
			<row2>	-0.707093 -0.000059 -0.707091	</row2>
			<row3>	95.230751 30.632648 70.788681	</row3>
		</transform>
		<clientOnly>	false	</clientOnly>
		<properties>
			<entityName>	20711007	</entityName>
			<rediviousTime>	15.000000	</rediviousTime>
			<rediviousTotal>	1	</rediviousTotal>
			<randomWalkRange>	3.000000	</randomWalkRange>
			<patrolList>	</patrolList>
			<lineNumber>	0	</lineNumber>
			<patrolPathNode>	</patrolPathNode>
		</properties>
	</entity_11>
	<entity_12>
		<type>	MonsterSpawnPoint	</type>
		<transform>
			<row0>	-0.707088 0.000229 0.707090	</row0>
			<row1>	0.000129 0.999998 -0.000199	</row1>
			<row2>	-0.707089 -0.000049 -0.707085	</row2>
			<row3>	111.350685 30.682735 105.154808	</row3>
		</transform>
		<clientOnly>	false	</clientOnly>
		<properties>
			<entityName>	20711007	</entityName>
			<rediviousTime>	15.000000	</rediviousTime>
			<rediviousTotal>	1	</rediviousTotal>
			<randomWalkRange>	3.000000	</randomWalkRange>
			<patrolList>	</patrolList>
			<lineNumber>	0	</lineNumber>
			<patrolPathNode>	</patrolPathNode>
		</properties>
	</entity_12>
	<entity_13>
		<type>	MonsterSpawnPoint	</type>
		<transform>
			<row0>	-0.499990 0.000098 -0.866005	</row0>
			<row1>	-0.000120 0.999999 0.000184	</row1>
			<row2>	0.866006 0.000196 -0.499990	</row2>
			<row3>	121.302109 30.632641 86.384880	</row3>
		</transform>
		<clientOnly>	false	</clientOnly>
		<properties>
			<entityName>	20711007	</entityName>
			<rediviousTime>	15.000000	</rediviousTime>
			<rediviousTotal>	1	</rediviousTotal>
			<randomWalkRange>	3.000000	</randomWalkRange>
			<patrolList>	</patrolList>
			<lineNumber>	0	</lineNumber>
			<patrolPathNode>	</patrolPathNode>
		</properties>
	</entity_13>
	<entity_14>
		<type>	MonsterSpawnPoint	</type>
		<transform>
			<row0>	-0.866007 -0.000022 -0.499987	</row0>
			<row1>	-0.000199 0.999999 0.000303	</row1>
			<row2>	0.499988 0.000361 -0.866007	</row2>
			<row3>	127.876419 30.632645 77.966217	</row3>
		</transform>
		<clientOnly>	false	</clientOnly>
		<properties>
			<entityName>	20711007	</entityName>
			<rediviousTime>	15.000000	</rediviousTime>
			<rediviousTotal>	1	</rediviousTotal>
			<randomWalkRange>	3.000000	</randomWalkRange>
			<patrolList>	</patrolList>
			<lineNumber>	0	</lineNumber>
			<patrolPathNode>	</patrolPathNode>
		</properties>
	</entity_14>
	<entity_15>
		<type>	MonsterSpawnPoint	</type>
		<transform>
			<row0>	-0.866008 -0.000006 -0.499987	</row0>
			<row1>	-0.000060 0.999999 0.000092	</row1>
			<row2>	0.499988 0.000110 -0.866008	</row2>
			<row3>	123.124062 30.632643 71.174202	</row3>
		</transform>
		<clientOnly>	false	</clientOnly>
		<properties>
			<entityName>	20711007	</entityName>
			<rediviousTime>	15.000000	</rediviousTime>
			<rediviousTotal>	1	</rediviousTotal>
			<randomWalkRange>	3.000000	</randomWalkRange>
			<patrolList>	</patrolList>
			<lineNumber>	0	</lineNumber>
			<patrolPathNode>	</patrolPathNode>
		</properties>
	</entity_15>
	<entity_16>
		<type>	MonsterSpawnPoint	</type>
		<transform>
			<row0>	-0.965905 0.000282 0.258816	</row0>
			<row1>	0.000207 0.999999 -0.000317	</row1>
			<row2>	-0.258815 -0.000253 -0.965905	</row2>
			<row3>	112.854324 30.632645 70.989380	</row3>
		</transform>
		<clientOnly>	false	</clientOnly>
		<properties>
			<entityName>	20711007	</entityName>
			<rediviousTime>	15.000000	</rediviousTime>
			<rediviousTotal>	1	</rediviousTotal>
			<randomWalkRange>	3.000000	</randomWalkRange>
			<patrolList>	</patrolList>
			<lineNumber>	0	</lineNumber>
			<patrolPathNode>	</patrolPathNode>
		</properties>
	</entity_16>
	<entity_17>
		<type>	MonsterSpawnPoint	</type>
		<transform>
			<row0>	-0.499991 0.000099 -0.866005	</row0>
			<row1>	-0.000120 0.999999 0.000184	</row1>
			<row2>	0.866006 0.000196 -0.499990	</row2>
			<row3>	119.573982 30.632645 78.723892	</row3>
		</transform>
		<clientOnly>	false	</clientOnly>
		<properties>
			<entityName>	20711007	</entityName>
			<rediviousTime>	15.000000	</rediviousTime>
			<rediviousTotal>	1	</rediviousTotal>
			<randomWalkRange>	3.000000	</randomWalkRange>
			<patrolList>	</patrolList>
			<lineNumber>	0	</lineNumber>
			<patrolPathNode>	</patrolPathNode>
		</properties>
	</entity_17>
	<entity_18>
		<type>	MonsterSpawnPoint	</type>
		<transform>
			<row0>	0.707096 0.000000 0.707092	</row0>
			<row1>	0.000000 0.999999 0.000000	</row1>
			<row2>	-0.707092 0.000000 0.707096	</row2>
			<row3>	79.593742 30.632641 79.763992	</row3>
		</transform>
		<clientOnly>	false	</clientOnly>
		<properties>
			<entityName>	20711007	</entityName>
			<rediviousTime>	15.000000	</rediviousTime>
			<rediviousTotal>	1	</rediviousTotal>
			<randomWalkRange>	3.000000	</randomWalkRange>
			<patrolList>	</patrolList>
			<lineNumber>	0	</lineNumber>
			<patrolPathNode>	</patrolPathNode>
		</properties>
	</entity_18>
	<entity_19>
		<type>	MonsterSpawnPoint	</type>
		<transform>
			<row0>	0.499991 0.000000 0.866006	</row0>
			<row1>	0.000000 0.999999 0.000000	</row1>
			<row2>	-0.866006 0.000000 0.499991	</row2>
			<row3>	109.226746 30.632643 111.606613	</row3>
		</transform>
		<clientOnly>	false	</clientOnly>
		<properties>
			<entityName>	20711007	</entityName>
			<rediviousTime>	15.000000	</rediviousTime>
			<rediviousTotal>	1	</rediviousTotal>
			<randomWalkRange>	3.000000	</randomWalkRange>
			<patrolList>	</patrolList>
			<lineNumber>	0	</lineNumber>
			<patrolPathNode>	</patrolPathNode>
		</properties>
	</entity_19>
	<entity_20>
		<type>	MonsterSpawnPoint	</type>
		<transform>
			<row0>	0.258814 -0.000171 0.965900	</row0>
			<row1>	-0.000137 0.999998 0.000211	</row1>
			<row2>	-0.965899 -0.000186 0.258815	</row2>
			<row3>	101.477913 30.632645 110.402451	</row3>
		</transform>
		<clientOnly>	false	</clientOnly>
		<properties>
			<entityName>	20711007	</entityName>
			<rediviousTime>	15.000000	</rediviousTime>
			<rediviousTotal>	1	</rediviousTotal>
			<randomWalkRange>	3.000000	</randomWalkRange>
			<patrolList>	</patrolList>
			<lineNumber>	0	</lineNumber>
			<patrolPathNode>	</patrolPathNode>
		</properties>
	</entity_20>
	<entity_21>
		<type>	MonsterSpawnPoint	</type>
		<transform>
			<row0>	0.866009 0.000000 0.499987	</row0>
			<row1>	0.000000 0.999999 0.000000	</row1>
			<row2>	-0.499987 0.000000 0.866009	</row2>
			<row3>	93.803154 30.632645 112.815147	</row3>
		</transform>
		<clientOnly>	false	</clientOnly>
		<properties>
			<entityName>	20711007	</entityName>
			<rediviousTime>	15.000000	</rediviousTime>
			<rediviousTotal>	1	</rediviousTotal>
			<randomWalkRange>	3.000000	</randomWalkRange>
			<patrolList>	</patrolList>
			<lineNumber>	0	</lineNumber>
			<patrolPathNode>	</patrolPathNode>
		</properties>
	</entity_21>
	<entity_22>
		<type>	MonsterSpawnPoint	</type>
		<transform>
			<row0>	-0.707091 0.000000 0.707095	</row0>
			<row1>	0.000000 0.999999 0.000000	</row1>
			<row2>	-0.707095 0.000000 -0.707091	</row2>
			<row3>	85.739288 30.632643 74.278564	</row3>
		</transform>
		<clientOnly>	false	</clientOnly>
		<properties>
			<entityName>	20711007	</entityName>
			<rediviousTime>	15.000000	</rediviousTime>
			<rediviousTotal>	1	</rediviousTotal>
			<randomWalkRange>	3.000000	</randomWalkRange>
			<patrolList>	</patrolList>
			<lineNumber>	0	</lineNumber>
			<patrolPathNode>	</patrolPathNode>
		</properties>
	</entity_22>
	<entity_23>
		<type>	MonsterSpawnPoint	</type>
		<transform>
			<row0>	-0.258812 0.000000 0.965906	</row0>
			<row1>	0.000000 0.999999 0.000000	</row1>
			<row2>	-0.965906 0.000000 -0.258812	</row2>
			<row3>	91.589897 30.632645 80.775101	</row3>
		</transform>
		<clientOnly>	false	</clientOnly>
		<properties>
			<entityName>	20711007	</entityName>
			<rediviousTime>	15.000000	</rediviousTime>
			<rediviousTotal>	1	</rediviousTotal>
			<randomWalkRange>	3.000000	</randomWalkRange>
			<patrolList>	</patrolList>
			<lineNumber>	0	</lineNumber>
			<patrolPathNode>	</patrolPathNode>
		</properties>
	</entity_23>
	<entity_24>
		<type>	MonsterSpawnPoint	</type>
		<transform>
			<row0>	0.965908 0.000000 -0.258817	</row0>
			<row1>	0.000000 0.999999 0.000000	</row1>
			<row2>	0.258817 0.000000 0.965908	</row2>
			<row3>	99.184105 30.682739 85.248352	</row3>
		</transform>
		<clientOnly>	false	</clientOnly>
		<properties>
			<entityName>	20711007	</entityName>
			<rediviousTime>	15.000000	</rediviousTime>
			<rediviousTotal>	1	</rediviousTotal>
			<randomWalkRange>	3.000000	</randomWalkRange>
			<patrolList>	</patrolList>
			<lineNumber>	0	</lineNumber>
			<patrolPathNode>	</patrolPathNode>
		</properties>
	</entity_24>
	<entity_25>
		<type>	MonsterSpawnPoint	</type>
		<transform>
			<row0>	-0.707095 0.000000 -0.707091	</row0>
			<row1>	0.000000 0.999999 0.000000	</row1>
			<row2>	0.707091 0.000000 -0.707095	</row2>
			<row3>	84.047470 30.632645 87.185822	</row3>
		</transform>
		<clientOnly>	false	</clientOnly>
		<properties>
			<entityName>	20711007	</entityName>
			<rediviousTime>	15.000000	</rediviousTime>
			<rediviousTotal>	1	</rediviousTotal>
			<randomWalkRange>	3.000000	</randomWalkRange>
			<patrolList>	</patrolList>
			<lineNumber>	0	</lineNumber>
			<patrolPathNode>	</patrolPathNode>
		</properties>
	</entity_25>
	<entity_26>
		<type>	MonsterSpawnPoint	</type>
		<transform>
			<row0>	0.866008 0.000000 -0.499993	</row0>
			<row1>	0.000000 0.999998 0.000000	</row1>
			<row2>	0.499993 0.000000 0.866008	</row2>
			<row3>	99.252892 30.632645 77.230156	</row3>
		</transform>
		<clientOnly>	false	</clientOnly>
		<properties>
			<entityName>	20711007	</entityName>
			<rediviousTime>	15.000000	</rediviousTime>
			<rediviousTotal>	1	</rediviousTotal>
			<randomWalkRange>	3.000000	</randomWalkRange>
			<patrolList>	</patrolList>
			<lineNumber>	0	</lineNumber>
			<patrolPathNode>	</patrolPathNode>
		</properties>
	</entity_26>
	<entity_27>
		<type>	MonsterSpawnPoint	</type>
		<transform>
			<row0>	0.999979 0.000000 -0.000002	</row0>
			<row1>	0.000000 0.999999 0.000000	</row1>
			<row2>	0.000002 0.000000 0.999979	</row2>
			<row3>	107.687088 30.632645 78.747826	</row3>
		</transform>
		<clientOnly>	false	</clientOnly>
		<properties>
			<entityName>	20711007	</entityName>
			<rediviousTime>	15.000000	</rediviousTime>
			<rediviousTotal>	1	</rediviousTotal>
			<randomWalkRange>	3.000000	</randomWalkRange>
			<patrolList>	</patrolList>
			<lineNumber>	0	</lineNumber>
			<patrolPathNode>	</patrolPathNode>
		</properties>
	</entity_27>
	<entity_28>
		<type>	MonsterSpawnPoint	</type>
		<transform>
			<row0>	-0.258814 0.000070 -0.965900	</row0>
			<row1>	-0.000059 0.999997 0.000091	</row1>
			<row2>	0.965897 0.000081 -0.258814	</row2>
			<row3>	108.949486 30.682732 85.898506	</row3>
		</transform>
		<clientOnly>	false	</clientOnly>
		<properties>
			<entityName>	20711007	</entityName>
			<rediviousTime>	15.000000	</rediviousTime>
			<rediviousTotal>	1	</rediviousTotal>
			<randomWalkRange>	3.000000	</randomWalkRange>
			<patrolList>	</patrolList>
			<lineNumber>	0	</lineNumber>
			<patrolPathNode>	</patrolPathNode>
		</properties>
	</entity_28>
	<entity_29>
		<type>	CollectPoint	</type>
		<transform>
			<row0>	-0.989359 0.000000 -0.145412	</row0>
			<row1>	0.000000 0.999988 0.000000	</row1>
			<row2>	0.145413 0.000001 -0.989359	</row2>
			<row3>	99.417511 30.632645 122.334335	</row3>
		</transform>
		<clientOnly>	false	</clientOnly>
		<properties>
			<className>	30112109	</className>
			<rediviousTime>	1150.000000	</rediviousTime>
			<lineNumber>	1	</lineNumber>
			<patrolPathNode>	</patrolPathNode>
		</properties>
	</entity_29>
	<entity_30>
		<type>	CollectPoint	</type>
		<transform>
			<row0>	0.999997 0.000000 0.000001	</row0>
			<row1>	0.000000 0.999997 0.000000	</row1>
			<row2>	-0.000001 0.000000 0.999997	</row2>
			<row3>	94.258537 30.632641 125.898743	</row3>
		</transform>
		<clientOnly>	false	</clientOnly>
		<properties>
			<className>	30112115	</className>
			<rediviousTime>	1150.000000	</rediviousTime>
			<lineNumber>	1	</lineNumber>
			<patrolPathNode>	</patrolPathNode>
		</properties>
	</entity_30>
	<entity_31>
		<type>	CollectPoint	</type>
		<transform>
			<row0>	0.979804 0.000000 -0.199945	</row0>
			<row1>	0.000000 0.999997 0.000000	</row1>
			<row2>	0.199945 0.000000 0.979804	</row2>
			<row3>	134.281006 30.632643 72.049377	</row3>
		</transform>
		<clientOnly>	false	</clientOnly>
		<properties>
			<className>	30112097	</className>
			<rediviousTime>	1150.000000	</rediviousTime>
			<lineNumber>	1	</lineNumber>
			<patrolPathNode>	</patrolPathNode>
		</properties>
	</entity_31>
	<entity_32>
		<type>	CollectPoint	</type>
		<transform>
			<row0>	-0.443347 0.417083 -0.793394	</row0>
			<row1>	-0.523940 0.597590 0.606927	</row1>
			<row2>	0.727267 0.684774 -0.046414	</row2>
			<row3>	48.801994 36.695545 92.613815	</row3>
		</transform>
		<clientOnly>	false	</clientOnly>
		<properties>
			<className>	30112103	</className>
			<rediviousTime>	1150.000000	</rediviousTime>
			<lineNumber>	1	</lineNumber>
			<patrolPathNode>	</patrolPathNode>
		</properties>
	</entity_32>
	<entity_33>
		<type>	SpaceDoor	</type>
		<transform>
			<row0>	0.999999 0.000000 0.000000	</row0>
			<row1>	0.000000 0.999999 0.000000	</row1>
			<row2>	0.000000 0.000000 0.999999	</row2>
			<row3>	-64.492371 38.839474 16.285683	</row3>
		</transform>
		<clientOnly>	false	</clientOnly>
		<properties>
			<className>	</className>
			<useRectangle>	1	</useRectangle>
			<radius>	0.000000	</radius>
			<volume>	1.000000 6.000000 6.300000	</volume>
			<modelNumber>	gw7123	</modelNumber>
			<modelScale>	50.000000	</modelScale>
			<destSpace>	liu_wang_mu_002	</destSpace>
			<description>	</description>
			<uname>	</uname>
			<nickname>	</nickname>
			<destPosition>	40.533001 15.164000 134.815002	</destPosition>
			<destDirection>	0.000000 180.000000 0.000000	</destDirection>
			<patrolPathNode>	</patrolPathNode>
		</properties>
	</entity_33>
	<entity_34>
		<type>	MonsterSpawnPoint	</type>
		<transform>
			<row0>	-0.499998 0.000000 0.866023	</row0>
			<row1>	0.000000 0.999999 0.000000	</row1>
			<row2>	-0.866023 0.000000 -0.499998	</row2>
			<row3>	-53.452660 38.632645 1.827349	</row3>
		</transform>
		<clientOnly>	false	</clientOnly>
		<properties>
			<entityName>	20721004	</entityName>
			<rediviousTime>	15.000000	</rediviousTime>
			<rediviousTotal>	1	</rediviousTotal>
			<randomWalkRange>	3.000000	</randomWalkRange>
			<patrolList>	</patrolList>
			<lineNumber>	0	</lineNumber>
			<patrolPathNode>	</patrolPathNode>
		</properties>
	</entity_34>
	<entity_35>
		<type>	MonsterSpawnPoint	</type>
		<transform>
			<row0>	-0.866023 0.000000 -0.499998	</row0>
			<row1>	0.000000 0.999999 0.000000	</row1>
			<row2>	0.499998 0.000000 -0.866023	</row2>
			<row3>	-59.956245 38.632645 -0.225050	</row3>
		</transform>
		<clientOnly>	false	</clientOnly>
		<properties>
			<entityName>	20721004	</entityName>
			<rediviousTime>	15.000000	</rediviousTime>
			<rediviousTotal>	1	</rediviousTotal>
			<randomWalkRange>	3.000000	</randomWalkRange>
			<patrolList>	</patrolList>
			<lineNumber>	0	</lineNumber>
			<patrolPathNode>	</patrolPathNode>
		</properties>
	</entity_35>
	<entity_36>
		<type>	MonsterSpawnPoint	</type>
		<transform>
			<row0>	0.707104 0.000000 0.707101	</row0>
			<row1>	0.000000 0.999999 0.000000	</row1>
			<row2>	-0.707101 0.000000 0.707104	</row2>
			<row3>	-59.944130 38.632641 8.423263	</row3>
		</transform>
		<clientOnly>	false	</clientOnly>
		<properties>
			<entityName>	20721004	</entityName>
			<rediviousTime>	15.000000	</rediviousTime>
			<rediviousTotal>	1	</rediviousTotal>
			<randomWalkRange>	3.000000	</randomWalkRange>
			<patrolList>	</patrolList>
			<lineNumber>	0	</lineNumber>
			<patrolPathNode>	</patrolPathNode>
		</properties>
	</entity_36>
	<entity_37>
		<type>	MonsterSpawnPoint	</type>
		<transform>
			<row0>	0.258820 0.000000 0.965919	</row0>
			<row1>	0.000000 0.999999 0.000000	</row1>
			<row2>	-0.965919 0.000000 0.258820	</row2>
			<row3>	-47.721626 38.632645 5.546532	</row3>
		</transform>
		<clientOnly>	false	</clientOnly>
		<properties>
			<entityName>	20721004	</entityName>
			<rediviousTime>	15.000000	</rediviousTime>
			<rediviousTotal>	1	</rediviousTotal>
			<randomWalkRange>	3.000000	</randomWalkRange>
			<patrolList>	</patrolList>
			<lineNumber>	0	</lineNumber>
			<patrolPathNode>	</patrolPathNode>
		</properties>
	</entity_37>
	<entity_38>
		<type>	MonsterSpawnPoint	</type>
		<transform>
			<row0>	0.866022 0.000000 -0.499999	</row0>
			<row1>	0.000000 0.999998 0.000000	</row1>
			<row2>	0.499999 0.000000 0.866022	</row2>
			<row3>	-42.369362 38.632645 1.299233	</row3>
		</transform>
		<clientOnly>	false	</clientOnly>
		<properties>
			<entityName>	20721004	</entityName>
			<rediviousTime>	15.000000	</rediviousTime>
			<rediviousTotal>	1	</rediviousTotal>
			<randomWalkRange>	3.000000	</randomWalkRange>
			<patrolList>	</patrolList>
			<lineNumber>	0	</lineNumber>
			<patrolPathNode>	</patrolPathNode>
		</properties>
	</entity_38>
	<entity_39>
		<type>	MonsterSpawnPoint	</type>
		<transform>
			<row0>	0.999996 0.000000 -0.000001	</row0>
			<row1>	0.000000 0.999998 0.000000	</row1>
			<row2>	0.000001 0.000000 0.999996	</row2>
			<row3>	-41.406441 38.632641 6.152721	</row3>
		</transform>
		<clientOnly>	false	</clientOnly>
		<properties>
			<entityName>	20721004	</entityName>
			<rediviousTime>	15.000000	</rediviousTime>
			<rediviousTotal>	1	</rediviousTotal>
			<randomWalkRange>	3.000000	</randomWalkRange>
			<patrolList>	</patrolList>
			<lineNumber>	0	</lineNumber>
			<patrolPathNode>	</patrolPathNode>
		</properties>
	</entity_39>
	<entity_40>
		<type>	MonsterSpawnPoint	</type>
		<transform>
			<row0>	0.000001 0.000000 0.999995	</row0>
			<row1>	0.000000 0.999999 0.000000	</row1>
			<row2>	-0.999995 0.000000 0.000001	</row2>
			<row3>	-34.149010 38.632641 7.409886	</row3>
		</transform>
		<clientOnly>	false	</clientOnly>
		<properties>
			<entityName>	20721004	</entityName>
			<rediviousTime>	15.000000	</rediviousTime>
			<rediviousTotal>	1	</rediviousTotal>
			<randomWalkRange>	3.000000	</randomWalkRange>
			<patrolList>	</patrolList>
			<lineNumber>	0	</lineNumber>
			<patrolPathNode>	</patrolPathNode>
		</properties>
	</entity_40>
	<entity_41>
		<type>	MonsterSpawnPoint	</type>
		<transform>
			<row0>	-0.965923 0.000000 -0.258817	</row0>
			<row1>	0.000000 0.999999 0.000000	</row1>
			<row2>	0.258817 0.000000 -0.965923	</row2>
			<row3>	-34.104858 38.632637 22.848238	</row3>
		</transform>
		<clientOnly>	false	</clientOnly>
		<properties>
			<entityName>	20721004	</entityName>
			<rediviousTime>	15.000000	</rediviousTime>
			<rediviousTotal>	1	</rediviousTotal>
			<randomWalkRange>	3.000000	</randomWalkRange>
			<patrolList>	</patrolList>
			<lineNumber>	0	</lineNumber>
			<patrolPathNode>	</patrolPathNode>
		</properties>
	</entity_41>
	<entity_42>
		<type>	MonsterSpawnPoint	</type>
		<transform>
			<row0>	-0.258819 0.000000 0.965924	</row0>
			<row1>	0.000000 0.999999 0.000000	</row1>
			<row2>	-0.965924 0.000000 -0.258819	</row2>
			<row3>	-38.317177 38.632645 32.410538	</row3>
		</transform>
		<clientOnly>	false	</clientOnly>
		<properties>
			<entityName>	20721004	</entityName>
			<rediviousTime>	15.000000	</rediviousTime>
			<rediviousTotal>	1	</rediviousTotal>
			<randomWalkRange>	3.000000	</randomWalkRange>
			<patrolList>	</patrolList>
			<lineNumber>	0	</lineNumber>
			<patrolPathNode>	</patrolPathNode>
		</properties>
	</entity_42>
	<entity_43>
		<type>	MonsterSpawnPoint	</type>
		<transform>
			<row0>	0.866019 0.000000 -0.499999	</row0>
			<row1>	0.000000 0.999999 0.000000	</row1>
			<row2>	0.499999 0.000000 0.866019	</row2>
			<row3>	-54.870720 38.632645 23.640266	</row3>
		</transform>
		<clientOnly>	false	</clientOnly>
		<properties>
			<entityName>	20721004	</entityName>
			<rediviousTime>	15.000000	</rediviousTime>
			<rediviousTotal>	1	</rediviousTotal>
			<randomWalkRange>	3.000000	</randomWalkRange>
			<patrolList>	</patrolList>
			<lineNumber>	0	</lineNumber>
			<patrolPathNode>	</patrolPathNode>
		</properties>
	</entity_43>
	<entity_44>
		<type>	MonsterSpawnPoint	</type>
		<transform>
			<row0>	0.499999 0.000000 0.866024	</row0>
			<row1>	0.000000 0.999999 0.000000	</row1>
			<row2>	-0.866024 0.000000 0.499999	</row2>
			<row3>	-61.581841 38.632645 33.522896	</row3>
		</transform>
		<clientOnly>	false	</clientOnly>
		<properties>
			<entityName>	20721004	</entityName>
			<rediviousTime>	15.000000	</rediviousTime>
			<rediviousTotal>	1	</rediviousTotal>
			<randomWalkRange>	3.000000	</randomWalkRange>
			<patrolList>	</patrolList>
			<lineNumber>	0	</lineNumber>
			<patrolPathNode>	</patrolPathNode>
		</properties>
	</entity_44>
	<entity_45>
		<type>	MonsterSpawnPoint	</type>
		<transform>
			<row0>	-0.258818 0.000000 0.965923	</row0>
			<row1>	0.000000 0.999999 0.000000	</row1>
			<row2>	-0.965923 0.000000 -0.258818	</row2>
			<row3>	-60.509144 38.632645 26.974682	</row3>
		</transform>
		<clientOnly>	false	</clientOnly>
		<properties>
			<entityName>	20721004	</entityName>
			<rediviousTime>	15.000000	</rediviousTime>
			<rediviousTotal>	1	</rediviousTotal>
			<randomWalkRange>	3.000000	</randomWalkRange>
			<patrolList>	</patrolList>
			<lineNumber>	0	</lineNumber>
			<patrolPathNode>	</patrolPathNode>
		</properties>
	</entity_45>
	<entity_46>
		<type>	MonsterSpawnPoint	</type>
		<transform>
			<row0>	0.258818 0.000000 0.965924	</row0>
			<row1>	0.000000 0.999999 0.000000	</row1>
			<row2>	-0.965924 0.000000 0.258818	</row2>
			<row3>	-53.331497 38.632645 29.218102	</row3>
		</transform>
		<clientOnly>	false	</clientOnly>
		<properties>
			<entityName>	20721004	</entityName>
			<rediviousTime>	15.000000	</rediviousTime>
			<rediviousTotal>	1	</rediviousTotal>
			<randomWalkRange>	3.000000	</randomWalkRange>
			<patrolList>	</patrolList>
			<lineNumber>	0	</lineNumber>
			<patrolPathNode>	</patrolPathNode>
		</properties>
	</entity_46>
	<entity_47>
		<type>	MonsterSpawnPoint	</type>
		<transform>
			<row0>	-0.258819 0.000000 0.965923	</row0>
			<row1>	0.000000 0.999999 0.000000	</row1>
			<row2>	-0.965923 0.000000 -0.258819	</row2>
			<row3>	-48.338535 38.632645 32.294563	</row3>
		</transform>
		<clientOnly>	false	</clientOnly>
		<properties>
			<entityName>	20721004	</entityName>
			<rediviousTime>	15.000000	</rediviousTime>
			<rediviousTotal>	1	</rediviousTotal>
			<randomWalkRange>	3.000000	</randomWalkRange>
			<patrolList>	</patrolList>
			<lineNumber>	0	</lineNumber>
			<patrolPathNode>	</patrolPathNode>
		</properties>
	</entity_47>
	<entity_48>
		<type>	MonsterSpawnPoint	</type>
		<transform>
			<row0>	-0.499999 0.000000 0.866022	</row0>
			<row1>	0.000000 0.999998 0.000000	</row1>
			<row2>	-0.866022 0.000000 -0.499999	</row2>
			<row3>	-45.507271 38.632645 23.776840	</row3>
		</transform>
		<clientOnly>	false	</clientOnly>
		<properties>
			<entityName>	20721004	</entityName>
			<rediviousTime>	15.000000	</rediviousTime>
			<rediviousTotal>	1	</rediviousTotal>
			<randomWalkRange>	3.000000	</randomWalkRange>
			<patrolList>	</patrolList>
			<lineNumber>	0	</lineNumber>
			<patrolPathNode>	</patrolPathNode>
		</properties>
	</entity_48>
	<entity_49>
		<type>	MonsterSpawnPoint	</type>
		<transform>
			<row0>	0.707101 0.000000 -0.707104	</row0>
			<row1>	0.000000 0.999999 0.000000	</row1>
			<row2>	0.707104 0.000000 0.707101	</row2>
			<row3>	-42.354759 38.632648 29.022079	</row3>
		</transform>
		<clientOnly>	false	</clientOnly>
		<properties>
			<entityName>	20721004	</entityName>
			<rediviousTime>	15.000000	</rediviousTime>
			<rediviousTotal>	1	</rediviousTotal>
			<randomWalkRange>	3.000000	</randomWalkRange>
			<patrolList>	</patrolList>
			<lineNumber>	0	</lineNumber>
			<patrolPathNode>	</patrolPathNode>
		</properties>
	</entity_49>
	<entity_50>
		<type>	MonsterSpawnPoint	</type>
		<transform>
			<row0>	-0.499995 0.000000 0.866021	</row0>
			<row1>	0.000000 0.999999 0.000000	</row1>
			<row2>	-0.866021 0.000000 -0.499995	</row2>
			<row3>	-29.185200 38.632645 33.433372	</row3>
		</transform>
		<clientOnly>	false	</clientOnly>
		<properties>
			<entityName>	20721004	</entityName>
			<rediviousTime>	15.000000	</rediviousTime>
			<rediviousTotal>	1	</rediviousTotal>
			<randomWalkRange>	3.000000	</randomWalkRange>
			<patrolList>	</patrolList>
			<lineNumber>	0	</lineNumber>
			<patrolPathNode>	</patrolPathNode>
		</properties>
	</entity_50>
	<entity_51>
		<type>	MonsterSpawnPoint	</type>
		<transform>
			<row0>	-0.499999 0.000000 0.866022	</row0>
			<row1>	0.000000 0.999998 0.000000	</row1>
			<row2>	-0.866022 0.000000 -0.499999	</row2>
			<row3>	-32.764091 38.632645 28.592670	</row3>
		</transform>
		<clientOnly>	false	</clientOnly>
		<properties>
			<entityName>	20721004	</entityName>
			<rediviousTime>	15.000000	</rediviousTime>
			<rediviousTotal>	1	</rediviousTotal>
			<randomWalkRange>	3.000000	</randomWalkRange>
			<patrolList>	</patrolList>
			<lineNumber>	0	</lineNumber>
			<patrolPathNode>	</patrolPathNode>
		</properties>
	</entity_51>
	<entity_52>
		<type>	MonsterSpawnPoint	</type>
		<transform>
			<row0>	-0.965923 0.000000 0.258819	</row0>
			<row1>	0.000000 0.999999 0.000000	</row1>
			<row2>	-0.258819 0.000000 -0.965923	</row2>
			<row3>	-27.915983 38.632645 -1.533907	</row3>
		</transform>
		<clientOnly>	false	</clientOnly>
		<properties>
			<entityName>	20721004	</entityName>
			<rediviousTime>	15.000000	</rediviousTime>
			<rediviousTotal>	1	</rediviousTotal>
			<randomWalkRange>	3.000000	</randomWalkRange>
			<patrolList>	</patrolList>
			<lineNumber>	0	</lineNumber>
			<patrolPathNode>	</patrolPathNode>
		</properties>
	</entity_52>
	<entity_53>
		<type>	MonsterSpawnPoint	</type>
		<transform>
			<row0>	0.499999 0.000000 0.866021	</row0>
			<row1>	0.000000 0.999999 0.000000	</row1>
			<row2>	-0.866021 0.000000 0.499999	</row2>
			<row3>	-36.862930 38.632645 1.990028	</row3>
		</transform>
		<clientOnly>	false	</clientOnly>
		<properties>
			<entityName>	20721004	</entityName>
			<rediviousTime>	15.000000	</rediviousTime>
			<rediviousTotal>	1	</rediviousTotal>
			<randomWalkRange>	3.000000	</randomWalkRange>
			<patrolList>	</patrolList>
			<lineNumber>	0	</lineNumber>
			<patrolPathNode>	</patrolPathNode>
		</properties>
	</entity_53>
	<entity_54>
		<type>	MonsterSpawnPoint	</type>
		<transform>
			<row0>	0.258819 0.000000 0.965921	</row0>
			<row1>	0.000000 0.999999 0.000000	</row1>
			<row2>	-0.965921 0.000000 0.258819	</row2>
			<row3>	-30.288525 38.632645 3.628889	</row3>
		</transform>
		<clientOnly>	false	</clientOnly>
		<properties>
			<entityName>	20721004	</entityName>
			<rediviousTime>	15.000000	</rediviousTime>
			<rediviousTotal>	1	</rediviousTotal>
			<randomWalkRange>	3.000000	</randomWalkRange>
			<patrolList>	</patrolList>
			<lineNumber>	0	</lineNumber>
			<patrolPathNode>	</patrolPathNode>
		</properties>
	</entity_54>
	<entity_55>
		<type>	MonsterSpawnPoint	</type>
		<transform>
			<row0>	0.499999 0.000000 0.866019	</row0>
			<row1>	0.000000 0.999999 0.000000	</row1>
			<row2>	-0.866019 0.000000 0.499999	</row2>
			<row3>	-52.061253 38.632637 10.391451	</row3>
		</transform>
		<clientOnly>	false	</clientOnly>
		<properties>
			<entityName>	20721004	</entityName>
			<rediviousTime>	15.000000	</rediviousTime>
			<rediviousTotal>	1	</rediviousTotal>
			<randomWalkRange>	3.000000	</randomWalkRange>
			<patrolList>	</patrolList>
			<lineNumber>	0	</lineNumber>
			<patrolPathNode>	</patrolPathNode>
		</properties>
	</entity_55>
	<entity_56>
		<type>	MonsterSpawnPoint	</type>
		<transform>
			<row0>	0.258820 0.000000 0.965919	</row0>
			<row1>	0.000000 0.999998 0.000000	</row1>
			<row2>	-0.965919 0.000000 0.258820	</row2>
			<row3>	-55.329056 38.632645 7.144686	</row3>
		</transform>
		<clientOnly>	false	</clientOnly>
		<properties>
			<entityName>	20721004	</entityName>
			<rediviousTime>	15.000000	</rediviousTime>
			<rediviousTotal>	1	</rediviousTotal>
			<randomWalkRange>	3.000000	</randomWalkRange>
			<patrolList>	</patrolList>
			<lineNumber>	0	</lineNumber>
			<patrolPathNode>	</patrolPathNode>
		</properties>
	</entity_56>
	<entity_57>
		<type>	CollectPoint	</type>
		<transform>
			<row0>	0.965920 0.000000 0.258818	</row0>
			<row1>	0.000000 0.999994 0.000000	</row1>
			<row2>	-0.258818 0.000000 0.965920	</row2>
			<row3>	-64.552902 38.632641 26.373280	</row3>
		</transform>
		<clientOnly>	false	</clientOnly>
		<properties>
			<className>	30112115	</className>
			<rediviousTime>	1150.000000	</rediviousTime>
			<lineNumber>	1	</lineNumber>
			<patrolPathNode>	</patrolPathNode>
		</properties>
	</entity_57>
	<entity_58>
		<type>	CollectPoint	</type>
		<transform>
			<row0>	-0.965924 0.000000 -0.258818	</row0>
			<row1>	0.000000 0.999998 0.000000	</row1>
			<row2>	0.258818 0.000000 -0.965924	</row2>
			<row3>	-25.705095 38.632645 2.494051	</row3>
		</transform>
		<clientOnly>	false	</clientOnly>
		<properties>
			<className>	30112097	</className>
			<rediviousTime>	1150.000000	</rediviousTime>
			<lineNumber>	1	</lineNumber>
			<patrolPathNode>	</patrolPathNode>
		</properties>
	</entity_58>
	<entity_59>
		<type>	MonsterSpawnPoint	</type>
		<transform>
			<row0>	-0.000004 0.000000 -0.999985	</row0>
			<row1>	0.000000 0.999998 0.000000	</row1>
			<row2>	0.999985 0.000000 -0.000004	</row2>
			<row3>	1.908855 39.823593 106.310020	</row3>
		</transform>
		<clientOnly>	false	</clientOnly>
		<properties>
			<entityName>	20711007	</entityName>
			<rediviousTime>	15.000000	</rediviousTime>
			<rediviousTotal>	1	</rediviousTotal>
			<randomWalkRange>	3.000000	</randomWalkRange>
			<patrolList>	</patrolList>
			<lineNumber>	0	</lineNumber>
			<patrolPathNode>	</patrolPathNode>
		</properties>
	</entity_59>
	<entity_60>
		<type>	MonsterSpawnPoint	</type>
		<transform>
			<row0>	0.707097 0.000000 0.707092	</row0>
			<row1>	0.000000 0.999999 0.000000	</row1>
			<row2>	-0.707092 0.000000 0.707097	</row2>
			<row3>	2.207672 39.823616 99.803772	</row3>
		</transform>
		<clientOnly>	false	</clientOnly>
		<properties>
			<entityName>	20711007	</entityName>
			<rediviousTime>	15.000000	</rediviousTime>
			<rediviousTotal>	1	</rediviousTotal>
			<randomWalkRange>	3.000000	</randomWalkRange>
			<patrolList>	</patrolList>
			<lineNumber>	0	</lineNumber>
			<patrolPathNode>	</patrolPathNode>
		</properties>
	</entity_60>
	<entity_61>
		<type>	MonsterSpawnPoint	</type>
		<transform>
			<row0>	0.965911 0.000000 -0.258819	</row0>
			<row1>	0.000000 0.999999 0.000000	</row1>
			<row2>	0.258819 0.000000 0.965911	</row2>
			<row3>	-0.347698 38.632637 83.220787	</row3>
		</transform>
		<clientOnly>	false	</clientOnly>
		<properties>
			<entityName>	20711007	</entityName>
			<rediviousTime>	15.000000	</rediviousTime>
			<rediviousTotal>	1	</rediviousTotal>
			<randomWalkRange>	3.000000	</randomWalkRange>
			<patrolList>	</patrolList>
			<lineNumber>	0	</lineNumber>
			<patrolPathNode>	</patrolPathNode>
		</properties>
	</entity_61>
	<entity_62>
		<type>	MonsterSpawnPoint	</type>
		<transform>
			<row0>	-0.258818 0.000000 -0.965910	</row0>
			<row1>	0.000000 0.999999 0.000000	</row1>
			<row2>	0.965910 0.000000 -0.258818	</row2>
			<row3>	26.176655 38.632637 111.542465	</row3>
		</transform>
		<clientOnly>	false	</clientOnly>
		<properties>
			<entityName>	20711007	</entityName>
			<rediviousTime>	15.000000	</rediviousTime>
			<rediviousTotal>	1	</rediviousTotal>
			<randomWalkRange>	3.000000	</randomWalkRange>
			<patrolList>	</patrolList>
			<lineNumber>	0	</lineNumber>
			<patrolPathNode>	</patrolPathNode>
		</properties>
	</entity_62>
	<entity_63>
		<type>	MonsterSpawnPoint	</type>
		<transform>
			<row0>	-0.000003 0.000000 -0.999979	</row0>
			<row1>	0.000000 0.999995 0.000000	</row1>
			<row2>	0.999979 0.000000 -0.000003	</row2>
			<row3>	3.093210 39.823616 95.110512	</row3>
		</transform>
		<clientOnly>	false	</clientOnly>
		<properties>
			<entityName>	20711007	</entityName>
			<rediviousTime>	15.000000	</rediviousTime>
			<rediviousTotal>	1	</rediviousTotal>
			<randomWalkRange>	3.000000	</randomWalkRange>
			<patrolList>	</patrolList>
			<lineNumber>	0	</lineNumber>
			<patrolPathNode>	</patrolPathNode>
		</properties>
	</entity_63>
	<entity_64>
		<type>	MonsterSpawnPoint	</type>
		<transform>
			<row0>	0.258812 0.000000 -0.965910	</row0>
			<row1>	0.000000 0.999999 0.000000	</row1>
			<row2>	0.965910 0.000000 0.258812	</row2>
			<row3>	15.321247 38.632637 109.814041	</row3>
		</transform>
		<clientOnly>	false	</clientOnly>
		<properties>
			<entityName>	20711007	</entityName>
			<rediviousTime>	15.000000	</rediviousTime>
			<rediviousTotal>	1	</rediviousTotal>
			<randomWalkRange>	3.000000	</randomWalkRange>
			<patrolList>	</patrolList>
			<lineNumber>	0	</lineNumber>
			<patrolPathNode>	</patrolPathNode>
		</properties>
	</entity_64>
	<entity_65>
		<type>	MonsterSpawnPoint	</type>
		<transform>
			<row0>	0.258819 0.000000 0.965910	</row0>
			<row1>	0.000000 0.999999 0.000000	</row1>
			<row2>	-0.965910 0.000000 0.258819	</row2>
			<row3>	22.035044 38.632637 108.292252	</row3>
		</transform>
		<clientOnly>	false	</clientOnly>
		<properties>
			<entityName>	20711007	</entityName>
			<rediviousTime>	15.000000	</rediviousTime>
			<rediviousTotal>	1	</rediviousTotal>
			<randomWalkRange>	3.000000	</randomWalkRange>
			<patrolList>	</patrolList>
			<lineNumber>	0	</lineNumber>
			<patrolPathNode>	</patrolPathNode>
		</properties>
	</entity_65>
	<entity_66>
		<type>	MonsterSpawnPoint	</type>
		<transform>
			<row0>	0.499996 0.000000 0.866010	</row0>
			<row1>	0.000000 0.999999 0.000000	</row1>
