<root>
	<entity_1>
		<type>	MonsterSpawnPoint	</type>
		<transform>
			<row0>	-0.499990 0.000000 0.866016	</row0>
			<row1>	0.000000 0.999996 0.000000	</row1>
			<row2>	-0.866016 0.000000 -0.499990	</row2>
			<row3>	55.903950 8.355568 31.841936	</row3>
		</transform>
		<clientOnly>	false	</clientOnly>
		<properties>
			<entityName>	20751007	</entityName>
			<rediviousTime>	15.000000	</rediviousTime>
			<rediviousTotal>	1	</rediviousTotal>
			<randomWalkRange>	3.000000	</randomWalkRange>
			<patrolList>	</patrolList>
			<lineNumber>	0	</lineNumber>
			<patrolPathNode>	</patrolPathNode>
		</properties>
	</entity_1>
	<entity_2>
		<type>	MonsterSpawnPoint	</type>
		<transform>
			<row0>	-0.965912 0.000000 0.258819	</row0>
			<row1>	0.000000 0.999996 0.000000	</row1>
			<row2>	-0.258819 0.000000 -0.965912	</row2>
			<row3>	61.810692 8.355568 31.094875	</row3>
		</transform>
		<clientOnly>	false	</clientOnly>
		<properties>
			<entityName>	20751007	</entityName>
			<rediviousTime>	15.000000	</rediviousTime>
			<rediviousTotal>	1	</rediviousTotal>
			<randomWalkRange>	3.000000	</randomWalkRange>
			<patrolList>	</patrolList>
			<lineNumber>	0	</lineNumber>
			<patrolPathNode>	</patrolPathNode>
		</properties>
	</entity_2>
	<entity_3>
		<type>	MonsterSpawnPoint	</type>
		<transform>
			<row0>	0.499999 0.000000 0.866017	</row0>
			<row1>	0.000000 0.999996 0.000000	</row1>
			<row2>	-0.866017 0.000000 0.499999	</row2>
			<row3>	21.813923 8.355564 31.294460	</row3>
		</transform>
		<clientOnly>	false	</clientOnly>
		<properties>
			<entityName>	20751007	</entityName>
			<rediviousTime>	15.000000	</rediviousTime>
			<rediviousTotal>	1	</rediviousTotal>
			<randomWalkRange>	3.000000	</randomWalkRange>
			<patrolList>	</patrolList>
			<lineNumber>	0	</lineNumber>
			<patrolPathNode>	</patrolPathNode>
		</properties>
	</entity_3>
	<entity_4>
		<type>	MonsterSpawnPoint	</type>
		<transform>
			<row0>	0.866019 0.000000 -0.499999	</row0>
			<row1>	0.000000 0.999996 0.000000	</row1>
			<row2>	0.499999 0.000000 0.866019	</row2>
			<row3>	17.068211 7.164571 44.818947	</row3>
		</transform>
		<clientOnly>	false	</clientOnly>
		<properties>
			<entityName>	20751007	</entityName>
			<rediviousTime>	15.000000	</rediviousTime>
			<rediviousTotal>	1	</rediviousTotal>
			<randomWalkRange>	3.000000	</randomWalkRange>
			<patrolList>	</patrolList>
			<lineNumber>	0	</lineNumber>
			<patrolPathNode>	</patrolPathNode>
		</properties>
	</entity_4>
	<entity_5>
		<type>	MonsterSpawnPoint	</type>
		<transform>
			<row0>	0.999989 0.000000 -0.000003	</row0>
			<row1>	0.000000 0.999996 0.000000	</row1>
			<row2>	0.000003 0.000000 0.999989	</row2>
			<row3>	46.144104 8.355571 75.309525	</row3>
		</transform>
		<clientOnly>	false	</clientOnly>
		<properties>
			<entityName>	20751007	</entityName>
			<rediviousTime>	15.000000	</rediviousTime>
			<rediviousTotal>	1	</rediviousTotal>
			<randomWalkRange>	3.000000	</randomWalkRange>
			<patrolList>	</patrolList>
			<lineNumber>	0	</lineNumber>
			<patrolPathNode>	</patrolPathNode>
		</properties>
	</entity_5>
	<entity_6>
		<type>	MonsterSpawnPoint	</type>
		<transform>
			<row0>	-0.965917 0.000000 0.258820	</row0>
			<row1>	0.000000 0.999996 0.000000	</row1>
			<row2>	-0.258820 0.000000 -0.965917	</row2>
			<row3>	32.971668 8.355569 75.930481	</row3>
		</transform>
		<clientOnly>	false	</clientOnly>
		<properties>
			<entityName>	20751007	</entityName>
			<rediviousTime>	15.000000	</rediviousTime>
			<rediviousTotal>	1	</rediviousTotal>
			<randomWalkRange>	3.000000	</randomWalkRange>
			<patrolList>	</patrolList>
			<lineNumber>	0	</lineNumber>
			<patrolPathNode>	</patrolPathNode>
		</properties>
	</entity_6>
	<entity_7>
		<type>	MonsterSpawnPoint	</type>
		<transform>
			<row0>	0.499999 0.000000 0.866017	</row0>
			<row1>	0.000000 0.999996 0.000000	</row1>
			<row2>	-0.866017 0.000000 0.499999	</row2>
			<row3>	26.918568 7.164571 41.092381	</row3>
		</transform>
		<clientOnly>	false	</clientOnly>
		<properties>
			<entityName>	20751007	</entityName>
			<rediviousTime>	15.000000	</rediviousTime>
			<rediviousTotal>	1	</rediviousTotal>
			<randomWalkRange>	3.000000	</randomWalkRange>
			<patrolList>	</patrolList>
			<lineNumber>	0	</lineNumber>
			<patrolPathNode>	</patrolPathNode>
		</properties>
	</entity_7>
	<entity_8>
		<type>	MonsterSpawnPoint	</type>
		<transform>
			<row0>	-0.258814 0.000000 0.965919	</row0>
			<row1>	0.000000 0.999996 0.000000	</row1>
			<row2>	-0.965919 0.000000 -0.258814	</row2>
			<row3>	38.633972 7.164570 40.987137	</row3>
		</transform>
		<clientOnly>	false	</clientOnly>
		<properties>
			<entityName>	20751007	</entityName>
			<rediviousTime>	15.000000	</rediviousTime>
			<rediviousTotal>	1	</rediviousTotal>
			<randomWalkRange>	3.000000	</randomWalkRange>
			<patrolList>	</patrolList>
			<lineNumber>	0	</lineNumber>
			<patrolPathNode>	</patrolPathNode>
		</properties>
	</entity_8>
	<entity_9>
		<type>	MonsterSpawnPoint	</type>
		<transform>
			<row0>	0.707094 0.000000 -0.707099	</row0>
			<row1>	0.000000 0.999996 0.000000	</row1>
			<row2>	0.707099 0.000000 0.707094	</row2>
			<row3>	60.000523 7.164570 74.607986	</row3>
		</transform>
		<clientOnly>	false	</clientOnly>
		<properties>
			<entityName>	20751007	</entityName>
			<rediviousTime>	15.000000	</rediviousTime>
			<rediviousTotal>	1	</rediviousTotal>
			<randomWalkRange>	3.000000	</randomWalkRange>
			<patrolList>	</patrolList>
			<lineNumber>	0	</lineNumber>
			<patrolPathNode>	</patrolPathNode>
		</properties>
	</entity_9>
	<entity_10>
		<type>	MonsterSpawnPoint	</type>
		<transform>
			<row0>	-0.965914 0.000000 -0.258812	</row0>
			<row1>	0.000000 0.999996 0.000000	</row1>
			<row2>	0.258812 0.000000 -0.965914	</row2>
			<row3>	64.395737 7.164568 40.408623	</row3>
		</transform>
		<clientOnly>	false	</clientOnly>
		<properties>
			<entityName>	20751007	</entityName>
			<rediviousTime>	15.000000	</rediviousTime>
			<rediviousTotal>	1	</rediviousTotal>
			<randomWalkRange>	3.000000	</randomWalkRange>
			<patrolList>	</patrolList>
			<lineNumber>	0	</lineNumber>
			<patrolPathNode>	</patrolPathNode>
		</properties>
	</entity_10>
	<entity_11>
		<type>	MonsterSpawnPoint	</type>
		<transform>
			<row0>	0.707099 0.000000 0.707093	</row0>
			<row1>	0.000000 0.999995 0.000000	</row1>
			<row2>	-0.707093 0.000000 0.707099	</row2>
			<row3>	58.024559 7.164568 45.225071	</row3>
		</transform>
		<clientOnly>	false	</clientOnly>
		<properties>
			<entityName>	20751007	</entityName>
			<rediviousTime>	15.000000	</rediviousTime>
			<rediviousTotal>	1	</rediviousTotal>
			<randomWalkRange>	3.000000	</randomWalkRange>
			<patrolList>	</patrolList>
			<lineNumber>	0	</lineNumber>
			<patrolPathNode>	</patrolPathNode>
		</properties>
	</entity_11>
	<entity_12>
		<type>	MonsterSpawnPoint	</type>
		<transform>
			<row0>	-0.258812 0.000000 0.965914	</row0>
			<row1>	0.000000 0.999996 0.000000	</row1>
			<row2>	-0.965914 0.000000 -0.258812	</row2>
			<row3>	45.655544 7.164568 30.678553	</row3>
		</transform>
		<clientOnly>	false	</clientOnly>
		<properties>
			<entityName>	20751007	</entityName>
			<rediviousTime>	15.000000	</rediviousTime>
			<rediviousTotal>	1	</rediviousTotal>
			<randomWalkRange>	3.000000	</randomWalkRange>
			<patrolList>	</patrolList>
			<lineNumber>	0	</lineNumber>
			<patrolPathNode>	</patrolPathNode>
		</properties>
	</entity_12>
	<entity_13>
		<type>	MonsterSpawnPoint	</type>
		<transform>
			<row0>	-0.499993 0.000000 0.866020	</row0>
			<row1>	0.000000 0.999996 0.000000	</row1>
			<row2>	-0.866020 0.000000 -0.499993	</row2>
			<row3>	21.726791 7.164571 78.180847	</row3>
		</transform>
		<clientOnly>	false	</clientOnly>
		<properties>
			<entityName>	20751007	</entityName>
			<rediviousTime>	15.000000	</rediviousTime>
			<rediviousTotal>	1	</rediviousTotal>
			<randomWalkRange>	3.000000	</randomWalkRange>
			<patrolList>	</patrolList>
			<lineNumber>	0	</lineNumber>
			<patrolPathNode>	</patrolPathNode>
		</properties>
	</entity_13>
	<entity_14>
		<type>	MonsterSpawnPoint	</type>
		<transform>
			<row0>	0.965920 0.000000 0.258815	</row0>
			<row1>	0.000000 0.999996 0.000000	</row1>
			<row2>	-0.258815 0.000000 0.965920	</row2>
			<row3>	18.138752 7.164568 69.910492	</row3>
		</transform>
		<clientOnly>	false	</clientOnly>
		<properties>
			<entityName>	20751007	</entityName>
			<rediviousTime>	15.000000	</rediviousTime>
			<rediviousTotal>	1	</rediviousTotal>
			<randomWalkRange>	3.000000	</randomWalkRange>
			<patrolList>	</patrolList>
			<lineNumber>	0	</lineNumber>
			<patrolPathNode>	</patrolPathNode>
		</properties>
	</entity_14>
	<entity_15>
		<type>	MonsterSpawnPoint	</type>
		<transform>
			<row0>	0.999994 0.000000 -0.000002	</row0>
			<row1>	0.000000 0.999996 0.000000	</row1>
			<row2>	0.000002 0.000000 0.999994	</row2>
			<row3>	22.101574 7.164568 64.580551	</row3>
		</transform>
		<clientOnly>	false	</clientOnly>
		<properties>
			<entityName>	20751007	</entityName>
			<rediviousTime>	15.000000	</rediviousTime>
			<rediviousTotal>	1	</rediviousTotal>
			<randomWalkRange>	3.000000	</randomWalkRange>
			<patrolList>	</patrolList>
			<lineNumber>	0	</lineNumber>
			<patrolPathNode>	</patrolPathNode>
		</properties>
	</entity_15>
	<entity_16>
		<type>	MonsterSpawnPoint	</type>
		<transform>
			<row0>	0.866011 0.000000 -0.499996	</row0>
			<row1>	0.000000 0.999996 0.000000	</row1>
			<row2>	0.499996 0.000000 0.866011	</row2>
			<row3>	63.269337 7.164568 68.059265	</row3>
		</transform>
		<clientOnly>	false	</clientOnly>
		<properties>
			<entityName>	20751007	</entityName>
			<rediviousTime>	15.000000	</rediviousTime>
			<rediviousTotal>	1	</rediviousTotal>
			<randomWalkRange>	3.000000	</randomWalkRange>
			<patrolList>	</patrolList>
			<lineNumber>	0	</lineNumber>
			<patrolPathNode>	</patrolPathNode>
		</properties>
	</entity_16>
	<entity_17>
		<type>	MonsterSpawnPoint	</type>
		<transform>
			<row0>	0.965913 0.000000 0.258812	</row0>
			<row1>	0.000000 0.999996 0.000000	</row1>
			<row2>	-0.258812 0.000000 0.965913	</row2>
			<row3>	55.148823 7.164571 64.504822	</row3>
		</transform>
		<clientOnly>	false	</clientOnly>
		<properties>
			<entityName>	20751007	</entityName>
			<rediviousTime>	15.000000	</rediviousTime>
			<rediviousTotal>	1	</rediviousTotal>
			<randomWalkRange>	3.000000	</randomWalkRange>
			<patrolList>	</patrolList>
			<lineNumber>	0	</lineNumber>
			<patrolPathNode>	</patrolPathNode>
		</properties>
	</entity_17>
	<entity_18>
		<type>	MonsterSpawnPoint	</type>
		<transform>
			<row0>	0.866015 0.000000 -0.499997	</row0>
			<row1>	0.000000 0.999996 0.000000	</row1>
			<row2>	0.499997 0.000000 0.866015	</row2>
			<row3>	46.129707 7.164569 67.487183	</row3>
		</transform>
		<clientOnly>	false	</clientOnly>
		<properties>
			<entityName>	20751007	</entityName>
			<rediviousTime>	15.000000	</rediviousTime>
			<rediviousTotal>	1	</rediviousTotal>
			<randomWalkRange>	3.000000	</randomWalkRange>
			<patrolList>	</patrolList>
			<lineNumber>	0	</lineNumber>
			<patrolPathNode>	</patrolPathNode>
		</properties>
	</entity_18>
	<entity_19>
		<type>	MonsterSpawnPoint	</type>
		<transform>
			<row0>	-0.965918 0.000000 -0.258814	</row0>
			<row1>	0.000000 0.999996 0.000000	</row1>
			<row2>	0.258814 0.000000 -0.965918	</row2>
			<row3>	34.567844 7.164568 67.372360	</row3>
		</transform>
		<clientOnly>	false	</clientOnly>
		<properties>
			<entityName>	20751007	</entityName>
			<rediviousTime>	15.000000	</rediviousTime>
			<rediviousTotal>	1	</rediviousTotal>
			<randomWalkRange>	3.000000	</randomWalkRange>
			<patrolList>	</patrolList>
			<lineNumber>	0	</lineNumber>
			<patrolPathNode>	</patrolPathNode>
		</properties>
	</entity_19>
	<entity_20>
		<type>	MonsterSpawnPoint	</type>
		<transform>
			<row0>	0.258812 0.000000 -0.965913	</row0>
			<row1>	0.000000 0.999996 0.000000	</row1>
			<row2>	0.965913 0.000000 0.258812	</row2>
			<row3>	65.760986 7.164570 44.078583	</row3>
		</transform>
		<clientOnly>	false	</clientOnly>
		<properties>
			<entityName>	20751007	</entityName>
			<rediviousTime>	15.000000	</rediviousTime>
			<rediviousTotal>	1	</rediviousTotal>
			<randomWalkRange>	3.000000	</randomWalkRange>
			<patrolList>	</patrolList>
			<lineNumber>	0	</lineNumber>
			<patrolPathNode>	</patrolPathNode>
		</properties>
	</entity_20>
	<entity_21>
		<type>	MonsterSpawnPoint	</type>
		<transform>
			<row0>	0.965912 0.000000 0.258811	</row0>
			<row1>	0.000000 0.999996 0.000000	</row1>
			<row2>	-0.258811 0.000000 0.965912	</row2>
			<row3>	23.617275 8.432137 30.317122	</row3>
		</transform>
		<clientOnly>	false	</clientOnly>
		<properties>
			<entityName>	20751007	</entityName>
			<rediviousTime>	15.000000	</rediviousTime>
			<rediviousTotal>	1	</rediviousTotal>
			<randomWalkRange>	3.000000	</randomWalkRange>
			<patrolList>	</patrolList>
			<lineNumber>	0	</lineNumber>
			<patrolPathNode>	</patrolPathNode>
		</properties>
	</entity_21>
	<entity_22>
		<type>	MonsterSpawnPoint	</type>
		<transform>
			<row0>	0.499998 0.000000 0.866016	</row0>
			<row1>	0.000000 0.999995 0.000000	</row1>
			<row2>	-0.866016 0.000000 0.499998	</row2>
			<row3>	39.532337 7.164568 65.857452	</row3>
		</transform>
		<clientOnly>	false	</clientOnly>
		<properties>
			<entityName>	20751007	</entityName>
			<rediviousTime>	15.000000	</rediviousTime>
			<rediviousTotal>	1	</rediviousTotal>
			<randomWalkRange>	3.000000	</randomWalkRange>
			<patrolList>	</patrolList>
			<lineNumber>	0	</lineNumber>
			<patrolPathNode>	</patrolPathNode>
		</properties>
	</entity_22>
	<entity_23>
		<type>	MonsterSpawnPoint	</type>
		<transform>
			<row0>	0.499999 0.000000 0.866017	</row0>
			<row1>	0.000000 0.999996 0.000000	</row1>
			<row2>	-0.866017 0.000000 0.499999	</row2>
			<row3>	34.183033 7.164567 30.090601	</row3>
		</transform>
		<clientOnly>	false	</clientOnly>
		<properties>
			<entityName>	20751007	</entityName>
			<rediviousTime>	15.000000	</rediviousTime>
			<rediviousTotal>	1	</rediviousTotal>
			<randomWalkRange>	3.000000	</randomWalkRange>
			<patrolList>	</patrolList>
			<lineNumber>	0	</lineNumber>
			<patrolPathNode>	</patrolPathNode>
		</properties>
	</entity_23>
	<entity_24>
		<type>	MonsterSpawnPoint	</type>
		<transform>
			<row0>	0.258819 0.000000 0.965912	</row0>
			<row1>	0.000000 0.999995 0.000000	</row1>
			<row2>	-0.965912 0.000000 0.258819	</row2>
			<row3>	32.617916 7.164567 42.817524	</row3>
		</transform>
		<clientOnly>	false	</clientOnly>
		<properties>
			<entityName>	20751007	</entityName>
			<rediviousTime>	15.000000	</rediviousTime>
			<rediviousTotal>	1	</rediviousTotal>
			<randomWalkRange>	3.000000	</randomWalkRange>
			<patrolList>	</patrolList>
			<lineNumber>	0	</lineNumber>
			<patrolPathNode>	</patrolPathNode>
		</properties>
	</entity_24>
	<entity_25>
		<type>	MonsterSpawnPoint	</type>
		<transform>
			<row0>	-0.707099 0.000000 -0.707094	</row0>
			<row1>	0.000000 0.999996 0.000000	</row1>
			<row2>	0.707094 0.000000 -0.707099	</row2>
			<row3>	45.645653 7.164570 38.459011	</row3>
		</transform>
		<clientOnly>	false	</clientOnly>
		<properties>
			<entityName>	20751007	</entityName>
			<rediviousTime>	15.000000	</rediviousTime>
			<rediviousTotal>	1	</rediviousTotal>
			<randomWalkRange>	3.000000	</randomWalkRange>
			<patrolList>	</patrolList>
			<lineNumber>	0	</lineNumber>
			<patrolPathNode>	</patrolPathNode>
		</properties>
	</entity_25>
	<entity_26>
		<type>	MonsterSpawnPoint	</type>
		<transform>
			<row0>	-0.258819 0.000000 -0.965911	</row0>
			<row1>	0.000000 0.999996 0.000000	</row1>
			<row2>	0.965911 0.000000 -0.258819	</row2>
			<row3>	49.189850 7.164568 43.875011	</row3>
		</transform>
		<clientOnly>	false	</clientOnly>
		<properties>
			<entityName>	20751007	</entityName>
			<rediviousTime>	15.000000	</rediviousTime>
			<rediviousTotal>	1	</rediviousTotal>
			<randomWalkRange>	3.000000	</randomWalkRange>
			<patrolList>	</patrolList>
			<lineNumber>	0	</lineNumber>
			<patrolPathNode>	</patrolPathNode>
		</properties>
	</entity_26>
	<entity_27>
		<type>	CollectPoint	</type>
		<transform>
			<row0>	0.999996 0.000000 -0.000001	</row0>
			<row1>	0.000000 0.999996 0.000000	</row1>
			<row2>	0.000001 0.000000 0.999996	</row2>
			<row3>	36.225368 8.095338 82.007217	</row3>
		</transform>
		<clientOnly>	false	</clientOnly>
		<properties>
			<className>	30112116	</className>
			<rediviousTime>	1200.000000	</rediviousTime>
			<lineNumber>	1	</lineNumber>
			<patrolPathNode>	</patrolPathNode>
		</properties>
	</entity_27>
	<entity_28>
		<type>	CollectPoint	</type>
		<transform>
			<row0>	0.000001 0.000000 0.999994	</row0>
			<row1>	0.000000 0.999995 0.000000	</row1>
			<row2>	-0.999994 0.000000 0.000001	</row2>
			<row3>	35.819305 7.164569 34.582794	</row3>
		</transform>
		<clientOnly>	false	</clientOnly>
		<properties>
			<className>	30112104	</className>
			<rediviousTime>	1200.000000	</rediviousTime>
			<lineNumber>	1	</lineNumber>
			<patrolPathNode>	</patrolPathNode>
		</properties>
	</entity_28>
	<entity_29>
		<type>	CollectPoint	</type>
		<transform>
			<row0>	-0.014691 0.000000 0.999882	</row0>
			<row1>	0.000000 0.999992 0.000000	</row1>
			<row2>	-0.999882 0.000000 -0.014691	</row2>
			<row3>	55.732037 8.355569 29.361065	</row3>
		</transform>
		<clientOnly>	false	</clientOnly>
		<properties>
			<className>	30112122	</className>
			<rediviousTime>	1200.000000	</rediviousTime>
			<lineNumber>	1	</lineNumber>
			<patrolPathNode>	</patrolPathNode>
		</properties>
	</entity_29>
	<entity_30>
		<type>	SpaceDoor	</type>
		<transform>
			<row0>	0.000000 0.000000 -0.999999	</row0>
			<row1>	0.000000 0.999999 0.000000	</row1>
			<row2>	0.999999 0.000000 0.000000	</row2>
			<row3>	-50.114101 15.343678 152.573471	</row3>
		</transform>
		<clientOnly>	false	</clientOnly>
		<properties>
			<className>	</className>
			<useRectangle>	1	</useRectangle>
			<radius>	0.000000	</radius>
			<volume>	1.000000 6.000000 6.300000	</volume>
			<modelNumber>	gw7123	</modelNumber>
			<modelScale>	50.000000	</modelScale>
			<destSpace>	liu_wang_mu_004	</destSpace>
			<description>	</description>
			<uname>	</uname>
			<nickname>	</nickname>
			<destPosition>	137.001007 7.164000 -46.459000	</destPosition>
			<destDirection>	0.000000 -90.000000 0.000000	</destDirection>
			<patrolPathNode>	</patrolPathNode>
		</properties>
	</entity_30>
	<entity_31>
		<type>	MonsterSpawnPoint	</type>
		<transform>
			<row0>	0.000000 0.000000 -0.999998	</row0>
			<row1>	0.000000 0.999997 0.000000	</row1>
			<row2>	0.999998 0.000000 0.000000	</row2>
			<row3>	-63.872711 15.164567 142.383362	</row3>
		</transform>
		<clientOnly>	false	</clientOnly>
		<properties>
			<entityName>	20741012	</entityName>
			<rediviousTime>	15.000000	</rediviousTime>
			<rediviousTotal>	1	</rediviousTotal>
			<randomWalkRange>	3.000000	</randomWalkRange>
			<patrolList>	</patrolList>
			<lineNumber>	0	</lineNumber>
			<patrolPathNode>	</patrolPathNode>
		</properties>
	</entity_31>
	<entity_32>
		<type>	MonsterSpawnPoint	</type>
		<transform>
			<row0>	0.000001 0.000000 0.999996	</row0>
			<row1>	0.000000 0.999997 0.000000	</row1>
			<row2>	-0.999996 0.000000 0.000001	</row2>
			<row3>	-41.076286 15.164569 118.371643	</row3>
		</transform>
		<clientOnly>	false	</clientOnly>
		<properties>
			<entityName>	20741012	</entityName>
			<rediviousTime>	15.000000	</rediviousTime>
			<rediviousTotal>	1	</rediviousTotal>
			<randomWalkRange>	3.000000	</randomWalkRange>
			<patrolList>	</patrolList>
			<lineNumber>	0	</lineNumber>
			<patrolPathNode>	</patrolPathNode>
		</properties>
	</entity_32>
	<entity_33>
		<type>	MonsterSpawnPoint	</type>
		<transform>
			<row0>	0.258819 0.000000 0.965922	</row0>
			<row1>	0.000000 0.999997 0.000000	</row1>
			<row2>	-0.965922 0.000000 0.258819	</row2>
			<row3>	-36.122509 15.164573 126.139328	</row3>
		</transform>
		<clientOnly>	false	</clientOnly>
		<properties>
			<entityName>	20741012	</entityName>
			<rediviousTime>	15.000000	</rediviousTime>
			<rediviousTotal>	1	</rediviousTotal>
			<randomWalkRange>	3.000000	</randomWalkRange>
			<patrolList>	</patrolList>
			<lineNumber>	0	</lineNumber>
			<patrolPathNode>	</patrolPathNode>
		</properties>
	</entity_33>
	<entity_34>
		<type>	MonsterSpawnPoint	</type>
		<transform>
			<row0>	0.965923 0.000000 -0.258818	</row0>
			<row1>	0.000000 0.999997 0.000000	</row1>
			<row2>	0.258818 0.000000 0.965923	</row2>
			<row3>	-33.746681 15.164571 143.454041	</row3>
		</transform>
		<clientOnly>	false	</clientOnly>
		<properties>
			<entityName>	20741012	</entityName>
			<rediviousTime>	15.000000	</rediviousTime>
			<rediviousTotal>	1	</rediviousTotal>
			<randomWalkRange>	3.000000	</randomWalkRange>
			<patrolList>	</patrolList>
			<lineNumber>	0	</lineNumber>
			<patrolPathNode>	</patrolPathNode>
		</properties>
	</entity_34>
	<entity_35>
		<type>	MonsterSpawnPoint	</type>
		<transform>
			<row0>	-0.707105 0.000000 -0.707105	</row0>
			<row1>	0.000000 0.999997 0.000000	</row1>
			<row2>	0.707105 0.000000 -0.707105	</row2>
			<row3>	-40.354664 15.164568 147.067917	</row3>
		</transform>
		<clientOnly>	false	</clientOnly>
		<properties>
			<entityName>	20741012	</entityName>
			<rediviousTime>	15.000000	</rediviousTime>
			<rediviousTotal>	1	</rediviousTotal>
			<randomWalkRange>	3.000000	</randomWalkRange>
			<patrolList>	</patrolList>
			<lineNumber>	0	</lineNumber>
			<patrolPathNode>	</patrolPathNode>
		</properties>
	</entity_35>
	<entity_36>
		<type>	MonsterSpawnPoint	</type>
		<transform>
			<row0>	0.965923 0.000000 -0.258818	</row0>
			<row1>	0.000000 0.999997 0.000000	</row1>
			<row2>	0.258818 0.000000 0.965923	</row2>
			<row3>	-39.974960 15.164569 136.833115	</row3>
		</transform>
		<clientOnly>	false	</clientOnly>
		<properties>
			<entityName>	20741012	</entityName>
			<rediviousTime>	15.000000	</rediviousTime>
			<rediviousTotal>	1	</rediviousTotal>
			<randomWalkRange>	3.000000	</randomWalkRange>
			<patrolList>	</patrolList>
			<lineNumber>	0	</lineNumber>
			<patrolPathNode>	</patrolPathNode>
		</properties>
	</entity_36>
	<entity_37>
		<type>	MonsterSpawnPoint	</type>
		<transform>
			<row0>	0.499999 0.000000 -0.866023	</row0>
			<row1>	0.000000 0.999997 0.000000	</row1>
			<row2>	0.866023 0.000000 0.499999	</row2>
			<row3>	-58.332806 15.164572 145.039932	</row3>
		</transform>
		<clientOnly>	false	</clientOnly>
		<properties>
			<entityName>	20741012	</entityName>
			<rediviousTime>	15.000000	</rediviousTime>
			<rediviousTotal>	1	</rediviousTotal>
			<randomWalkRange>	3.000000	</randomWalkRange>
			<patrolList>	</patrolList>
			<lineNumber>	0	</lineNumber>
			<patrolPathNode>	</patrolPathNode>
		</properties>
	</entity_37>
	<entity_38>
		<type>	MonsterSpawnPoint	</type>
		<transform>
			<row0>	-0.707103 0.000000 0.707104	</row0>
			<row1>	0.000000 0.999997 0.000000	</row1>
			<row2>	-0.707104 0.000000 -0.707103	</row2>
			<row3>	-64.667389 15.164567 122.900124	</row3>
		</transform>
		<clientOnly>	false	</clientOnly>
		<properties>
			<entityName>	20741012	</entityName>
			<rediviousTime>	15.000000	</rediviousTime>
			<rediviousTotal>	1	</rediviousTotal>
			<randomWalkRange>	3.000000	</randomWalkRange>
			<patrolList>	</patrolList>
			<lineNumber>	0	</lineNumber>
			<patrolPathNode>	</patrolPathNode>
		</properties>
	</entity_38>
	<entity_39>
		<type>	MonsterSpawnPoint	</type>
		<transform>
			<row0>	-0.999995 0.000000 0.000001	</row0>
			<row1>	0.000000 0.999997 0.000000	</row1>
			<row2>	-0.000001 0.000000 -0.999995	</row2>
			<row3>	-57.603210 15.164571 119.556206	</row3>
		</transform>
		<clientOnly>	false	</clientOnly>
		<properties>
			<entityName>	20741012	</entityName>
			<rediviousTime>	15.000000	</rediviousTime>
			<rediviousTotal>	1	</rediviousTotal>
			<randomWalkRange>	3.000000	</randomWalkRange>
			<patrolList>	</patrolList>
			<lineNumber>	0	</lineNumber>
			<patrolPathNode>	</patrolPathNode>
		</properties>
	</entity_39>
	<entity_40>
		<type>	MonsterSpawnPoint	</type>
		<transform>
			<row0>	0.866023 0.000000 0.499997	</row0>
			<row1>	0.000000 0.999997 0.000000	</row1>
			<row2>	-0.499997 0.000000 0.866023	</row2>
			<row3>	-60.984558 15.164566 129.500519	</row3>
		</transform>
		<clientOnly>	false	</clientOnly>
		<properties>
			<entityName>	20741012	</entityName>
			<rediviousTime>	15.000000	</rediviousTime>
			<rediviousTotal>	1	</rediviousTotal>
			<randomWalkRange>	3.000000	</randomWalkRange>
			<patrolList>	</patrolList>
			<lineNumber>	0	</lineNumber>
			<patrolPathNode>	</patrolPathNode>
		</properties>
	</entity_40>
	<entity_41>
		<type>	MonsterSpawnPoint	</type>
		<transform>
			<row0>	0.965922 0.000000 0.258818	</row0>
			<row1>	0.000000 0.999997 0.000000	</row1>
			<row2>	-0.258818 0.000000 0.965922	</row2>
			<row3>	-39.630688 15.164571 130.607056	</row3>
		</transform>
		<clientOnly>	false	</clientOnly>
		<properties>
			<entityName>	20741012	</entityName>
			<rediviousTime>	15.000000	</rediviousTime>
			<rediviousTotal>	1	</rediviousTotal>
			<randomWalkRange>	3.000000	</randomWalkRange>
			<patrolList>	</patrolList>
			<lineNumber>	0	</lineNumber>
			<patrolPathNode>	</patrolPathNode>
		</properties>
	</entity_41>
	<entity_42>
		<type>	MonsterSpawnPoint	</type>
		<transform>
			<row0>	0.965923 0.000000 0.258817	</row0>
			<row1>	0.000000 0.999997 0.000000	</row1>
			<row2>	-0.258817 0.000000 0.965923	</row2>
			<row3>	-57.954876 15.164568 136.565781	</row3>
		</transform>
		<clientOnly>	false	</clientOnly>
		<properties>
			<entityName>	20741012	</entityName>
			<rediviousTime>	15.000000	</rediviousTime>
			<rediviousTotal>	1	</rediviousTotal>
			<randomWalkRange>	3.000000	</randomWalkRange>
			<patrolList>	</patrolList>
			<lineNumber>	0	</lineNumber>
			<patrolPathNode>	</patrolPathNode>
		</properties>
	</entity_42>
	<entity_43>
		<type>	CollectPoint	</type>
		<transform>
			<row0>	0.965921 0.000000 -0.258819	</row0>
			<row1>	0.000000 0.999995 0.000000	</row1>
			<row2>	0.258819 0.000000 0.965921	</row2>
			<row3>	-67.021927 15.164572 122.777626	</row3>
		</transform>
		<clientOnly>	false	</clientOnly>
		<properties>
			<className>	30112110	</className>
			<rediviousTime>	1200.000000	</rediviousTime>
			<lineNumber>	1	</lineNumber>
			<patrolPathNode>	</patrolPathNode>
		</properties>
	</entity_43>
	<entity_44>
		<type>	CollectPoint	</type>
		<transform>
			<row0>	0.000001 0.000001 0.999993	</row0>
			<row1>	-0.566747 0.823884 0.000000	</row1>
			<row2>	-0.823883 -0.566747 0.000001	</row2>
			<row3>	-30.369837 15.164570 140.539566	</row3>
		</transform>
		<clientOnly>	false	</clientOnly>
		<properties>
			<className>	30112104	</className>
			<rediviousTime>	1200.000000	</rediviousTime>
			<lineNumber>	1	</lineNumber>
			<patrolPathNode>	</patrolPathNode>
		</properties>
	</entity_44>
	<entity_45>
		<type>	CollectPoint	</type>
		<transform>
			<row0>	0.707106 0.000000 0.707105	</row0>
			<row1>	0.000000 0.999999 0.000000	</row1>
			<row2>	-0.707105 0.000000 0.707106	</row2>
			<row3>	-36.109257 15.164570 114.236786	</row3>
		</transform>
		<clientOnly>	false	</clientOnly>
		<properties>
			<className>	30112098	</className>
			<rediviousTime>	1200.000000	</rediviousTime>
			<lineNumber>	1	</lineNumber>
			<patrolPathNode>	</patrolPathNode>
		</properties>
	</entity_45>
	<entity_46>
		<type>	MonsterSpawnPoint	</type>
		<transform>
			<row0>	0.866015 0.000000 0.499990	</row0>
			<row1>	0.000000 0.999996 0.000000	</row1>
			<row2>	-0.499990 0.000000 0.866015	</row2>
			<row3>	94.627914 7.164569 46.371670	</row3>
		</transform>
		<clientOnly>	false	</clientOnly>
		<properties>
			<entityName>	20751007	</entityName>
			<rediviousTime>	15.000000	</rediviousTime>
			<rediviousTotal>	1	</rediviousTotal>
			<randomWalkRange>	3.000000	</randomWalkRange>
			<patrolList>	</patrolList>
			<lineNumber>	0	</lineNumber>
			<patrolPathNode>	</patrolPathNode>
		</properties>
	</entity_46>
	<entity_47>
		<type>	SpaceDoor	</type>
		<transform>
			<row0>	-0.999998 0.000000 0.000000	</row0>
			<row1>	0.000000 0.999998 0.000000	</row1>
			<row2>	0.000000 0.000000 -0.999998	</row2>
			<row3>	129.166962 7.372594 53.569336	</row3>
		</transform>
		<clientOnly>	false	</clientOnly>
		<properties>
			<className>	</className>
			<useRectangle>	1	</useRectangle>
			<radius>	0.000000	</radius>
			<volume>	1.000000 6.000000 6.300000	</volume>
			<modelNumber>	gw7123	</modelNumber>
			<modelScale>	50.000000	</modelScale>
			<destSpace>	liu_wang_mu_006	</destSpace>
			<description>	</description>
			<uname>	</uname>
			<nickname>	</nickname>
			<destPosition>	122.554001 15.164000 167.350006	</destPosition>
			<destDirection>	0.000000 -180.000000 0.000000	</destDirection>
			<patrolPathNode>	</patrolPathNode>
		</properties>
	</entity_47>
	<entity_48>
		<type>	MonsterSpawnPoint	</type>
		<transform>
			<row0>	0.000004 0.000000 0.999985	</row0>
			<row1>	0.000000 0.999996 0.000000	</row1>
			<row2>	-0.999985 0.000000 0.000004	</row2>
			<row3>	100.736931 7.164567 63.753319	</row3>
		</transform>
		<clientOnly>	false	</clientOnly>
		<properties>
			<entityName>	20751007	</entityName>
			<rediviousTime>	15.000000	</rediviousTime>
			<rediviousTotal>	1	</rediviousTotal>
			<randomWalkRange>	3.000000	</randomWalkRange>
			<patrolList>	</patrolList>
			<lineNumber>	0	</lineNumber>
			<patrolPathNode>	</patrolPathNode>
		</properties>
	</entity_48>
	<entity_49>
		<type>	MonsterSpawnPoint	</type>
		<transform>
			<row0>	-0.965909 0.000000 0.258818	</row0>
			<row1>	0.000000 0.999996 0.000000	</row1>
			<row2>	-0.258818 0.000000 -0.965909	</row2>
			<row3>	123.308632 7.164570 61.000679	</row3>
		</transform>
		<clientOnly>	false	</clientOnly>
		<properties>
			<entityName>	20751007	</entityName>
			<rediviousTime>	15.000000	</rediviousTime>
			<rediviousTotal>	1	</rediviousTotal>
			<randomWalkRange>	3.000000	</randomWalkRange>
			<patrolList>	</patrolList>
			<lineNumber>	0	</lineNumber>
			<patrolPathNode>	</patrolPathNode>
		</properties>
	</entity_49>
	<entity_50>
		<type>	MonsterSpawnPoint	</type>
		<transform>
			<row0>	-0.258811 0.000000 0.965912	</row0>
			<row1>	0.000000 0.999996 0.000000	</row1>
			<row2>	-0.965912 0.000000 -0.258811	</row2>
			<row3>	107.760353 7.164568 66.330795	</row3>
		</transform>
		<clientOnly>	false	</clientOnly>
		<properties>
			<entityName>	20751007	</entityName>
			<rediviousTime>	15.000000	</rediviousTime>
			<rediviousTotal>	1	</rediviousTotal>
			<randomWalkRange>	3.000000	</randomWalkRange>
			<patrolList>	</patrolList>
			<lineNumber>	0	</lineNumber>
			<patrolPathNode>	</patrolPathNode>
		</properties>
	</entity_50>
	<entity_51>
		<type>	MonsterSpawnPoint	</type>
		<transform>
			<row0>	-0.866010 0.000000 0.499995	</row0>
			<row1>	0.000000 0.999996 0.000000	</row1>
			<row2>	-0.499995 0.000000 -0.866010	</row2>
			<row3>	119.437721 7.164567 67.876877	</row3>
		</transform>
		<clientOnly>	false	</clientOnly>
		<properties>
			<entityName>	20751007	</entityName>
			<rediviousTime>	15.000000	</rediviousTime>
			<rediviousTotal>	1	</rediviousTotal>
			<randomWalkRange>	3.000000	</randomWalkRange>
			<patrolList>	</patrolList>
			<lineNumber>	0	</lineNumber>
			<patrolPathNode>	</patrolPathNode>
		</properties>
	</entity_51>
	<entity_52>
		<type>	MonsterSpawnPoint	</type>
		<transform>
			<row0>	0.707092 0.000000 -0.707096	</row0>
			<row1>	0.000000 0.999996 0.000000	</row1>
			<row2>	0.707096 0.000000 0.707092	</row2>
			<row3>	97.989075 7.164567 40.718460	</row3>
		</transform>
		<clientOnly>	false	</clientOnly>
		<properties>
			<entityName>	20751007	</entityName>
			<rediviousTime>	15.000000	</rediviousTime>
			<rediviousTotal>	1	</rediviousTotal>
			<randomWalkRange>	3.000000	</randomWalkRange>
			<patrolList>	</patrolList>
			<lineNumber>	0	</lineNumber>
			<patrolPathNode>	</patrolPathNode>
		</properties>
	</entity_52>
	<entity_53>
		<type>	MonsterSpawnPoint	</type>
		<transform>
			<row0>	0.707099 0.000000 0.707094	</row0>
			<row1>	0.000000 0.999996 0.000000	</row1>
			<row2>	-0.707094 0.000000 0.707099	</row2>
			<row3>	105.643898 7.164570 39.448135	</row3>
		</transform>
		<clientOnly>	false	</clientOnly>
		<properties>
			<entityName>	20751007	</entityName>
			<rediviousTime>	15.000000	</rediviousTime>
			<rediviousTotal>	1	</rediviousTotal>
			<randomWalkRange>	3.000000	</randomWalkRange>
			<patrolList>	</patrolList>
			<lineNumber>	0	</lineNumber>
			<patrolPathNode>	</patrolPathNode>
		</properties>
	</entity_53>
	<entity_54>
		<type>	MonsterSpawnPoint	</type>
		<transform>
			<row0>	-0.965910 0.000000 -0.258812	</row0>
			<row1>	0.000000 0.999996 0.000000	</row1>
			<row2>	0.258812 0.000000 -0.965910	</row2>
			<row3>	117.361900 7.164571 39.547287	</row3>
		</transform>
		<clientOnly>	false	</clientOnly>
		<properties>
			<entityName>	20751007	</entityName>
			<rediviousTime>	15.000000	</rediviousTime>
			<rediviousTotal>	1	</rediviousTotal>
			<randomWalkRange>	3.000000	</randomWalkRange>
			<patrolList>	</patrolList>
			<lineNumber>	0	</lineNumber>
			<patrolPathNode>	</patrolPathNode>
		</properties>
	</entity_54>
	<entity_55>
		<type>	MonsterSpawnPoint	</type>
		<transform>
			<row0>	-0.258819 0.000000 -0.965909	</row0>
			<row1>	0.000000 0.999995 0.000000	</row1>
			<row2>	0.965909 0.000000 -0.258819	</row2>
			<row3>	121.669014 7.164570 46.314419	</row3>
		</transform>
		<clientOnly>	false	</clientOnly>
		<properties>
			<entityName>	20751007	</entityName>
			<rediviousTime>	15.000000	</rediviousTime>
			<rediviousTotal>	1	</rediviousTotal>
			<randomWalkRange>	3.000000	</randomWalkRange>
			<patrolList>	</patrolList>
			<lineNumber>	0	</lineNumber>
			<patrolPathNode>	</patrolPathNode>
		</properties>
	</entity_55>
	<entity_56>
		<type>	MonsterSpawnPoint	</type>
		<transform>
			<row0>	-0.866012 0.000000 -0.499989	</row0>
			<row1>	0.000000 0.999996 0.000000	</row1>
			<row2>	0.499989 0.000000 -0.866012	</row2>
			<row3>	112.362717 7.164570 42.776016	</row3>
		</transform>
		<clientOnly>	false	</clientOnly>
		<properties>
			<entityName>	20751007	</entityName>
			<rediviousTime>	15.000000	</rediviousTime>
			<rediviousTotal>	1	</rediviousTotal>
			<randomWalkRange>	3.000000	</randomWalkRange>
			<patrolList>	</patrolList>
			<lineNumber>	0	</lineNumber>
			<patrolPathNode>	</patrolPathNode>
		</properties>
	</entity_56>
	<entity_57>
		<type>	MonsterSpawnPoint	</type>
		<transform>
			<row0>	-0.999983 0.000000 0.000003	</row0>
			<row1>	0.000000 0.999995 0.000000	</row1>
			<row2>	-0.000003 0.000000 -0.999983	</row2>
			<row3>	108.296944 7.164569 46.351063	</row3>
		</transform>
		<clientOnly>	false	</clientOnly>
		<properties>
			<entityName>	20751007	</entityName>
			<rediviousTime>	15.000000	</rediviousTime>
			<rediviousTotal>	1	</rediviousTotal>
			<randomWalkRange>	3.000000	</randomWalkRange>
			<patrolList>	</patrolList>
			<lineNumber>	0	</lineNumber>
			<patrolPathNode>	</patrolPathNode>
		</properties>
	</entity_57>
	<entity_58>
		<type>	MonsterSpawnPoint	</type>
		<transform>
			<row0>	-0.707096 0.000000 -0.707092	</row0>
			<row1>	0.000000 0.999996 0.000000	</row1>
			<row2>	0.707092 0.000000 -0.707096	</row2>
			<row3>	102.791756 7.164570 45.286301	</row3>
		</transform>
		<clientOnly>	false	</clientOnly>
		<properties>
			<entityName>	20751007	</entityName>
			<rediviousTime>	15.000000	</rediviousTime>
			<rediviousTotal>	1	</rediviousTotal>
			<randomWalkRange>	3.000000	</randomWalkRange>
			<patrolList>	</patrolList>
			<lineNumber>	0	</lineNumber>
			<patrolPathNode>	</patrolPathNode>
		</properties>
	</entity_58>
	<entity_59>
		<type>	MonsterSpawnPoint	</type>
		<transform>
			<row0>	-0.258811 0.000000 0.965913	</row0>
			<row1>	0.000000 0.999996 0.000000	</row1>
			<row2>	-0.965913 0.000000 -0.258811	</row2>
			<row3>	96.385963 7.164568 61.748146	</row3>
		</transform>
		<clientOnly>	false	</clientOnly>
		<properties>
			<entityName>	20751007	</entityName>
			<rediviousTime>	15.000000	</rediviousTime>
			<rediviousTotal>	1	</rediviousTotal>
			<randomWalkRange>	3.000000	</randomWalkRange>
			<patrolList>	</patrolList>
			<lineNumber>	0	</lineNumber>
			<patrolPathNode>	</patrolPathNode>
		</properties>
	</entity_59>
	<entity_60>
		<type>	MonsterSpawnPoint	</type>
		<transform>
			<row0>	-0.999985 0.000000 0.000004	</row0>
			<row1>	0.000000 0.999996 0.000000	</row1>
			<row2>	-0.000004 0.000000 -0.999985	</row2>
			<row3>	109.586922 7.164569 60.799038	</row3>
		</transform>
		<clientOnly>	false	</clientOnly>
		<properties>
			<entityName>	20751007	</entityName>
			<rediviousTime>	15.000000	</rediviousTime>
			<rediviousTotal>	1	</rediviousTotal>
			<randomWalkRange>	3.000000	</randomWalkRange>
			<patrolList>	</patrolList>
			<lineNumber>	0	</lineNumber>
			<patrolPathNode>	</patrolPathNode>
		</properties>
	</entity_60>
	<entity_61>
		<type>	MonsterSpawnPoint	</type>
		<transform>
			<row0>	0.499988 0.000000 -0.866013	</row0>
			<row1>	0.000000 0.999994 0.000000	</row1>
			<row2>	0.866013 0.000000 0.499988	</row2>
			<row3>	119.095802 7.164569 60.970898	</row3>
		</transform>
		<clientOnly>	false	</clientOnly>
		<properties>
			<entityName>	20751007	</entityName>
			<rediviousTime>	15.000000	</rediviousTime>
			<rediviousTotal>	1	</rediviousTotal>
			<randomWalkRange>	3.000000	</randomWalkRange>
			<patrolList>	</patrolList>
			<lineNumber>	0	</lineNumber>
			<patrolPathNode>	</patrolPathNode>
		</properties>
	</entity_61>
	<entity_62>
		<type>	MonsterSpawnPoint	</type>
		<transform>
			<row0>	-0.965909 0.000000 0.258818	</row0>
			<row1>	0.000000 0.999996 0.000000	</row1>
			<row2>	-0.258818 0.000000 -0.965909	</row2>
			<row3>	113.812767 7.164497 65.839355	</row3>
		</transform>
		<clientOnly>	false	</clientOnly>
		<properties>
			<entityName>	20751007	</entityName>
			<rediviousTime>	15.000000	</rediviousTime>
			<rediviousTotal>	1	</rediviousTotal>
			<randomWalkRange>	3.000000	</randomWalkRange>
			<patrolList>	</patrolList>
			<lineNumber>	0	</lineNumber>
			<patrolPathNode>	</patrolPathNode>
		</properties>
	</entity_62>
	<entity_63>
		<type>	CollectPoint	</type>
		<transform>
			<row0>	0.000001 0.000000 0.999994	</row0>
			<row1>	0.000000 0.999995 0.000000	</row1>
			<row2>	-0.999994 0.000000 0.000001	</row2>
			<row3>	108.991951 7.164569 38.705441	</row3>
		</transform>
		<clientOnly>	false	</clientOnly>
		<properties>
			<className>	30112110	</className>
			<rediviousTime>	1200.000000	</rediviousTime>
			<lineNumber>	1	</lineNumber>
			<patrolPathNode>	</patrolPathNode>
		</properties>
	</entity_63>
	<entity_64>
		<type>	CollectPoint	</type>
		<transform>
			<row0>	-0.258819 0.000000 -0.965924	</row0>
			<row1>	0.000000 0.999998 0.000000	</row1>
			<row2>	0.965924 0.000000 -0.258819	</row2>
			<row3>	90.554276 7.164569 39.484783	</row3>
		</transform>
		<clientOnly>	false	</clientOnly>
		<properties>
			<className>	30112098	</className>
			<rediviousTime>	1200.000000	</rediviousTime>
			<lineNumber>	1	</lineNumber>
			<patrolPathNode>	</patrolPathNode>
		</properties>
	</entity_64>
	<entity_65>
		<type>	CollectPoint	</type>
		<transform>
			<row0>	-0.866023 0.000000 -0.499998	</row0>
			<row1>	0.000000 0.999997 0.000000	</row1>
			<row2>	0.499998 0.000000 -0.866023	</row2>
			<row3>	124.377037 7.164568 73.124550	</row3>
		</transform>
		<clientOnly>	false	</clientOnly>
		<properties>
			<className>	30112116	</className>
			<rediviousTime>	1200.000000	</rediviousTime>
			<lineNumber>	1	</lineNumber>
			<patrolPathNode>	</patrolPathNode>
		</properties>
	</entity_65>
	<entity_66>
		<type>	MonsterSpawnPoint	</type>
		<transform>
			<row0>	-0.866017 0.000000 -0.499993	</row0>
			<row1>	0.000000 0.999996 0.000000	</row1>
			<row2>	0.499993 0.000000 -0.866017	</row2>
			<row3>	-54.772232 15.164568 65.792999	</row3>
		</transform>
		<clientOnly>	false	</clientOnly>
		<properties>
			<entityName>	20741012	</entityName>
			<rediviousTime>	15.000000	</rediviousTime>
			<rediviousTotal>	1	</rediviousTotal>
			<randomWalkRange>	3.000000	</randomWalkRange>
			<patrolList>	</patrolList>
			<lineNumber>	0	</lineNumber>
			<patrolPathNode>	</patrolPathNode>
		</properties>
	</entity_66>
	<entity_67>
