<root>
	<entity_1>
		<type>	Flock	</type>
		<transform>
			<row0>	-0.866019 0.000000 -0.499997	</row0>
			<row1>	0.000000 0.999994 0.000000	</row1>
			<row2>	0.499997 0.000000 -0.866019	</row2>
			<row3>	-12.126480 22.588820 -53.590290	</row3>
		</transform>
		<clientOnly>	true	</clientOnly>
		<properties>
			<maxFlightTime>	200.000000	</maxFlightTime>
			<modelFile>	creature/he/ty_he_m.model	</modelFile>
			<amount>	1	</amount>
			<modelScale>	1.000000	</modelScale>
			<radius>	20.000000	</radius>
			<approachRadius>	10.000000	</approachRadius>
			<collisionFraction>	0.500000	</collisionFraction>
			<influenceRadius>	10.000000	</influenceRadius>
			<speed>	0.500000	</speed>
			<stopRadius>	1.000000	</stopRadius>
			<patrolPathNode>	</patrolPathNode>
		</properties>
	</entity_1>
	<entity_2>
		<type>	Flock	</type>
		<transform>
			<row0>	-0.499996 0.000000 -0.866019	</row0>
			<row1>	0.000000 0.999993 0.000000	</row1>
			<row2>	0.866019 0.000000 -0.499996	</row2>
			<row3>	-16.837891 19.591187 -57.404087	</row3>
		</transform>
		<clientOnly>	true	</clientOnly>
		<properties>
			<maxFlightTime>	200.000000	</maxFlightTime>
			<modelFile>	creature/he/ty_he_m.model	</modelFile>
			<amount>	1	</amount>
			<modelScale>	1.000000	</modelScale>
			<radius>	20.000000	</radius>
			<approachRadius>	10.000000	</approachRadius>
			<collisionFraction>	0.500000	</collisionFraction>
			<influenceRadius>	10.000000	</influenceRadius>
			<speed>	0.500000	</speed>
			<stopRadius>	1.000000	</stopRadius>
			<patrolPathNode>	</patrolPathNode>
		</properties>
	</entity_2>
	<entity_3>
		<type>	SpawnPointShuijing	</type>
		<transform>
			<row0>	1.000000 0.000000 0.000000	</row0>
			<row1>	0.000000 1.000000 0.000000	</row1>
			<row2>	0.000000 0.000000 1.000000	</row2>
			<row3>	-10.140594 17.426199 -0.513733	</row3>
		</transform>
		<clientOnly>	false	</clientOnly>
		<properties>
			<entityName>	</entityName>
			<rediviousTime>	60.000000	</rediviousTime>
			<rediviousTotal>	1	</rediviousTotal>
			<randomWalkRange>	3.000000	</randomWalkRange>
			<patrolList>	</patrolList>
			<group>	0	</group>
			<patrolPathNode>	</patrolPathNode>
		</properties>
	</entity_3>
	<entity_4>
		<type>	SpawnPointShuijing	</type>
		<transform>
			<row0>	1.000000 0.000000 0.000000	</row0>
			<row1>	0.000000 1.000000 0.000000	</row1>
			<row2>	0.000000 0.000000 1.000000	</row2>
			<row3>	-7.913124 17.426199 -4.628067	</row3>
		</transform>
		<clientOnly>	false	</clientOnly>
		<properties>
			<entityName>	</entityName>
			<rediviousTime>	60.000000	</rediviousTime>
			<rediviousTotal>	1	</rediviousTotal>
			<randomWalkRange>	3.000000	</randomWalkRange>
			<patrolList>	</patrolList>
			<group>	0	</group>
			<patrolPathNode>	</patrolPathNode>
		</properties>
	</entity_4>
	<entity_5>
		<type>	SpawnPointShuijing	</type>
		<transform>
			<row0>	1.000000 0.000000 0.000000	</row0>
			<row1>	0.000000 1.000000 0.000000	</row1>
			<row2>	0.000000 0.000000 1.000000	</row2>
			<row3>	-7.106468 17.426199 -6.407799	</row3>
		</transform>
		<clientOnly>	false	</clientOnly>
		<properties>
			<entityName>	</entityName>
			<rediviousTime>	60.000000	</rediviousTime>
			<rediviousTotal>	1	</rediviousTotal>
			<randomWalkRange>	3.000000	</randomWalkRange>
			<patrolList>	</patrolList>
			<group>	0	</group>
			<patrolPathNode>	</patrolPathNode>
		</properties>
	</entity_5>
	<entity_6>
		<type>	SpawnPointShuijing	</type>
		<transform>
			<row0>	1.000000 0.000000 0.000000	</row0>
			<row1>	0.000000 1.000000 0.000000	</row1>
			<row2>	0.000000 0.000000 1.000000	</row2>
			<row3>	-3.622856 17.426199 -9.243431	</row3>
		</transform>
		<clientOnly>	false	</clientOnly>
		<properties>
			<entityName>	</entityName>
			<rediviousTime>	60.000000	</rediviousTime>
			<rediviousTotal>	1	</rediviousTotal>
			<randomWalkRange>	3.000000	</randomWalkRange>
			<patrolList>	</patrolList>
			<group>	0	</group>
			<patrolPathNode>	</patrolPathNode>
		</properties>
	</entity_6>
	<entity_7>
		<type>	SpawnPointShuijing	</type>
		<transform>
			<row0>	1.000000 0.000000 0.000000	</row0>
			<row1>	0.000000 1.000000 0.000000	</row1>
			<row2>	0.000000 0.000000 1.000000	</row2>
			<row3>	-2.049072 17.426199 -9.211479	</row3>
		</transform>
		<clientOnly>	false	</clientOnly>
		<properties>
			<entityName>	</entityName>
			<rediviousTime>	60.000000	</rediviousTime>
			<rediviousTotal>	1	</rediviousTotal>
			<randomWalkRange>	3.000000	</randomWalkRange>
			<patrolList>	</patrolList>
			<group>	0	</group>
			<patrolPathNode>	</patrolPathNode>
		</properties>
	</entity_7>
	<entity_8>
		<type>	SpawnPointShuijing	</type>
		<transform>
			<row0>	1.000000 0.000000 0.000000	</row0>
			<row1>	0.000000 1.000000 0.000000	</row1>
			<row2>	0.000000 0.000000 1.000000	</row2>
			<row3>	-0.453194 17.426199 -9.248489	</row3>
		</transform>
		<clientOnly>	false	</clientOnly>
		<properties>
			<entityName>	</entityName>
			<rediviousTime>	60.000000	</rediviousTime>
			<rediviousTotal>	1	</rediviousTotal>
			<randomWalkRange>	3.000000	</randomWalkRange>
			<patrolList>	</patrolList>
			<group>	0	</group>
			<patrolPathNode>	</patrolPathNode>
		</properties>
	</entity_8>
	<entity_9>
		<type>	SpawnPointShuijing	</type>
		<transform>
			<row0>	1.000000 0.000000 0.000000	</row0>
			<row1>	0.000000 1.000000 0.000000	</row1>
			<row2>	0.000000 0.000000 1.000000	</row2>
			<row3>	-8.974655 17.426197 -7.225891	</row3>
		</transform>
		<clientOnly>	false	</clientOnly>
		<properties>
			<entityName>	</entityName>
			<rediviousTime>	60.000000	</rediviousTime>
			<rediviousTotal>	1	</rediviousTotal>
			<randomWalkRange>	3.000000	</randomWalkRange>
			<patrolList>	</patrolList>
			<group>	0	</group>
			<patrolPathNode>	</patrolPathNode>
		</properties>
	</entity_9>
	<entity_10>
		<type>	SpawnPointShuijing	</type>
		<transform>
			<row0>	1.000000 0.000000 0.000000	</row0>
			<row1>	0.000000 1.000000 0.000000	</row1>
			<row2>	0.000000 0.000000 1.000000	</row2>
			<row3>	-9.869072 17.426199 -5.355797	</row3>
		</transform>
		<clientOnly>	false	</clientOnly>
		<properties>
			<entityName>	</entityName>
			<rediviousTime>	60.000000	</rediviousTime>
			<rediviousTotal>	1	</rediviousTotal>
			<randomWalkRange>	3.000000	</randomWalkRange>
			<patrolList>	</patrolList>
			<group>	0	</group>
			<patrolPathNode>	</patrolPathNode>
		</properties>
	</entity_10>
	<entity_11>
		<type>	SpawnPointShuijing	</type>
		<transform>
			<row0>	1.000000 0.000000 0.000000	</row0>
			<row1>	0.000000 1.000000 0.000000	</row1>
			<row2>	0.000000 0.000000 1.000000	</row2>
			<row3>	-11.046722 17.426199 -3.180565	</row3>
		</transform>
		<clientOnly>	false	</clientOnly>
		<properties>
			<entityName>	</entityName>
			<rediviousTime>	60.000000	</rediviousTime>
			<rediviousTotal>	1	</rediviousTotal>
			<randomWalkRange>	3.000000	</randomWalkRange>
			<patrolList>	</patrolList>
			<group>	0	</group>
			<patrolPathNode>	</patrolPathNode>
		</properties>
	</entity_11>
	<entity_12>
		<type>	SpawnPointShuijing	</type>
		<transform>
			<row0>	1.000000 0.000000 0.000000	</row0>
			<row1>	0.000000 1.000000 0.000000	</row1>
			<row2>	0.000000 0.000000 1.000000	</row2>
			<row3>	-11.904144 17.426199 -1.466064	</row3>
		</transform>
		<clientOnly>	false	</clientOnly>
		<properties>
			<entityName>	</entityName>
			<rediviousTime>	60.000000	</rediviousTime>
			<rediviousTotal>	1	</rediviousTotal>
			<randomWalkRange>	3.000000	</randomWalkRange>
			<patrolList>	</patrolList>
			<group>	0	</group>
			<patrolPathNode>	</patrolPathNode>
		</properties>
	</entity_12>
	<entity_13>
		<type>	SpawnPointShuijing	</type>
		<transform>
			<row0>	1.000000 0.000000 0.000000	</row0>
			<row1>	0.000000 1.000000 0.000000	</row1>
			<row2>	0.000000 0.000000 1.000000	</row2>
			<row3>	-6.481461 17.426197 -10.040543	</row3>
		</transform>
		<clientOnly>	false	</clientOnly>
		<properties>
			<entityName>	</entityName>
			<rediviousTime>	60.000000	</rediviousTime>
			<rediviousTotal>	1	</rediviousTotal>
			<randomWalkRange>	3.000000	</randomWalkRange>
			<patrolList>	</patrolList>
			<group>	0	</group>
			<patrolPathNode>	</patrolPathNode>
		</properties>
	</entity_13>
	<entity_14>
		<type>	SpawnPointShuijing	</type>
		<transform>
			<row0>	1.000000 0.000000 0.000000	</row0>
			<row1>	0.000000 1.000000 0.000000	</row1>
			<row2>	0.000000 0.000000 1.000000	</row2>
			<row3>	-3.802193 17.426197 -10.912727	</row3>
		</transform>
		<clientOnly>	false	</clientOnly>
		<properties>
			<entityName>	</entityName>
			<rediviousTime>	60.000000	</rediviousTime>
			<rediviousTotal>	1	</rediviousTotal>
			<randomWalkRange>	3.000000	</randomWalkRange>
			<patrolList>	</patrolList>
			<group>	0	</group>
			<patrolPathNode>	</patrolPathNode>
		</properties>
	</entity_14>
	<entity_15>
		<type>	SpawnPointShuijing	</type>
		<transform>
			<row0>	1.000000 0.000135 -0.000041	</row0>
			<row1>	-0.000139 0.999951 0.009841	</row1>
			<row2>	0.000042 -0.009841 0.999953	</row2>
			<row3>	-15.058784 17.484015 -27.314507	</row3>
		</transform>
		<clientOnly>	false	</clientOnly>
		<properties>
			<entityName>	</entityName>
			<rediviousTime>	60.000000	</rediviousTime>
			<rediviousTotal>	1	</rediviousTotal>
			<randomWalkRange>	3.000000	</randomWalkRange>
			<patrolList>	</patrolList>
			<group>	3	</group>
			<patrolPathNode>	</patrolPathNode>
		</properties>
	</entity_15>
	<entity_16>
		<type>	SpawnPointShuijing	</type>
		<transform>
			<row0>	1.000000 0.000000 0.000000	</row0>
			<row1>	0.000000 1.000000 0.000000	</row1>
			<row2>	0.000000 0.000000 1.000000	</row2>
			<row3>	-12.915474 17.455639 -27.143219	</row3>
		</transform>
		<clientOnly>	false	</clientOnly>
		<properties>
			<entityName>	</entityName>
			<rediviousTime>	60.000000	</rediviousTime>
			<rediviousTotal>	1	</rediviousTotal>
			<randomWalkRange>	3.000000	</randomWalkRange>
			<patrolList>	</patrolList>
			<group>	3	</group>
			<patrolPathNode>	</patrolPathNode>
		</properties>
	</entity_16>
	<entity_17>
		<type>	SpawnPointShuijing	</type>
		<transform>
			<row0>	0.999962 -0.008681 -0.000022	</row0>
			<row1>	0.008681 0.999950 0.005012	</row1>
			<row2>	-0.000022 -0.005012 0.999987	</row2>
			<row3>	-15.573135 17.469145 -24.689301	</row3>
		</transform>
		<clientOnly>	false	</clientOnly>
		<properties>
			<entityName>	</entityName>
			<rediviousTime>	60.000000	</rediviousTime>
			<rediviousTotal>	1	</rediviousTotal>
			<randomWalkRange>	3.000000	</randomWalkRange>
			<patrolList>	</patrolList>
			<group>	3	</group>
			<patrolPathNode>	</patrolPathNode>
		</properties>
	</entity_17>
	<entity_18>
		<type>	SpawnPointShuijing	</type>
		<transform>
			<row0>	1.000000 0.000002 0.000043	</row0>
			<row1>	-0.000002 0.999950 0.010012	</row1>
			<row2>	-0.000044 -0.010012 0.999949	</row2>
			<row3>	-13.525223 17.448364 -23.753662	</row3>
		</transform>
		<clientOnly>	false	</clientOnly>
		<properties>
			<entityName>	</entityName>
			<rediviousTime>	60.000000	</rediviousTime>
			<rediviousTotal>	1	</rediviousTotal>
			<randomWalkRange>	3.000000	</randomWalkRange>
			<patrolList>	</patrolList>
			<group>	3	</group>
			<patrolPathNode>	</patrolPathNode>
		</properties>
	</entity_18>
	<entity_19>
		<type>	SpawnPointShuijing	</type>
		<transform>
			<row0>	1.000000 -0.000187 0.000041	</row0>
			<row1>	0.000187 0.999951 0.009897	</row1>
			<row2>	-0.000044 -0.009897 0.999950	</row2>
			<row3>	-10.999847 17.448029 -23.720184	</row3>
		</transform>
		<clientOnly>	false	</clientOnly>
		<properties>
			<entityName>	</entityName>
			<rediviousTime>	60.000000	</rediviousTime>
			<rediviousTotal>	1	</rediviousTotal>
			<randomWalkRange>	3.000000	</randomWalkRange>
			<patrolList>	</patrolList>
			<group>	3	</group>
			<patrolPathNode>	</patrolPathNode>
		</properties>
	</entity_19>
	<entity_20>
		<type>	SpawnPointShuijing	</type>
		<transform>
			<row0>	1.000000 0.000201 0.000045	</row0>
			<row1>	-0.000201 0.999949 0.010133	</row1>
			<row2>	-0.000044 -0.010133 0.999948	</row2>
			<row3>	-8.857491 17.471678 -26.082199	</row3>
		</transform>
		<clientOnly>	false	</clientOnly>
		<properties>
			<entityName>	</entityName>
			<rediviousTime>	60.000000	</rediviousTime>
			<rediviousTotal>	1	</rediviousTotal>
			<randomWalkRange>	3.000000	</randomWalkRange>
			<patrolList>	</patrolList>
			<group>	3	</group>
			<patrolPathNode>	</patrolPathNode>
		</properties>
	</entity_20>
	<entity_21>
		<type>	SpawnPointShuijing	</type>
		<transform>
			<row0>	0.999962 -0.008687 -0.000022	</row0>
			<row1>	0.008688 0.999950 0.004995	</row1>
			<row2>	-0.000022 -0.004995 0.999987	</row2>
			<row3>	-15.539352 17.455637 -22.048897	</row3>
		</transform>
		<clientOnly>	false	</clientOnly>
		<properties>
			<entityName>	</entityName>
			<rediviousTime>	60.000000	</rediviousTime>
			<rediviousTotal>	1	</rediviousTotal>
			<randomWalkRange>	3.000000	</randomWalkRange>
			<patrolList>	</patrolList>
			<group>	3	</group>
			<patrolPathNode>	</patrolPathNode>
		</properties>
	</entity_21>
	<entity_22>
		<type>	SpawnPointShuijing	</type>
		<transform>
			<row0>	0.999967 -0.008100 -0.000019	</row0>
			<row1>	0.008101 0.999953 0.005326	</row1>
			<row2>	-0.000025 -0.005326 0.999985	</row2>
			<row3>	-12.250885 17.416191 -19.864807	</row3>
		</transform>
		<clientOnly>	false	</clientOnly>
		<properties>
			<entityName>	</entityName>
			<rediviousTime>	60.000000	</rediviousTime>
			<rediviousTotal>	1	</rediviousTotal>
			<randomWalkRange>	3.000000	</randomWalkRange>
			<patrolList>	</patrolList>
			<group>	3	</group>
			<patrolPathNode>	</patrolPathNode>
		</properties>
	</entity_22>
	<entity_23>
		<type>	SpawnPointShuijing	</type>
		<transform>
			<row0>	1.000000 0.000000 0.000043	</row0>
			<row1>	0.000001 0.999950 0.010010	</row1>
			<row2>	-0.000044 -0.010010 0.999949	</row2>
			<row3>	-9.644234 17.426172 -21.536957	</row3>
		</transform>
		<clientOnly>	false	</clientOnly>
		<properties>
			<entityName>	</entityName>
			<rediviousTime>	60.000000	</rediviousTime>
			<rediviousTotal>	1	</rediviousTotal>
			<randomWalkRange>	3.000000	</randomWalkRange>
			<patrolList>	</patrolList>
			<group>	3	</group>
			<patrolPathNode>	</patrolPathNode>
		</properties>
	</entity_23>
	<entity_24>
		<type>	SpawnPointShuijing	</type>
		<transform>
			<row0>	1.000000 0.000359 0.000047	</row0>
			<row1>	-0.000358 0.999947 0.010292	</row1>
			<row2>	-0.000044 -0.010292 0.999946	</row2>
			<row3>	-7.490601 17.448391 -23.756378	</row3>
		</transform>
		<clientOnly>	false	</clientOnly>
		<properties>
			<entityName>	</entityName>
			<rediviousTime>	60.000000	</rediviousTime>
			<rediviousTotal>	1	</rediviousTotal>
			<randomWalkRange>	3.000000	</randomWalkRange>
			<patrolList>	</patrolList>
			<group>	3	</group>
			<patrolPathNode>	</patrolPathNode>
		</properties>
	</entity_24>
	<entity_25>
		<type>	SpawnPointShuijing	</type>
		<transform>
			<row0>	0.999962 -0.008669 0.000023	</row0>
			<row1>	0.008670 0.999950 0.005031	</row1>
			<row2>	-0.000067 -0.005031 0.999986	</row2>
			<row3>	-29.012009 17.470242 -1.631683	</row3>
		</transform>
		<clientOnly>	false	</clientOnly>
		<properties>
			<entityName>	</entityName>
			<rediviousTime>	60.000000	</rediviousTime>
			<rediviousTotal>	1	</rediviousTotal>
			<randomWalkRange>	3.000000	</randomWalkRange>
			<patrolList>	</patrolList>
			<group>	4	</group>
			<patrolPathNode>	</patrolPathNode>
		</properties>
	</entity_25>
	<entity_26>
		<type>	SpawnPointShuijing	</type>
		<transform>
			<row0>	0.999962 -0.008668 0.000023	</row0>
			<row1>	0.008670 0.999950 0.005022	</row1>
			<row2>	-0.000067 -0.005023 0.999986	</row2>
			<row3>	-24.805832 17.431190 -1.115623	</row3>
		</transform>
		<clientOnly>	false	</clientOnly>
		<properties>
			<entityName>	</entityName>
			<rediviousTime>	60.000000	</rediviousTime>
			<rediviousTotal>	1	</rediviousTotal>
			<randomWalkRange>	3.000000	</randomWalkRange>
			<patrolList>	</patrolList>
			<group>	4	</group>
			<patrolPathNode>	</patrolPathNode>
		</properties>
	</entity_26>
	<entity_27>
		<type>	SpawnPointShuijing	</type>
		<transform>
			<row0>	0.999962 -0.008651 0.000023	</row0>
			<row1>	0.008653 0.999953 0.004318	</row1>
			<row2>	-0.000061 -0.004319 0.999989	</row2>
			<row3>	-27.050842 17.469870 -4.954239	</row3>
		</transform>
		<clientOnly>	false	</clientOnly>
		<properties>
			<entityName>	</entityName>
			<rediviousTime>	60.000000	</rediviousTime>
			<rediviousTotal>	1	</rediviousTotal>
			<randomWalkRange>	3.000000	</randomWalkRange>
			<patrolList>	</patrolList>
			<group>	4	</group>
			<patrolPathNode>	</patrolPathNode>
		</properties>
	</entity_27>
	<entity_28>
		<type>	SpawnPointShuijing	</type>
		<transform>
			<row0>	0.999962 -0.008673 0.000023	</row0>
			<row1>	0.008675 0.999948 0.005215	</row1>
			<row2>	-0.000069 -0.005216 0.999985	</row2>
			<row3>	-25.297173 17.455730 -5.166771	</row3>
		</transform>
		<clientOnly>	false	</clientOnly>
		<properties>
			<entityName>	</entityName>
			<rediviousTime>	60.000000	</rediviousTime>
			<rediviousTotal>	1	</rediviousTotal>
			<randomWalkRange>	3.000000	</randomWalkRange>
			<patrolList>	</patrolList>
			<group>	4	</group>
			<patrolPathNode>	</patrolPathNode>
		</properties>
	</entity_28>
	<entity_29>
		<type>	SpawnPointShuijing	</type>
		<transform>
			<row0>	0.999962 -0.008667 0.000023	</row0>
			<row1>	0.008670 0.999948 0.005026	</row1>
			<row2>	-0.000067 -0.005027 0.999986	</row2>
			<row3>	-22.440163 17.408384 -0.657257	</row3>
		</transform>
		<clientOnly>	false	</clientOnly>
		<properties>
			<entityName>	</entityName>
			<rediviousTime>	60.000000	</rediviousTime>
			<rediviousTotal>	1	</rediviousTotal>
			<randomWalkRange>	3.000000	</randomWalkRange>
			<patrolList>	</patrolList>
			<group>	4	</group>
			<patrolPathNode>	</patrolPathNode>
		</properties>
	</entity_29>
	<entity_30>
		<type>	SpawnPointShuijing	</type>
		<transform>
			<row0>	1.000000 0.000000 0.000000	</row0>
			<row1>	0.000000 0.999948 0.010217	</row1>
			<row2>	0.000000 -0.010217 0.999948	</row2>
			<row3>	-3.269417 17.477282 -26.642021	</row3>
		</transform>
		<clientOnly>	false	</clientOnly>
		<properties>
			<entityName>	</entityName>
			<rediviousTime>	60.000000	</rediviousTime>
			<rediviousTotal>	1	</rediviousTotal>
			<randomWalkRange>	3.000000	</randomWalkRange>
			<patrolList>	</patrolList>
			<group>	10	</group>
			<patrolPathNode>	</patrolPathNode>
		</properties>
	</entity_30>
	<entity_31>
		<type>	SpawnPointShuijing	</type>
		<transform>
			<row0>	1.000000 0.000000 0.000000	</row0>
			<row1>	0.000000 0.999953 0.009731	</row1>
			<row2>	0.000000 -0.009731 0.999953	</row2>
			<row3>	-1.269958 17.441013 -23.019310	</row3>
		</transform>
		<clientOnly>	false	</clientOnly>
		<properties>
			<entityName>	</entityName>
			<rediviousTime>	60.000000	</rediviousTime>
			<rediviousTotal>	1	</rediviousTotal>
			<randomWalkRange>	3.000000	</randomWalkRange>
			<patrolList>	</patrolList>
			<group>	10	</group>
			<patrolPathNode>	</patrolPathNode>
		</properties>
	</entity_31>
	<entity_32>
		<type>	SpawnPointShuijing	</type>
		<transform>
			<row0>	1.000000 0.000000 0.000000	</row0>
			<row1>	0.000000 0.999947 0.010289	</row1>
			<row2>	0.000000 -0.010289 0.999947	</row2>
			<row3>	-2.862915 17.414791 -20.400108	</row3>
		</transform>
		<clientOnly>	false	</clientOnly>
		<properties>
			<entityName>	</entityName>
			<rediviousTime>	60.000000	</rediviousTime>
			<rediviousTotal>	1	</rediviousTotal>
			<randomWalkRange>	3.000000	</randomWalkRange>
			<patrolList>	</patrolList>
			<group>	10	</group>
			<patrolPathNode>	</patrolPathNode>
		</properties>
	</entity_32>
	<entity_33>
		<type>	SpawnPointShuijing	</type>
		<transform>
			<row0>	1.000000 0.000000 0.000000	</row0>
			<row1>	0.000000 0.999952 0.009815	</row1>
			<row2>	0.000000 -0.009815 0.999952	</row2>
			<row3>	-0.410034 17.407221 -19.644012	</row3>
		</transform>
		<clientOnly>	false	</clientOnly>
		<properties>
			<entityName>	</entityName>
			<rediviousTime>	60.000000	</rediviousTime>
			<rediviousTotal>	1	</rediviousTotal>
			<randomWalkRange>	3.000000	</randomWalkRange>
			<patrolList>	</patrolList>
			<group>	10	</group>
			<patrolPathNode>	</patrolPathNode>
		</properties>
	</entity_33>
	<entity_34>
		<type>	SpawnPointShuijing	</type>
		<transform>
			<row0>	0.999962 -0.008681 -0.000065	</row0>
			<row1>	0.008682 0.999949 0.004998	</row1>
			<row2>	0.000022 -0.004999 0.999987	</row2>
			<row3>	-21.372688 17.463343 -13.484680	</row3>
		</transform>
		<clientOnly>	false	</clientOnly>
		<properties>
			<entityName>	</entityName>
			<rediviousTime>	60.000000	</rediviousTime>
			<rediviousTotal>	1	</rediviousTotal>
			<randomWalkRange>	3.000000	</randomWalkRange>
			<patrolList>	</patrolList>
			<group>	11	</group>
			<patrolPathNode>	</patrolPathNode>
		</properties>
	</entity_34>
	<entity_35>
		<type>	SpawnPointShuijing	</type>
		<transform>
			<row0>	0.999966 -0.008218 -0.000063	</row0>
			<row1>	0.008219 0.999951 0.005273	</row1>
			<row2>	0.000020 -0.005274 0.999986	</row2>
			<row3>	-18.329048 17.444664 -15.025177	</row3>
		</transform>
		<clientOnly>	false	</clientOnly>
		<properties>
			<entityName>	</entityName>
			<rediviousTime>	60.000000	</rediviousTime>
			<rediviousTotal>	1	</rediviousTotal>
			<randomWalkRange>	3.000000	</randomWalkRange>
			<patrolList>	</patrolList>
			<group>	11	</group>
			<patrolPathNode>	</patrolPathNode>
		</properties>
	</entity_35>
	<entity_36>
		<type>	SpawnPointShuijing	</type>
		<transform>
			<row0>	0.999966 -0.008219 -0.000062	</row0>
			<row1>	0.000022 -0.004999 0.999986	</row1>
			<row2>	-0.008219 -0.999953 -0.004999	</row2>
			<row3>	-22.190819 18.421457 -12.124352	</row3>
		</transform>
		<clientOnly>	false	</clientOnly>
		<properties>
			<entityName>	</entityName>
			<rediviousTime>	60.000000	</rediviousTime>
			<rediviousTotal>	1	</rediviousTotal>
			<randomWalkRange>	3.000000	</randomWalkRange>
			<patrolList>	</patrolList>
			<group>	11	</group>
			<patrolPathNode>	</patrolPathNode>
		</properties>
	</entity_36>
	<entity_37>
		<type>	SpawnPointShuijing	</type>
		<transform>
			<row0>	0.999962 -0.008666 -0.000516	</row0>
			<row1>	0.008670 0.999948 0.005005	</row1>
			<row2>	0.000473 -0.005010 0.999986	</row2>
			<row3>	-19.501465 17.429901 -10.045670	</row3>
		</transform>
		<clientOnly>	false	</clientOnly>
		<properties>
			<entityName>	</entityName>
			<rediviousTime>	60.000000	</rediviousTime>
			<rediviousTotal>	1	</rediviousTotal>
			<randomWalkRange>	3.000000	</randomWalkRange>
			<patrolList>	</patrolList>
			<group>	11	</group>
			<patrolPathNode>	</patrolPathNode>
		</properties>
	</entity_37>
	<entity_38>
		<type>	SpawnPointShuijing	</type>
		<transform>
			<row0>	0.999965 -0.008342 -0.000514	</row0>
			<row1>	0.008346 0.999949 0.005295	</row1>
			<row2>	0.000471 -0.005300 0.999984	</row2>
			<row3>	-22.266235 17.448519 -8.976212	</row3>
		</transform>
		<clientOnly>	false	</clientOnly>
		<properties>
			<entityName>	</entityName>
			<rediviousTime>	60.000000	</rediviousTime>
			<rediviousTotal>	1	</rediviousTotal>
			<randomWalkRange>	3.000000	</randomWalkRange>
			<patrolList>	</patrolList>
			<group>	11	</group>
			<patrolPathNode>	</patrolPathNode>
		</properties>
	</entity_38>
	<entity_39>
		<type>	SpawnPointShuijing	</type>
		<transform>
			<row0>	0.999960 -0.008879 -0.000517	</row0>
			<row1>	0.008883 0.999947 0.004814	</row1>
			<row2>	0.000475 -0.004819 0.999986	</row2>
			<row3>	-20.914536 17.470102 -15.628799	</row3>
		</transform>
		<clientOnly>	false	</clientOnly>
		<properties>
			<entityName>	</entityName>
			<rediviousTime>	60.000000	</rediviousTime>
			<rediviousTotal>	1	</rediviousTotal>
			<randomWalkRange>	3.000000	</randomWalkRange>
			<patrolList>	</patrolList>
			<group>	11	</group>
			<patrolPathNode>	</patrolPathNode>
		</properties>
	</entity_39>
	<entity_40>
		<type>	SpawnPointShuijing	</type>
		<transform>
			<row0>	0.999964 -0.008388 -0.000515	</row0>
			<row1>	0.008392 0.999949 0.005254	</row1>
			<row2>	0.000471 -0.005259 0.999984	</row2>
			<row3>	-17.242355 17.443527 -16.680466	</row3>
		</transform>
		<clientOnly>	false	</clientOnly>
		<properties>
			<entityName>	</entityName>
			<rediviousTime>	60.000000	</rediviousTime>
			<rediviousTotal>	1	</rediviousTotal>
			<randomWalkRange>	3.000000	</randomWalkRange>
			<patrolList>	</patrolList>
			<group>	11	</group>
			<patrolPathNode>	</patrolPathNode>
		</properties>
	</entity_40>
	<entity_41>
		<type>	SpawnPointShuijing	</type>
		<transform>
			<row0>	0.999960 -0.008842 -0.000517	</row0>
			<row1>	0.008846 0.999947 0.004848	</row1>
			<row2>	0.000475 -0.004853 0.999986	</row2>
			<row3>	-14.806534 17.403765 -12.955833	</row3>
		</transform>
		<clientOnly>	false	</clientOnly>
		<properties>
			<entityName>	</entityName>
			<rediviousTime>	60.000000	</rediviousTime>
			<rediviousTotal>	1	</rediviousTotal>
			<randomWalkRange>	3.000000	</randomWalkRange>
			<patrolList>	</patrolList>
			<group>	11	</group>
			<patrolPathNode>	</patrolPathNode>
		</properties>
	</entity_41>
	<entity_42>
		<type>	SpawnPointShuijing	</type>
		<transform>
			<row0>	0.999963 -0.008462 -0.000515	</row0>
			<row1>	0.008466 0.999949 0.005187	</row1>
			<row2>	0.000472 -0.005191 0.999984	</row2>
			<row3>	-16.844643 17.404425 -9.557732	</row3>
		</transform>
		<clientOnly>	false	</clientOnly>
		<properties>
			<entityName>	</entityName>
			<rediviousTime>	60.000000	</rediviousTime>
			<rediviousTotal>	1	</rediviousTotal>
			<randomWalkRange>	3.000000	</randomWalkRange>
			<patrolList>	</patrolList>
			<group>	11	</group>
			<patrolPathNode>	</patrolPathNode>
		</properties>
	</entity_42>
	<entity_43>
		<type>	SpawnPointShuijing	</type>
		<transform>
			<row0>	0.999960 -0.008824 -0.000517	</row0>
			<row1>	0.008828 0.999947 0.004864	</row1>
			<row2>	0.000475 -0.004868 0.999986	</row2>
			<row3>	-18.347786 17.439993 -12.455772	</row3>
		</transform>
		<clientOnly>	false	</clientOnly>
		<properties>
			<entityName>	</entityName>
			<rediviousTime>	60.000000	</rediviousTime>
			<rediviousTotal>	1	</rediviousTotal>
			<randomWalkRange>	3.000000	</randomWalkRange>
			<patrolList>	</patrolList>
			<group>	11	</group>
			<patrolPathNode>	</patrolPathNode>
		</properties>
	</entity_43>
	<entity_44>
		<type>	SpawnPointShuijing	</type>
		<transform>
			<row0>	0.999999 -0.000273 -0.000135	</row0>
			<row1>	0.000276 0.999949 0.010119	</row1>
			<row2>	0.000130 -0.010119 0.999947	</row2>
			<row3>	-2.128181 17.367496 -15.675995	</row3>
		</transform>
		<clientOnly>	false	</clientOnly>
		<properties>
			<entityName>	</entityName>
			<rediviousTime>	60.000000	</rediviousTime>
			<rediviousTotal>	1	</rediviousTotal>
			<randomWalkRange>	3.000000	</randomWalkRange>
			<patrolList>	</patrolList>
			<group>	16	</group>
			<patrolPathNode>	</patrolPathNode>
		</properties>
	</entity_44>
	<entity_45>
		<type>	SpawnPointShuijing	</type>
		<transform>
			<row0>	0.999999 0.000113 -0.000131	</row0>
			<row1>	-0.000110 0.999951 0.009968	</row1>
			<row2>	0.000130 -0.009968 0.999949	</row2>
			<row3>	-5.022667 17.360779 -15.005081	</row3>
		</transform>
		<clientOnly>	false	</clientOnly>
		<properties>
			<entityName>	</entityName>
			<rediviousTime>	60.000000	</rediviousTime>
			<rediviousTotal>	1	</rediviousTotal>
			<randomWalkRange>	3.000000	</randomWalkRange>
			<patrolList>	</patrolList>
			<group>	16	</group>
			<patrolPathNode>	</patrolPathNode>
		</properties>
	</entity_45>
	<entity_46>
		<type>	SpawnPointShuijing	</type>
		<transform>
			<row0>	0.999961 -0.008682 -0.000196	</row0>
			<row1>	0.008685 0.999950 0.004997	</row1>
			<row2>	0.000151 -0.004999 0.999986	</row2>
			<row3>	-12.091415 17.363342 -9.583168	</row3>
		</transform>
		<clientOnly>	false	</clientOnly>
		<properties>
			<entityName>	</entityName>
			<rediviousTime>	60.000000	</rediviousTime>
			<rediviousTotal>	1	</rediviousTotal>
			<randomWalkRange>	3.000000	</randomWalkRange>
			<patrolList>	</patrolList>
			<group>	17	</group>
			<patrolPathNode>	</patrolPathNode>
		</properties>
	</entity_46>
	<entity_47>
		<type>	SpawnPointShuijing	</type>
		<transform>
			<row0>	0.999966 -0.008072 -0.000193	</row0>
			<row1>	0.008075 0.999953 0.005333	</row1>
			<row2>	0.000148 -0.005335 0.999984	</row2>
			<row3>	-14.400681 17.373598 -7.632133	</row3>
		</transform>
		<clientOnly>	false	</clientOnly>
		<properties>
			<entityName>	</entityName>
			<rediviousTime>	60.000000	</rediviousTime>
			<rediviousTotal>	1	</rediviousTotal>
			<randomWalkRange>	3.000000	</randomWalkRange>
			<patrolList>	</patrolList>
			<group>	17	</group>
			<patrolPathNode>	</patrolPathNode>
		</properties>
	</entity_47>
	<entity_48>
		<type>	SpawnPointShuijing	</type>
		<transform>
			<row0>	0.999960 -0.008786 -0.000197	</row0>
			<row1>	0.008789 0.999949 0.004940	</row1>
			<row2>	0.000151 -0.004942 0.999986	</row2>
			<row3>	-15.436546 17.363438 -3.808212	</row3>
		</transform>
		<clientOnly>	false	</clientOnly>
		<properties>
			<entityName>	</entityName>
			<rediviousTime>	60.000000	</rediviousTime>
			<rediviousTotal>	1	</rediviousTotal>
			<randomWalkRange>	3.000000	</randomWalkRange>
			<patrolList>	</patrolList>
			<group>	17	</group>
			<patrolPathNode>	</patrolPathNode>
		</properties>
	</entity_48>
	<entity_49>
		<type>	SpawnPointShuijing	</type>
		<transform>
			<row0>	0.999963 -0.008388 -0.000195	</row0>
			<row1>	0.008391 0.999951 0.005158	</row1>
			<row2>	0.000149 -0.005160 0.999985	</row2>
			<row3>	-13.164169 17.351709 -5.400948	</row3>
		</transform>
		<clientOnly>	false	</clientOnly>
		<properties>
			<entityName>	</entityName>
			<rediviousTime>	60.000000	</rediviousTime>
			<rediviousTotal>	1	</rediviousTotal>
			<randomWalkRange>	3.000000	</randomWalkRange>
			<patrolList>	</patrolList>
			<group>	17	</group>
			<patrolPathNode>	</patrolPathNode>
		</properties>
	</entity_49>
	<entity_50>
		<type>	SpawnPointShuijing	</type>
		<transform>
			<row0>	0.999958 -0.008939 -0.000198	</row0>
			<row1>	0.008942 0.999948 0.004856	</row1>
			<row2>	0.000152 -0.004858 0.999986	</row2>
			<row3>	-15.956924 17.357063 -1.633789	</row3>
		</transform>
		<clientOnly>	false	</clientOnly>
		<properties>
			<entityName>	</entityName>
			<rediviousTime>	60.000000	</rediviousTime>
			<rediviousTotal>	1	</rediviousTotal>
			<randomWalkRange>	3.000000	</randomWalkRange>
			<patrolList>	</patrolList>
			<group>	17	</group>
			<patrolPathNode>	</patrolPathNode>
		</properties>
	</entity_50>
	<entity_51>
		<type>	Flock	</type>
		<transform>
			<row0>	-0.866019 0.000000 -0.499997	</row0>
			<row1>	0.000000 0.999994 0.000000	</row1>
			<row2>	0.499997 0.000000 -0.866019	</row2>
			<row3>	-43.295681 34.314079 21.156052	</row3>
		</transform>
		<clientOnly>	true	</clientOnly>
		<properties>
			<maxFlightTime>	200.000000	</maxFlightTime>
			<modelFile>	creature/he/ty_he_m.model	</modelFile>
			<amount>	1	</amount>
			<modelScale>	1.000000	</modelScale>
			<radius>	20.000000	</radius>
			<approachRadius>	10.000000	</approachRadius>
			<collisionFraction>	0.500000	</collisionFraction>
			<influenceRadius>	10.000000	</influenceRadius>
			<speed>	0.500000	</speed>
			<stopRadius>	1.000000	</stopRadius>
			<patrolPathNode>	</patrolPathNode>
		</properties>
	</entity_51>
	<entity_52>
		<type>	Flock	</type>
		<transform>
			<row0>	-0.965918 0.000000 -0.258818	</row0>
			<row1>	0.000000 0.999994 0.000000	</row1>
			<row2>	0.258818 0.000000 -0.965918	</row2>
			<row3>	-45.474316 30.418024 25.033808	</row3>
		</transform>
		<clientOnly>	true	</clientOnly>
		<properties>
			<maxFlightTime>	200.000000	</maxFlightTime>
			<modelFile>	creature/he/ty_he_m.model	</modelFile>
			<amount>	1	</amount>
			<modelScale>	1.000000	</modelScale>
			<radius>	20.000000	</radius>
			<approachRadius>	10.000000	</approachRadius>
			<collisionFraction>	0.500000	</collisionFraction>
			<influenceRadius>	10.000000	</influenceRadius>
			<speed>	0.500000	</speed>
			<stopRadius>	1.000000	</stopRadius>
			<patrolPathNode>	</patrolPathNode>
		</properties>
	</entity_52>
	<entity_53>
		<type>	SpawnPointShuijing	</type>
		<transform>
			<row0>	1.000000 0.000000 0.000000	</row0>
			<row1>	0.000000 1.000000 0.000000	</row1>
			<row2>	0.000000 0.000000 1.000000	</row2>
			<row3>	-0.131538 17.426199 0.114993	</row3>
		</transform>
		<clientOnly>	false	</clientOnly>
		<properties>
			<entityName>	</entityName>
			<rediviousTime>	60.000000	</rediviousTime>
			<rediviousTotal>	1	</rediviousTotal>
			<randomWalkRange>	3.000000	</randomWalkRange>
			<patrolList>	</patrolList>
			<group>	-1	</group>
			<patrolPathNode>	</patrolPathNode>
		</properties>
	</entity_53>
	<entity_54>
		<type>	SpawnPointShuijing	</type>
		<transform>
			<row0>	1.000000 0.000000 0.000000	</row0>
			<row1>	0.000000 1.000000 0.000000	</row1>
			<row2>	0.000000 0.000000 1.000000	</row2>
			<row3>	-0.387054 17.426189 9.215344	</row3>
		</transform>
		<clientOnly>	false	</clientOnly>
		<properties>
			<entityName>	</entityName>
			<rediviousTime>	60.000000	</rediviousTime>
			<rediviousTotal>	1	</rediviousTotal>
			<randomWalkRange>	3.000000	</randomWalkRange>
			<patrolList>	</patrolList>
			<group>	0	</group>
			<patrolPathNode>	</patrolPathNode>
		</properties>
	</entity_54>
	<entity_55>
		<type>	SpawnPointShuijing	</type>
		<transform>
			<row0>	1.000000 0.000000 0.000000	</row0>
			<row1>	0.000000 1.000000 0.000000	</row1>
			<row2>	0.000000 0.000000 1.000000	</row2>
			<row3>	-4.769447 17.426199 9.225634	</row3>
		</transform>
		<clientOnly>	false	</clientOnly>
		<properties>
			<entityName>	</entityName>
			<rediviousTime>	60.000000	</rediviousTime>
			<rediviousTotal>	1	</rediviousTotal>
			<randomWalkRange>	3.000000	</randomWalkRange>
			<patrolList>	</patrolList>
			<group>	0	</group>
			<patrolPathNode>	</patrolPathNode>
		</properties>
	</entity_55>
	<entity_56>
		<type>	SpawnPointShuijing	</type>
		<transform>
			<row0>	1.000000 0.000000 0.000000	</row0>
			<row1>	0.000000 1.000000 0.000000	</row1>
			<row2>	0.000000 0.000000 1.000000	</row2>
			<row3>	-7.740417 17.426195 5.147848	</row3>
		</transform>
		<clientOnly>	false	</clientOnly>
		<properties>
			<entityName>	</entityName>
			<rediviousTime>	60.000000	</rediviousTime>
			<rediviousTotal>	1	</rediviousTotal>
			<randomWalkRange>	3.000000	</randomWalkRange>
			<patrolList>	</patrolList>
			<group>	0	</group>
			<patrolPathNode>	</patrolPathNode>
		</properties>
	</entity_56>
	<entity_57>
		<type>	SpawnPointShuijing	</type>
		<transform>
			<row0>	1.000000 0.000000 0.000000	</row0>
			<row1>	0.000000 1.000000 0.000000	</row1>
			<row2>	0.000000 0.000000 1.000000	</row2>
			<row3>	-10.081314 17.426199 1.470821	</row3>
		</transform>
		<clientOnly>	false	</clientOnly>
		<properties>
			<entityName>	</entityName>
			<rediviousTime>	60.000000	</rediviousTime>
			<rediviousTotal>	1	</rediviousTotal>
			<randomWalkRange>	3.000000	</randomWalkRange>
			<patrolList>	</patrolList>
			<group>	0	</group>
			<patrolPathNode>	</patrolPathNode>
		</properties>
	</entity_57>
	<entity_58>
		<type>	SpawnPointShuijing	</type>
		<transform>
			<row0>	1.000000 0.000000 0.000000	</row0>
			<row1>	0.000000 1.000000 0.000000	</row1>
			<row2>	0.000000 0.000000 1.000000	</row2>
			<row3>	-10.942398 17.426199 3.619522	</row3>
		</transform>
		<clientOnly>	false	</clientOnly>
		<properties>
			<entityName>	</entityName>
			<rediviousTime>	60.000000	</rediviousTime>
			<rediviousTotal>	1	</rediviousTotal>
			<randomWalkRange>	3.000000	</randomWalkRange>
			<patrolList>	</patrolList>
			<group>	0	</group>
			<patrolPathNode>	</patrolPathNode>
		</properties>
	</entity_58>
	<entity_59>
		<type>	SpawnPointShuijing	</type>
		<transform>
			<row0>	1.000000 0.000000 0.000000	</row0>
			<row1>	0.000000 1.000000 0.000000	</row1>
			<row2>	0.000000 0.000000 1.000000	</row2>
			<row3>	-9.286720 17.426197 5.781447	</row3>
		</transform>
		<clientOnly>	false	</clientOnly>
		<properties>
			<entityName>	</entityName>
			<rediviousTime>	60.000000	</rediviousTime>
			<rediviousTotal>	1	</rediviousTotal>
			<randomWalkRange>	3.000000	</randomWalkRange>
			<patrolList>	</patrolList>
			<group>	0	</group>
			<patrolPathNode>	</patrolPathNode>
		</properties>
	</entity_59>
	<entity_60>
		<type>	SpawnPointShuijing	</type>
		<transform>
			<row0>	1.000000 0.000000 0.000000	</row0>
			<row1>	0.000000 1.000000 0.000000	</row1>
			<row2>	0.000000 0.000000 1.000000	</row2>
			<row3>	-7.944321 17.426199 8.168850	</row3>
		</transform>
		<clientOnly>	false	</clientOnly>
		<properties>
			<entityName>	</entityName>
			<rediviousTime>	60.000000	</rediviousTime>
			<rediviousTotal>	1	</rediviousTotal>
			<randomWalkRange>	3.000000	</randomWalkRange>
			<patrolList>	</patrolList>
			<group>	0	</group>
			<patrolPathNode>	</patrolPathNode>
		</properties>
	</entity_60>
	<entity_61>
		<type>	SpawnPointShuijing	</type>
		<transform>
			<row0>	1.000000 0.000000 0.000000	</row0>
			<row1>	0.000000 1.000000 0.000000	</row1>
			<row2>	0.000000 0.000000 1.000000	</row2>
			<row3>	-6.911911 17.426199 9.633712	</row3>
		</transform>
		<clientOnly>	false	</clientOnly>
		<properties>
			<entityName>	</entityName>
			<rediviousTime>	60.000000	</rediviousTime>
			<rediviousTotal>	1	</rediviousTotal>
			<randomWalkRange>	3.000000	</randomWalkRange>
			<patrolList>	</patrolList>
			<group>	0	</group>
			<patrolPathNode>	</patrolPathNode>
		</properties>
	</entity_61>
	<entity_62>
		<type>	SpawnPointShuijing	</type>
		<transform>
			<row0>	1.000000 0.000000 0.000000	</row0>
			<row1>	0.000000 1.000000 0.000000	</row1>
			<row2>	0.000000 0.000000 1.000000	</row2>
			<row3>	-4.679642 17.426199 11.089863	</row3>
		</transform>
		<clientOnly>	false	</clientOnly>
		<properties>
			<entityName>	</entityName>
			<rediviousTime>	60.000000	</rediviousTime>
			<rediviousTotal>	1	</rediviousTotal>
			<randomWalkRange>	3.000000	</randomWalkRange>
			<patrolList>	</patrolList>
			<group>	0	</group>
			<patrolPathNode>	</patrolPathNode>
		</properties>
	</entity_62>
	<entity_63>
		<type>	SpawnPointShuijing	</type>
		<transform>
			<row0>	1.000000 0.000000 0.000000	</row0>
			<row1>	0.000000 1.000000 0.000000	</row1>
			<row2>	0.000000 0.000000 1.000000	</row2>
			<row3>	-2.733543 17.426199 11.254078	</row3>
		</transform>
		<clientOnly>	false	</clientOnly>
		<properties>
			<entityName>	</entityName>
			<rediviousTime>	60.000000	</rediviousTime>
			<rediviousTotal>	1	</rediviousTotal>
			<randomWalkRange>	3.000000	</randomWalkRange>
			<patrolList>	</patrolList>
			<group>	0	</group>
			<patrolPathNode>	</patrolPathNode>
		</properties>
	</entity_63>
	<entity_64>
		<type>	SpawnPointShuijing	</type>
		<transform>
			<row0>	0.999962 -0.008673 0.000023	</row0>
			<row1>	0.008674 0.999950 -0.005013	</row1>
			<row2>	0.000020 0.005013 0.999986	</row2>
			<row3>	-31.909035 17.488274 0.214111	</row3>
		</transform>
		<clientOnly>	false	</clientOnly>
		<properties>
			<entityName>	</entityName>
			<rediviousTime>	60.000000	</rediviousTime>
			<rediviousTotal>	1	</rediviousTotal>
			<randomWalkRange>	3.000000	</randomWalkRange>
			<patrolList>	</patrolList>
			<group>	4	</group>
			<patrolPathNode>	</patrolPathNode>
		</properties>
	</entity_64>
	<entity_65>
		<type>	SpawnPointShuijing	</type>
		<transform>
			<row0>	0.999962 -0.008668 0.000023	</row0>
			<row1>	0.008670 0.999950 -0.005014	</row1>
			<row2>	0.000020 0.005013 0.999986	</row2>
			<row3>	-26.885574 17.451841 1.636802	</row3>
		</transform>
		<clientOnly>	false	</clientOnly>
		<properties>
			<entityName>	</entityName>
			<rediviousTime>	60.000000	</rediviousTime>
			<rediviousTotal>	1	</rediviousTotal>
			<randomWalkRange>	3.000000	</randomWalkRange>
			<patrolList>	</patrolList>
			<group>	4	</group>
			<patrolPathNode>	</patrolPathNode>
		</properties>
	</entity_65>
	<entity_66>
		<type>	SpawnPointShuijing	</type>
		<transform>
			<row0>	0.999962 -0.008667 0.000023	</row0>
			<row1>	0.008670 0.999949 -0.005010	</row1>
			<row2>	0.000020 0.005009 0.999986	</row2>
			<row3>	-24.142334 17.435400 3.103830	</row3>
		</transform>
		<clientOnly>	false	</clientOnly>
		<properties>
