<root>
	<entity_1868>
		<type>	SpawnPointScheme	</type>
		<transform>
			<row0>	-0.704163 -0.055133 0.707892	</row0>
			<row1>	-0.106380 0.993919 -0.028410	</row1>
			<row2>	-0.702021 -0.095311 -0.705747	</row2>
			<row3>	707.707520 -81.552094 273.930176	</row3>
		</transform>
		<clientOnly>	false	</clientOnly>
		<properties>
			<entityName>	10111572	</entityName>
			<rediviousTime>	86400.000000	</rediviousTime>
			<rediviousTotal>	1	</rediviousTotal>
			<randomWalkRange>	0.000000	</randomWalkRange>
			<patrolList>	</patrolList>
			<lineNumber>	0	</lineNumber>
			<activityKeyStart>	yearMonsterStart	</activityKeyStart>
			<activityKeyEnd>	yearMonsterEnd	</activityKeyEnd>
			<patrolPathNode>	</patrolPathNode>
		</properties>
	</entity_1868>
	<entity_110>
		<type>	SpawnPointScheme	</type>
		<transform>
			<row0>	-0.707106 0.000000 0.707106	</row0>
			<row1>	0.000000 1.000000 0.000000	</row1>
			<row2>	-0.707106 0.000000 -0.707106	</row2>
			<row3>	618.489075 -83.742172 304.255035	</row3>
		</transform>
		<clientOnly>	false	</clientOnly>
		<properties>
			<entityName>	20754015	</entityName>
			<rediviousTime>	3600.000000	</rediviousTime>
			<rediviousTotal>	1	</rediviousTotal>
			<randomWalkRange>	3.000000	</randomWalkRange>
			<patrolList>	</patrolList>
			<lineNumber>	1	</lineNumber>
			<activityKeyStart>	yearMonsterStart	</activityKeyStart>
			<activityKeyEnd>	yearMonsterEnd	</activityKeyEnd>
			<patrolPathNode>	</patrolPathNode>
		</properties>
	</entity_110>
	<entity_111>
		<type>	SpawnPointScheme	</type>
		<transform>
			<row0>	-0.258819 0.000000 -0.965924	</row0>
			<row1>	0.000000 1.000000 0.000000	</row1>
			<row2>	0.965924 0.000000 -0.258819	</row2>
			<row3>	629.985291 -84.697250 301.367523	</row3>
		</transform>
		<clientOnly>	false	</clientOnly>
		<properties>
			<entityName>	20711009	</entityName>
			<rediviousTime>	600.000000	</rediviousTime>
			<rediviousTotal>	1	</rediviousTotal>
			<randomWalkRange>	3.000000	</randomWalkRange>
			<patrolList>	</patrolList>
			<lineNumber>	1	</lineNumber>
			<activityKeyStart>	yearMonsterStart	</activityKeyStart>
			<activityKeyEnd>	yearMonsterEnd	</activityKeyEnd>
			<patrolPathNode>	</patrolPathNode>
		</properties>
	</entity_111>
	<entity_112>
		<type>	SpawnPointScheme	</type>
		<transform>
			<row0>	0.707105 0.000000 -0.707106	</row0>
			<row1>	0.000000 1.000000 0.000000	</row1>
			<row2>	0.707106 0.000000 0.707105	</row2>
			<row3>	639.357544 -84.443344 311.747162	</row3>
		</transform>
		<clientOnly>	false	</clientOnly>
		<properties>
			<entityName>	20711009	</entityName>
			<rediviousTime>	600.000000	</rediviousTime>
			<rediviousTotal>	1	</rediviousTotal>
			<randomWalkRange>	3.000000	</randomWalkRange>
			<patrolList>	</patrolList>
			<lineNumber>	1	</lineNumber>
			<activityKeyStart>	yearMonsterStart	</activityKeyStart>
			<activityKeyEnd>	yearMonsterEnd	</activityKeyEnd>
			<patrolPathNode>	</patrolPathNode>
		</properties>
	</entity_112>
	<entity_113>
		<type>	SpawnPointScheme	</type>
		<transform>
			<row0>	0.000000 0.000000 -0.999997	</row0>
			<row1>	0.000000 1.000000 0.000000	</row1>
			<row2>	0.999997 0.000000 0.000000	</row2>
			<row3>	619.112976 -82.357407 313.245819	</row3>
		</transform>
		<clientOnly>	false	</clientOnly>
		<properties>
			<entityName>	20711009	</entityName>
			<rediviousTime>	600.000000	</rediviousTime>
			<rediviousTotal>	1	</rediviousTotal>
			<randomWalkRange>	3.000000	</randomWalkRange>
			<patrolList>	</patrolList>
			<lineNumber>	1	</lineNumber>
			<activityKeyStart>	yearMonsterStart	</activityKeyStart>
			<activityKeyEnd>	yearMonsterEnd	</activityKeyEnd>
			<patrolPathNode>	</patrolPathNode>
		</properties>
	</entity_113>
	<entity_114>
		<type>	SpawnPointScheme	</type>
		<transform>
			<row0>	0.499998 0.000000 -0.866023	</row0>
			<row1>	0.000000 1.000000 0.000000	</row1>
			<row2>	0.866023 0.000000 0.499998	</row2>
			<row3>	609.542969 -83.869125 305.514404	</row3>
		</transform>
		<clientOnly>	false	</clientOnly>
		<properties>
			<entityName>	20711009	</entityName>
			<rediviousTime>	600.000000	</rediviousTime>
			<rediviousTotal>	1	</rediviousTotal>
			<randomWalkRange>	3.000000	</randomWalkRange>
			<patrolList>	</patrolList>
			<lineNumber>	1	</lineNumber>
			<activityKeyStart>	yearMonsterStart	</activityKeyStart>
			<activityKeyEnd>	yearMonsterEnd	</activityKeyEnd>
			<patrolPathNode>	</patrolPathNode>
		</properties>
	</entity_114>
	<entity_115>
		<type>	SpawnPointScheme	</type>
		<transform>
			<row0>	0.965922 0.000000 0.258817	</row0>
			<row1>	0.000000 1.000000 0.000000	</row1>
			<row2>	-0.258817 0.000000 0.965922	</row2>
			<row3>	630.886841 -84.273422 307.119873	</row3>
		</transform>
		<clientOnly>	false	</clientOnly>
		<properties>
			<entityName>	20711009	</entityName>
			<rediviousTime>	600.000000	</rediviousTime>
			<rediviousTotal>	1	</rediviousTotal>
			<randomWalkRange>	3.000000	</randomWalkRange>
			<patrolList>	</patrolList>
			<lineNumber>	1	</lineNumber>
			<activityKeyStart>	yearMonsterStart	</activityKeyStart>
			<activityKeyEnd>	yearMonsterEnd	</activityKeyEnd>
			<patrolPathNode>	</patrolPathNode>
		</properties>
	</entity_115>
	<entity_44>
		<type>	SpawnPointScheme	</type>
		<transform>
			<row0>	0.965924 0.000000 -0.258819	</row0>
			<row1>	0.000000 1.000000 0.000000	</row1>
			<row2>	0.258819 0.000000 0.965924	</row2>
			<row3>	631.325684 -84.601547 291.595734	</row3>
		</transform>
		<clientOnly>	false	</clientOnly>
		<properties>
			<entityName>	20711009	</entityName>
			<rediviousTime>	600.000000	</rediviousTime>
			<rediviousTotal>	1	</rediviousTotal>
			<randomWalkRange>	3.000000	</randomWalkRange>
			<patrolList>	</patrolList>
			<lineNumber>	1	</lineNumber>
			<activityKeyStart>	yearMonsterStart	</activityKeyStart>
			<activityKeyEnd>	yearMonsterEnd	</activityKeyEnd>
			<patrolPathNode>	</patrolPathNode>
		</properties>
	</entity_44>
	<entity_45>
		<type>	SpawnPointScheme	</type>
		<transform>
			<row0>	0.000000 0.000000 -0.999998	</row0>
			<row1>	0.000000 1.000000 0.000000	</row1>
			<row2>	0.999998 0.000000 0.000000	</row2>
			<row3>	612.933044 -84.490219 293.526489	</row3>
		</transform>
		<clientOnly>	false	</clientOnly>
		<properties>
			<entityName>	20711009	</entityName>
			<rediviousTime>	600.000000	</rediviousTime>
			<rediviousTotal>	1	</rediviousTotal>
			<randomWalkRange>	3.000000	</randomWalkRange>
			<patrolList>	</patrolList>
			<lineNumber>	1	</lineNumber>
			<activityKeyStart>	yearMonsterStart	</activityKeyStart>
			<activityKeyEnd>	yearMonsterEnd	</activityKeyEnd>
			<patrolPathNode>	</patrolPathNode>
		</properties>
	</entity_45>
	<entity_46>
		<type>	SpawnPointScheme	</type>
		<transform>
			<row0>	0.707105 0.000000 -0.707105	</row0>
			<row1>	0.000000 1.000000 0.000000	</row1>
			<row2>	0.707105 0.000000 0.707105	</row2>
			<row3>	634.614136 -84.814438 296.739685	</row3>
		</transform>
		<clientOnly>	false	</clientOnly>
		<properties>
			<entityName>	20711009	</entityName>
			<rediviousTime>	600.000000	</rediviousTime>
			<rediviousTotal>	1	</rediviousTotal>
			<randomWalkRange>	3.000000	</randomWalkRange>
			<patrolList>	</patrolList>
			<lineNumber>	1	</lineNumber>
			<activityKeyStart>	yearMonsterStart	</activityKeyStart>
			<activityKeyEnd>	yearMonsterEnd	</activityKeyEnd>
			<patrolPathNode>	</patrolPathNode>
		</properties>
	</entity_46>
	<entity_47>
		<type>	SpawnPointScheme	</type>
		<transform>
			<row0>	0.866022 0.000000 -0.499999	</row0>
			<row1>	0.000000 1.000000 0.000000	</row1>
			<row2>	0.499999 0.000000 0.866022	</row2>
			<row3>	620.702576 -84.445297 290.893982	</row3>
		</transform>
		<clientOnly>	false	</clientOnly>
		<properties>
			<entityName>	20711009	</entityName>
			<rediviousTime>	600.000000	</rediviousTime>
			<rediviousTotal>	1	</rediviousTotal>
			<randomWalkRange>	3.000000	</randomWalkRange>
			<patrolList>	</patrolList>
			<lineNumber>	1	</lineNumber>
			<activityKeyStart>	yearMonsterStart	</activityKeyStart>
			<activityKeyEnd>	yearMonsterEnd	</activityKeyEnd>
			<patrolPathNode>	</patrolPathNode>
		</properties>
	</entity_47>
	<entity_48>
		<type>	SpawnPointScheme	</type>
		<transform>
			<row0>	0.866021 0.000000 -0.499999	</row0>
			<row1>	0.000000 1.000000 0.000000	</row1>
			<row2>	0.499999 0.000000 0.866021	</row2>
			<row3>	640.108093 -84.716782 299.963989	</row3>
		</transform>
		<clientOnly>	false	</clientOnly>
		<properties>
			<entityName>	20711009	</entityName>
			<rediviousTime>	600.000000	</rediviousTime>
			<rediviousTotal>	1	</rediviousTotal>
			<randomWalkRange>	3.000000	</randomWalkRange>
			<patrolList>	</patrolList>
			<lineNumber>	1	</lineNumber>
			<activityKeyStart>	yearMonsterStart	</activityKeyStart>
			<activityKeyEnd>	yearMonsterEnd	</activityKeyEnd>
			<patrolPathNode>	</patrolPathNode>
		</properties>
	</entity_48>
	<entity_1>
		<type>	EnvironmentObject	</type>
		<transform>
			<row0>	0.873649 0.000000 0.486501	</row0>
			<row1>	-0.000002 -0.999981 0.000002	</row1>
			<row2>	0.486500 -0.000002 -0.873648	</row2>
			<row3>	649.061096 -80.822075 285.320007	</row3>
		</transform>
		<clientOnly>	false	</clientOnly>
		<properties>
			<modelNumber>	gw5545	</modelNumber>
			<modelScale>	0.999973	</modelScale>
			<festival_key>	new_year_env	</festival_key>
			<patrolPathNode>	</patrolPathNode>
		</properties>
	</entity_1>
	<entity_2>
		<type>	EnvironmentObject	</type>
		<transform>
			<row0>	-0.486500 0.000003 0.873647	</row0>
			<row1>	-0.000002 -0.999980 0.000002	</row1>
			<row2>	0.873646 0.000000 0.486499	</row2>
			<row3>	651.109192 -80.816750 288.791931	</row3>
		</transform>
		<clientOnly>	false	</clientOnly>
		<properties>
			<modelNumber>	gw5545	</modelNumber>
			<modelScale>	0.999971	</modelScale>
			<festival_key>	new_year_env	</festival_key>
			<patrolPathNode>	</patrolPathNode>
		</properties>
	</entity_2>
	<entity_3>
		<type>	EnvironmentObject	</type>
		<transform>
			<row0>	0.486500 -0.000002 -0.873646	</row0>
			<row1>	-0.000002 -0.999978 0.000002	</row1>
			<row2>	-0.873645 0.000002 -0.486499	</row2>
			<row3>	645.266174 -80.876617 285.532959	</row3>
		</transform>
		<clientOnly>	false	</clientOnly>
		<properties>
			<modelNumber>	gw5545	</modelNumber>
			<modelScale>	0.999970	</modelScale>
			<festival_key>	new_year_env	</festival_key>
			<patrolPathNode>	</patrolPathNode>
		</properties>
	</entity_3>
	<entity_4>
		<type>	EnvironmentObject	</type>
		<transform>
			<row0>	0.972739 -0.003915 -0.231738	</row0>
			<row1>	-0.024560 -0.995947 -0.086262	</row1>
			<row2>	-0.230466 0.089605 -0.968913	</row2>
			<row3>	656.367981 -78.250404 288.949768	</row3>
		</transform>
		<clientOnly>	false	</clientOnly>
		<properties>
			<modelNumber>	gw5544	</modelNumber>
			<modelScale>	0.999969	</modelScale>
			<festival_key>	new_year_env	</festival_key>
			<patrolPathNode>	</patrolPathNode>
		</properties>
	</entity_4>
	<entity_5>
		<type>	EnvironmentObject	</type>
		<transform>
			<row0>	-0.229152 0.034508 0.972745	</row0>
			<row1>	0.078910 -0.995399 0.053900	</row1>
			<row2>	0.970152 0.089113 0.225379	</row2>
			<row3>	658.206177 -78.360229 290.695007	</row3>
		</transform>
		<clientOnly>	false	</clientOnly>
		<properties>
			<modelNumber>	gw5544	</modelNumber>
			<modelScale>	0.999967	</modelScale>
			<festival_key>	new_year_env	</festival_key>
			<patrolPathNode>	</patrolPathNode>
		</properties>
	</entity_5>
	<entity_6>
		<type>	EnvironmentObject	</type>
		<transform>
			<row0>	-0.707137 0.000172 0.707045	</row0>
			<row1>	0.000333 0.999983 0.000089	</row1>
			<row2>	-0.707044 0.000299 -0.707136	</row2>
			<row3>	688.002563 -83.800385 267.965271	</row3>
		</transform>
		<clientOnly>	false	</clientOnly>
		<properties>
			<modelNumber>	gw5527	</modelNumber>
			<modelScale>	0.999978	</modelScale>
			<festival_key>	new_year_env	</festival_key>
			<patrolPathNode>	</patrolPathNode>
		</properties>
	</entity_6>
	<entity_7>
		<type>	EnvironmentObject	</type>
		<transform>
			<row0>	0.965888 -0.000345 0.258876	</row0>
			<row1>	0.000333 0.999983 0.000089	</row1>
			<row2>	-0.258876 0.000001 0.965888	</row2>
			<row3>	667.894775 -83.908806 291.951050	</row3>
		</transform>
		<clientOnly>	false	</clientOnly>
		<properties>
			<modelNumber>	gw5527	</modelNumber>
			<modelScale>	0.999978	</modelScale>
			<festival_key>	new_year_env	</festival_key>
			<patrolPathNode>	</patrolPathNode>
		</properties>
	</entity_7>
	<entity_8>
		<type>	EnvironmentObject	</type>
		<transform>
			<row0>	0.435797 0.000021 -0.504486	</row0>
			<row1>	0.000181 0.666657 0.000184	</row1>
			<row2>	0.504485 -0.000259 0.435798	</row2>
			<row3>	681.692383 -82.970306 267.875977	</row3>
		</transform>
		<clientOnly>	false	</clientOnly>
		<properties>
			<modelNumber>	gw5540	</modelNumber>
			<modelScale>	0.666652	</modelScale>
			<festival_key>	new_year_env	</festival_key>
			<patrolPathNode>	</patrolPathNode>
		</properties>
	</entity_8>
	<entity_10>
		<type>	EnvironmentObject	</type>
		<transform>
			<row0>	-0.866038 0.000244 0.499932	</row0>
			<row1>	0.000333 0.999982 0.000089	</row1>
			<row2>	-0.499932 0.000244 -0.866036	</row2>
			<row3>	699.881165 -83.496834 251.841522	</row3>
		</transform>
		<clientOnly>	false	</clientOnly>
		<properties>
			<modelNumber>	gw5527	</modelNumber>
			<modelScale>	0.999977	</modelScale>
			<festival_key>	new_year_env	</festival_key>
			<patrolPathNode>	</patrolPathNode>
		</properties>
	</entity_10>
	<entity_11>
		<type>	EnvironmentObject	</type>
		<transform>
			<row0>	0.706912 0.002968 0.707232	</row0>
			<row1>	-0.001534 -0.999948 0.005730	</row1>
			<row2>	0.707235 -0.005136 -0.706893	</row2>
			<row3>	688.378845 -80.746582 251.578201	</row3>
		</transform>
		<clientOnly>	false	</clientOnly>
		<properties>
			<modelNumber>	gw5545	</modelNumber>
			<modelScale>	0.999955	</modelScale>
			<festival_key>	new_year_env	</festival_key>
			<patrolPathNode>	</patrolPathNode>
		</properties>
	</entity_11>
	<entity_12>
		<type>	EnvironmentObject	</type>
		<transform>
			<row0>	0.552867 0.004929 -0.372477	</row0>
			<row1>	-0.004819 0.666637 0.001670	</row1>
			<row2>	0.372479 0.001307 0.552885	</row2>
			<row3>	699.867493 -82.216217 246.367477	</row3>
		</transform>
		<clientOnly>	false	</clientOnly>
		<properties>
			<modelNumber>	gw5541	</modelNumber>
			<modelScale>	0.666652	</modelScale>
			<festival_key>	new_year_env	</festival_key>
			<patrolPathNode>	</patrolPathNode>
		</properties>
	</entity_12>
	<entity_13>
		<type>	EnvironmentObject	</type>
		<transform>
			<row0>	-0.489599 -0.000231 0.491858	</row0>
			<row1>	-0.000207 0.693998 0.000120	</row1>
			<row2>	-0.491859 -0.000063 -0.489599	</row2>
			<row3>	697.688904 -79.787773 259.541809	</row3>
		</transform>
		<clientOnly>	false	</clientOnly>
		<properties>
			<modelNumber>	gw5526	</modelNumber>
			<modelScale>	0.694000	</modelScale>
			<festival_key>	new_year_env	</festival_key>
			<patrolPathNode>	</patrolPathNode>
		</properties>
	</entity_13>
	<entity_14>
		<type>	EnvironmentObject	</type>
		<transform>
			<row0>	-0.489599 0.000000 0.491859	</row0>
			<row1>	0.000000 0.693999 0.000000	</row1>
			<row2>	-0.491860 0.000000 -0.489599	</row2>
			<row3>	697.675049 -78.368729 259.536316	</row3>
		</transform>
		<clientOnly>	false	</clientOnly>
		<properties>
			<modelNumber>	gw5526	</modelNumber>
			<modelScale>	0.694000	</modelScale>
			<festival_key>	new_year_env	</festival_key>
			<patrolPathNode>	</patrolPathNode>
		</properties>
	</entity_14>
	<entity_15>
		<type>	EnvironmentObject	</type>
		<transform>
			<row0>	-0.707137 0.000172 0.707045	</row0>
			<row1>	0.000333 0.999982 0.000089	</row1>
			<row2>	-0.707044 0.000299 -0.707136	</row2>
			<row3>	697.878357 -83.482841 259.761597	</row3>
		</transform>
		<clientOnly>	false	</clientOnly>
		<properties>
			<modelNumber>	gw5527	</modelNumber>
			<modelScale>	0.999978	</modelScale>
			<festival_key>	new_year_env	</festival_key>
			<patrolPathNode>	</patrolPathNode>
		</properties>
	</entity_15>
	<entity_16>
		<type>	EnvironmentObject	</type>
		<transform>
			<row0>	0.607440 0.006549 -0.347777	</row0>
			<row1>	-0.007489 0.699947 0.000102	</row1>
			<row2>	0.347759 0.003632 0.607474	</row2>
			<row3>	686.388000 -82.661392 257.587158	</row3>
		</transform>
		<clientOnly>	false	</clientOnly>
		<properties>
			<modelNumber>	gw5534	</modelNumber>
			<modelScale>	0.699982	</modelScale>
			<festival_key>	new_year_env	</festival_key>
			<patrolPathNode>	</patrolPathNode>
		</properties>
	</entity_16>
	<entity_17>
		<type>	EnvironmentObject	</type>
		<transform>
			<row0>	0.434208 -0.000001 -0.434152	</row0>
			<row1>	0.000165 0.614026 0.000164	</row1>
			<row2>	0.434151 -0.000233 0.434208	</row2>
			<row3>	687.338440 -82.516281 257.152039	</row3>
		</transform>
		<clientOnly>	false	</clientOnly>
		<properties>
			<modelNumber>	gw5539	</modelNumber>
			<modelScale>	0.614023	</modelScale>
			<festival_key>	new_year_env	</festival_key>
			<patrolPathNode>	</patrolPathNode>
		</properties>
	</entity_17>
	<entity_18>
		<type>	EnvironmentObject	</type>
		<transform>
			<row0>	0.422211 -0.000001 -0.558312	</row0>
			<row1>	0.000001 0.699987 0.000001	</row1>
			<row2>	0.558314 -0.000001 0.422211	</row2>
			<row3>	685.381958 -82.656067 258.588501	</row3>
		</transform>
		<clientOnly>	false	</clientOnly>
		<properties>
			<modelNumber>	gw5535	</modelNumber>
			<modelScale>	0.699982	</modelScale>
			<festival_key>	new_year_env	</festival_key>
			<patrolPathNode>	</patrolPathNode>
		</properties>
	</entity_18>
	<entity_19>
		<type>	EnvironmentObject	</type>
		<transform>
			<row0>	0.434208 0.000000 -0.434152	</row0>
			<row1>	0.000000 0.614026 0.000000	</row1>
			<row2>	0.434152 0.000000 0.434208	</row2>
			<row3>	684.871948 -82.520935 259.623535	</row3>
		</transform>
		<clientOnly>	false	</clientOnly>
		<properties>
			<modelNumber>	gw5538	</modelNumber>
			<modelScale>	0.614023	</modelScale>
			<festival_key>	new_year_env	</festival_key>
			<patrolPathNode>	</patrolPathNode>
		</properties>
	</entity_19>
	<entity_20>
		<type>	EnvironmentObject	</type>
		<transform>
			<row0>	-0.697860 0.005174 0.716155	</row0>
			<row1>	-0.001534 -0.999949 0.005730	</row1>
			<row2>	0.716170 0.002900 0.697854	</row2>
			<row3>	688.499451 -80.578880 256.010986	</row3>
		</transform>
		<clientOnly>	false	</clientOnly>
		<properties>
			<modelNumber>	gw5545	</modelNumber>
			<modelScale>	0.999957	</modelScale>
			<festival_key>	new_year_env	</festival_key>
			<patrolPathNode>	</patrolPathNode>
		</properties>
	</entity_20>
	<entity_21>
		<type>	EnvironmentObject	</type>
		<transform>
			<row0>	0.494937 0.005117 -0.494967	</row0>
			<row1>	-0.010046 0.699912 -0.002809	</row1>
			<row2>	0.494891 0.009090 0.494955	</row2>
			<row3>	686.144653 -80.026237 258.341553	</row3>
		</transform>
		<clientOnly>	false	</clientOnly>
		<properties>
			<modelNumber>	gw5543	</modelNumber>
			<modelScale>	0.699987	</modelScale>
			<festival_key>	new_year_env	</festival_key>
			<patrolPathNode>	</patrolPathNode>
		</properties>
	</entity_21>
	<entity_22>
		<type>	EnvironmentObject	</type>
		<transform>
			<row0>	-0.698913 0.000000 0.715146	</row0>
			<row1>	0.000001 -0.999966 0.000000	</row1>
			<row2>	0.715144 0.000001 0.698911	</row2>
			<row3>	683.394470 -76.035866 259.100159	</row3>
		</transform>
		<clientOnly>	false	</clientOnly>
		<properties>
			<modelNumber>	gw5545	</modelNumber>
			<modelScale>	0.999957	</modelScale>
			<festival_key>	new_year_env	</festival_key>
			<patrolPathNode>	</patrolPathNode>
		</properties>
	</entity_22>
	<entity_23>
		<type>	EnvironmentObject	</type>
		<transform>
			<row0>	-0.641943 0.001886 0.766697	</row0>
			<row1>	-0.034467 -0.999025 -0.026401	</row1>
			<row2>	0.765922 -0.043375 0.641401	</row2>
			<row3>	687.000610 -75.899788 255.511307	</row3>
		</transform>
		<clientOnly>	false	</clientOnly>
		<properties>
			<modelNumber>	gw5545	</modelNumber>
			<modelScale>	0.999959	</modelScale>
			<festival_key>	new_year_env	</festival_key>
			<patrolPathNode>	</patrolPathNode>
		</properties>
	</entity_23>
	<entity_24>
		<type>	EnvironmentObject	</type>
		<transform>
			<row0>	0.494973 0.000000 -0.494957	</row0>
			<row1>	0.000000 0.699990 0.000000	</row1>
			<row2>	0.494956 0.000000 0.494973	</row2>
			<row3>	685.248779 -75.561050 257.215332	</row3>
		</transform>
		<clientOnly>	false	</clientOnly>
		<properties>
			<modelNumber>	gw5543	</modelNumber>
			<modelScale>	0.699986	</modelScale>
			<festival_key>	new_year_env	</festival_key>
			<patrolPathNode>	</patrolPathNode>
		</properties>
	</entity_24>
	<entity_25>
		<type>	EnvironmentObject	</type>
		<transform>
			<row0>	0.437624 0.004929 -0.502879	</row0>
			<row1>	-0.004223 0.666638 0.002861	</row1>
			<row2>	0.502885 0.001307 0.437642	</row2>
			<row3>	679.746094 -82.972801 270.127197	</row3>
		</transform>
		<clientOnly>	false	</clientOnly>
		<properties>
			<modelNumber>	gw5541	</modelNumber>
			<modelScale>	0.666653	</modelScale>
			<festival_key>	new_year_env	</festival_key>
			<patrolPathNode>	</patrolPathNode>
		</properties>
	</entity_25>
	<entity_26>
		<type>	EnvironmentObject	</type>
		<transform>
			<row0>	-0.660014 -0.000312 0.751203	</row0>
			<row1>	0.000489 -0.999971 0.000014	</row1>
			<row2>	0.751202 0.000377 0.660012	</row2>
			<row3>	682.653870 -80.876488 266.798157	</row3>
		</transform>
		<clientOnly>	false	</clientOnly>
		<properties>
			<modelNumber>	gw5545	</modelNumber>
			<modelScale>	0.999962	</modelScale>
			<festival_key>	new_year_env	</festival_key>
			<patrolPathNode>	</patrolPathNode>
		</properties>
	</entity_26>
	<entity_27>
		<type>	EnvironmentObject	</type>
		<transform>
			<row0>	0.565972 0.000000 -0.411888	</row0>
			<row1>	0.000000 0.699988 0.000000	</row1>
			<row2>	0.411887 0.000000 0.565971	</row2>
			<row3>	680.949890 -82.395134 268.293213	</row3>
		</transform>
		<clientOnly>	false	</clientOnly>
		<properties>
			<modelNumber>	gw5536	</modelNumber>
			<modelScale>	0.699983	</modelScale>
			<festival_key>	new_year_env	</festival_key>
			<patrolPathNode>	</patrolPathNode>
		</properties>
	</entity_27>
	<entity_28>
		<type>	EnvironmentObject	</type>
		<transform>
			<row0>	0.440820 -0.000001 -0.543739	</row0>
			<row1>	0.000001 0.699987 0.000001	</row1>
			<row2>	0.543741 -0.000001 0.440819	</row2>
			<row3>	680.180542 -82.394791 269.326904	</row3>
		</transform>
		<clientOnly>	false	</clientOnly>
		<properties>
			<modelNumber>	gw5537	</modelNumber>
			<modelScale>	0.699982	</modelScale>
			<festival_key>	new_year_env	</festival_key>
			<patrolPathNode>	</patrolPathNode>
		</properties>
	</entity_28>
	<entity_29>
		<type>	EnvironmentObject	</type>
		<transform>
			<row0>	0.458242 0.004455 -0.529128	</row0>
			<row1>	-0.010041 0.699912 -0.002802	</row1>
			<row2>	0.529051 0.009425 0.458254	</row2>
			<row3>	680.764648 -80.594994 268.944397	</row3>
		</transform>
		<clientOnly>	false	</clientOnly>
		<properties>
			<modelNumber>	gw5543	</modelNumber>
			<modelScale>	0.699987	</modelScale>
			<festival_key>	new_year_env	</festival_key>
			<patrolPathNode>	</patrolPathNode>
		</properties>
	</entity_29>
	<entity_30>
		<type>	EnvironmentObject	</type>
		<transform>
			<row0>	-0.660014 -0.000312 0.751203	</row0>
			<row1>	0.000489 -0.999971 0.000014	</row1>
			<row2>	0.751202 0.000377 0.660012	</row2>
			<row3>	678.276917 -80.919083 271.802063	</row3>
		</transform>
		<clientOnly>	false	</clientOnly>
		<properties>
			<modelNumber>	gw5545	</modelNumber>
			<modelScale>	0.999962	</modelScale>
			<festival_key>	new_year_env	</festival_key>
			<patrolPathNode>	</patrolPathNode>
		</properties>
	</entity_30>
	<entity_31>
		<type>	EnvironmentObject	</type>
		<transform>
			<row0>	-0.475253 -0.000229 0.879810	</row0>
			<row1>	0.000489 -0.999974 0.000004	</row1>
			<row2>	0.879809 0.000432 0.475252	</row2>
			<row3>	671.063110 -81.016739 272.917542	</row3>
		</transform>
		<clientOnly>	false	</clientOnly>
		<properties>
			<modelNumber>	gw5544	</modelNumber>
			<modelScale>	0.999965	</modelScale>
			<festival_key>	new_year_env	</festival_key>
			<patrolPathNode>	</patrolPathNode>
		</properties>
	</entity_31>
	<entity_32>
		<type>	EnvironmentObject	</type>
		<transform>
			<row0>	-0.345614 -0.000231 0.601815	</row0>
			<row1>	-0.000169 0.693998 0.000169	</row1>
			<row2>	-0.601816 -0.000063 -0.345614	</row2>
			<row3>	676.059814 -80.280029 279.678284	</row3>
		</transform>
		<clientOnly>	false	</clientOnly>
		<properties>
			<modelNumber>	gw5526	</modelNumber>
			<modelScale>	0.694000	</modelScale>
			<festival_key>	new_year_env	</festival_key>
			<patrolPathNode>	</patrolPathNode>
		</properties>
	</entity_32>
	<entity_33>
		<type>	EnvironmentObject	</type>
		<transform>
			<row0>	-0.345614 0.000000 0.601816	</row0>
			<row1>	0.000000 0.693999 0.000000	</row1>
			<row2>	-0.601817 0.000000 -0.345614	</row2>
			<row3>	676.045044 -78.860985 279.676575	</row3>
		</transform>
		<clientOnly>	false	</clientOnly>
		<properties>
			<modelNumber>	gw5526	</modelNumber>
			<modelScale>	0.694000	</modelScale>
			<festival_key>	new_year_env	</festival_key>
			<patrolPathNode>	</patrolPathNode>
		</properties>
	</entity_33>
	<entity_34>
		<type>	EnvironmentObject	</type>
		<transform>
			<row0>	-0.865974 0.000333 -0.500045	</row0>
			<row1>	0.000333 0.999983 0.000089	</row1>
			<row2>	0.500045 -0.000089 -0.865974	</row2>
			<row3>	675.911987 -83.909966 279.931091	</row3>
		</transform>
		<clientOnly>	false	</clientOnly>
		<properties>
			<modelNumber>	gw5527	</modelNumber>
			<modelScale>	0.999978	</modelScale>
			<festival_key>	new_year_env	</festival_key>
			<patrolPathNode>	</patrolPathNode>
		</properties>
	</entity_34>
	<entity_35>
		<type>	EnvironmentObject	</type>
		<transform>
			<row0>	-0.879809 -0.000432 -0.475253	</row0>
			<row1>	0.000489 -0.999973 0.000004	</row1>
			<row2>	-0.475251 -0.000229 0.879808	</row2>
			<row3>	666.717834 -80.909554 275.544678	</row3>
		</transform>
		<clientOnly>	false	</clientOnly>
		<properties>
			<modelNumber>	gw5544	</modelNumber>
			<modelScale>	0.999965	</modelScale>
			<festival_key>	new_year_env	</festival_key>
			<patrolPathNode>	</patrolPathNode>
		</properties>
	</entity_35>
	<entity_36>
		<type>	EnvironmentObject	</type>
		<transform>
			<row0>	0.577305 0.005007 0.333349	</row0>
			<row1>	-0.003853 0.666639 -0.003341	</row1>
			<row2>	-0.333364 0.000967 0.577317	</row2>
			<row3>	662.931641 -82.869240 273.546326	</row3>
		</transform>
		<clientOnly>	false	</clientOnly>
		<properties>
			<modelNumber>	gw5541	</modelNumber>
			<modelScale>	0.666654	</modelScale>
			<festival_key>	new_year_env	</festival_key>
			<patrolPathNode>	</patrolPathNode>
		</properties>
	</entity_36>
	<entity_37>
		<type>	EnvironmentObject	</type>
		<transform>
			<row0>	-0.879809 -0.000432 -0.475253	</row0>
			<row1>	0.000489 -0.999973 0.000004	</row1>
			<row2>	-0.475251 -0.000229 0.879808	</row2>
			<row3>	661.705017 -81.127243 272.898315	</row3>
		</transform>
		<clientOnly>	false	</clientOnly>
		<properties>
			<modelNumber>	gw5544	</modelNumber>
			<modelScale>	0.999965	</modelScale>
			<festival_key>	new_year_env	</festival_key>
			<patrolPathNode>	</patrolPathNode>
		</properties>
	</entity_37>
	<entity_38>
		<type>	EnvironmentObject	</type>
		<transform>
			<row0>	0.544338 0.000000 0.440084	</row0>
			<row1>	0.000000 0.699989 0.000000	</row1>
			<row2>	-0.440083 0.000000 0.544337	</row2>
			<row3>	664.958496 -82.347221 274.272034	</row3>
		</transform>
		<clientOnly>	false	</clientOnly>
		<properties>
			<modelNumber>	gw5536	</modelNumber>
			<modelScale>	0.699984	</modelScale>
			<festival_key>	new_year_env	</festival_key>
			<patrolPathNode>	</patrolPathNode>
		</properties>
	</entity_38>
	<entity_39>
		<type>	EnvironmentObject	</type>
		<transform>
			<row0>	0.639306 -0.000001 0.285070	</row0>
			<row1>	0.000000 0.699988 0.000001	</row1>
			<row2>	-0.285069 -0.000001 0.639307	</row2>
			<row3>	663.799866 -82.346878 273.755798	</row3>
		</transform>
		<clientOnly>	false	</clientOnly>
		<properties>
			<modelNumber>	gw5537	</modelNumber>
			<modelScale>	0.699984	</modelScale>
			<festival_key>	new_year_env	</festival_key>
			<patrolPathNode>	</patrolPathNode>
		</properties>
	</entity_39>
	<entity_40>
		<type>	EnvironmentObject	</type>
		<transform>
			<row0>	0.577318 -0.000001 0.333363	</row0>
			<row1>	-0.000126 0.666657 0.000219	</row1>
			<row2>	-0.333364 -0.000253 0.577317	</row2>
			<row3>	665.528442 -82.872330 274.919434	</row3>
		</transform>
		<clientOnly>	false	</clientOnly>
		<properties>
			<modelNumber>	gw5540	</modelNumber>
			<modelScale>	0.666654	</modelScale>
			<festival_key>	new_year_env	</festival_key>
			<patrolPathNode>	</patrolPathNode>
		</properties>
	</entity_40>
	<entity_41>
		<type>	EnvironmentObject	</type>
		<transform>
			<row0>	0.606201 0.005117 0.349966	</row0>
			<row1>	0.000113 0.699913 -0.010431	</row1>
			<row2>	-0.350003 0.009090 0.606133	</row2>
			<row3>	664.201111 -80.603790 274.237976	</row3>
		</transform>
		<clientOnly>	false	</clientOnly>
		<properties>
			<modelNumber>	gw5543	</modelNumber>
			<modelScale>	0.699987	</modelScale>
			<festival_key>	new_year_env	</festival_key>
			<patrolPathNode>	</patrolPathNode>
		</properties>
	</entity_41>
	<entity_42>
		<type>	EnvironmentObject	</type>
		<transform>
			<row0>	0.475252 0.000229 -0.879808	</row0>
			<row1>	0.000489 -0.999972 0.000004	</row1>
			<row2>	-0.879807 -0.000432 -0.475250	</row2>
			<row3>	661.522949 -80.882118 267.976135	</row3>
		</transform>
		<clientOnly>	false	</clientOnly>
		<properties>
			<modelNumber>	gw5544	</modelNumber>
			<modelScale>	0.999963	</modelScale>
			<festival_key>	new_year_env	</festival_key>
			<patrolPathNode>	</patrolPathNode>
		</properties>
	</entity_42>
	<entity_43>
		<type>	EnvironmentObject	</type>
		<transform>
			<row0>	-0.555010 0.005946 -0.831789	</row0>
			<row1>	0.000172 -0.999954 -0.007261	</row1>
			<row2>	-0.831809 -0.004173 0.554994	</row2>
			<row3>	694.308594 -80.316658 245.004486	</row3>
		</transform>
		<clientOnly>	false	</clientOnly>
		<properties>
			<modelNumber>	gw5544	</modelNumber>
			<modelScale>	0.999972	</modelScale>
			<festival_key>	new_year_env	</festival_key>
			<patrolPathNode>	</patrolPathNode>
		</properties>
	</entity_43>
	<entity_49>
		<type>	EnvironmentObject	</type>
		<transform>
			<row0>	-0.005717 0.000000 0.999955	</row0>
			<row1>	0.000000 0.999979 0.000000	</row1>
			<row2>	-0.999951 0.000000 -0.005717	</row2>
			<row3>	655.856750 -75.265800 320.018890	</row3>
		</transform>
		<clientOnly>	false	</clientOnly>
		<properties>
			<modelNumber>	gw5214	</modelNumber>
			<modelScale>	0.999971	</modelScale>
			<festival_key>	new_year_env	</festival_key>
			<patrolPathNode>	</patrolPathNode>
		</properties>
	</entity_49>
	<entity_50>
		<type>	EnvironmentObject	</type>
		<transform>
			<row0>	0.001597 -0.000231 0.693994	</row0>
			<row1>	-0.000062 0.693998 0.000231	</row1>
			<row2>	-0.693995 -0.000063 0.001598	</row2>
			<row3>	645.535767 -80.934669 316.616272	</row3>
		</transform>
		<clientOnly>	false	</clientOnly>
		<properties>
			<modelNumber>	gw5526	</modelNumber>
			<modelScale>	0.694000	</modelScale>
			<festival_key>	new_year_env	</festival_key>
			<patrolPathNode>	</patrolPathNode>
		</properties>
	</entity_50>
	<entity_63>
		<type>	EnvironmentObject	</type>
		<transform>
			<row0>	-0.999977 0.000344 -0.000065	</row0>
			<row1>	0.000345 0.999982 0.000001	</row1>
			<row2>	0.000065 0.000001 -0.999977	</row2>
			<row3>	645.749329 -84.743202 307.084869	</row3>
		</transform>
		<clientOnly>	false	</clientOnly>
		<properties>
			<modelNumber>	gw5527	</modelNumber>
			<modelScale>	0.999977	</modelScale>
			<festival_key>	new_year_env	</festival_key>
			<patrolPathNode>	</patrolPathNode>
		</properties>
	</entity_63>
	<entity_64>
		<type>	EnvironmentObject	</type>
		<transform>
			<row0>	0.001597 -0.000231 0.693993	</row0>
			<row1>	-0.000062 0.693997 0.000231	</row1>
			<row2>	-0.693994 -0.000063 0.001598	</row2>
			<row3>	645.768250 -81.116264 306.763916	</row3>
		</transform>
		<clientOnly>	false	</clientOnly>
		<properties>
			<modelNumber>	gw5526	</modelNumber>
			<modelScale>	0.694000	</modelScale>
			<festival_key>	new_year_env	</festival_key>
			<patrolPathNode>	</patrolPathNode>
		</properties>
	</entity_64>
	<entity_65>
		<type>	EnvironmentObject	</type>
		<transform>
			<row0>	0.999977 -0.000345 0.000066	</row0>
			<row1>	0.000345 0.999982 0.000001	</row1>
			<row2>	-0.000066 -0.000001 0.999977	</row2>
			<row3>	664.007080 -83.822960 317.209686	</row3>
		</transform>
		<clientOnly>	false	</clientOnly>
		<properties>
			<modelNumber>	gw5527	</modelNumber>
			<modelScale>	0.999977	</modelScale>
			<festival_key>	new_year_env	</festival_key>
			<patrolPathNode>	</patrolPathNode>
		</properties>
	</entity_65>
	<entity_66>
		<type>	EnvironmentObject	</type>
		<transform>
			<row0>	0.258876 0.000000 -0.965889	</row0>
			<row1>	0.000333 0.999984 0.000089	</row1>
			<row2>	0.965889 -0.000345 0.258876	</row2>
			<row3>	696.027222 -83.572853 351.742676	</row3>
		</transform>
		<clientOnly>	false	</clientOnly>
		<properties>
			<modelNumber>	gw5527	</modelNumber>
			<modelScale>	0.999979	</modelScale>
			<festival_key>	new_year_env	</festival_key>
			<patrolPathNode>	</patrolPathNode>
		</properties>
	</entity_66>
	<entity_67>
		<type>	EnvironmentObject	</type>
		<transform>
			<row0>	0.001598 0.000000 0.693994	</row0>
			<row1>	0.000000 0.693998 0.000000	</row1>
			<row2>	-0.693995 0.000000 0.001599	</row2>
			<row3>	645.754639 -79.697220 306.769775	</row3>
		</transform>
		<clientOnly>	false	</clientOnly>
		<properties>
			<modelNumber>	gw5526	</modelNumber>
			<modelScale>	0.694000	</modelScale>
			<festival_key>	new_year_env	</festival_key>
			<patrolPathNode>	</patrolPathNode>
		</properties>
	</entity_67>
	<entity_68>
		<type>	EnvironmentObject	</type>
		<transform>
			<row0>	-0.999977 0.000344 -0.000065	</row0>
			<row1>	0.000345 0.999982 0.000001	</row1>
			<row2>	0.000065 0.000000 -0.999977	</row2>
			<row3>	664.492981 -83.864952 307.968170	</row3>
		</transform>
		<clientOnly>	false	</clientOnly>
		<properties>
			<modelNumber>	gw5527	</modelNumber>
			<modelScale>	0.999977	</modelScale>
			<festival_key>	new_year_env	</festival_key>
			<patrolPathNode>	</patrolPathNode>
		</properties>
	</entity_68>
	<entity_69>
		<type>	EnvironmentObject	</type>
		<transform>
			<row0>	-0.008339 -0.000897 1.499975	</row0>
			<row1>	-0.000005 1.500009 0.000897	</row1>
			<row2>	-1.499970 0.000000 -0.008339	</row2>
			<row3>	658.432556 -79.536041 314.562042	</row3>
		</transform>
		<clientOnly>	false	</clientOnly>
		<properties>
			<modelNumber>	gw5214	</modelNumber>
			<modelScale>	1.500000	</modelScale>
			<festival_key>	new_year_env	</festival_key>
			<patrolPathNode>	</patrolPathNode>
		</properties>
	</entity_69>
	<entity_70>
		<type>	EnvironmentObject	</type>
		<transform>
			<row0>	-0.008339 -0.000897 1.499976	</row0>
			<row1>	-0.000005 1.500010 0.000897	</row1>
			<row2>	-1.499971 0.000000 -0.008339	</row2>
			<row3>	658.648682 -79.504257 310.701385	</row3>
		</transform>
		<clientOnly>	false	</clientOnly>
		<properties>
			<modelNumber>	gw5214	</modelNumber>
			<modelScale>	1.500000	</modelScale>
			<festival_key>	new_year_env	</festival_key>
			<patrolPathNode>	</patrolPathNode>
		</properties>
	</entity_70>
	<entity_71>
		<type>	EnvironmentObject	</type>
		<transform>
			<row0>	-0.005717 0.000000 0.999956	</row0>
			<row1>	0.000000 0.999980 0.000000	</row1>
			<row2>	-0.999953 0.000000 -0.005717	</row2>
			<row3>	661.065430 -75.460144 320.163910	</row3>
		</transform>
		<clientOnly>	false	</clientOnly>
		<properties>
			<modelNumber>	gw5214	</modelNumber>
			<modelScale>	0.999972	</modelScale>
			<festival_key>	new_year_env	</festival_key>
			<patrolPathNode>	</patrolPathNode>
		</properties>
	</entity_71>
	<entity_72>
		<type>	EnvironmentObject	</type>
		<transform>
			<row0>	-0.005717 0.000000 0.999956	</row0>
			<row1>	0.000000 0.999980 0.000000	</row1>
			<row2>	-0.999952 0.000000 -0.005717	</row2>
			<row3>	660.932007 -75.305084 305.301697	</row3>
		</transform>
		<clientOnly>	false	</clientOnly>
		<properties>
			<modelNumber>	gw5214	</modelNumber>
			<modelScale>	0.999972	</modelScale>
			<festival_key>	new_year_env	</festival_key>
			<patrolPathNode>	</patrolPathNode>
		</properties>
	</entity_72>
	<entity_73>
		<type>	EnvironmentObject	</type>
		<transform>
			<row0>	-0.005717 0.000332 0.999955	</row0>
			<row1>	0.000002 0.999979 -0.000332	</row1>
			<row2>	-0.999951 0.000000 -0.005717	</row2>
			<row3>	655.723389 -75.436989 305.156708	</row3>
		</transform>
		<clientOnly>	false	</clientOnly>
		<properties>
			<modelNumber>	gw5214	</modelNumber>
			<modelScale>	0.999971	</modelScale>
			<festival_key>	new_year_env	</festival_key>
			<patrolPathNode>	</patrolPathNode>
		</properties>
	</entity_73>
	<entity_74>
		<type>	EnvironmentObject	</type>
		<transform>
			<row0>	0.001598 0.000000 0.693995	</row0>
			<row1>	0.000000 0.693999 0.000000	</row1>
			<row2>	-0.693996 0.000000 0.001599	</row2>
			<row3>	645.522156 -79.515625 316.622131	</row3>
		</transform>
		<clientOnly>	false	</clientOnly>
		<properties>
			<modelNumber>	gw5526	</modelNumber>
			<modelScale>	0.694000	</modelScale>
			<festival_key>	new_year_env	</festival_key>
			<patrolPathNode>	</patrolPathNode>
		</properties>
	</entity_74>
	<entity_75>
		<type>	EnvironmentObject	</type>
		<transform>
			<row0>	-0.000065 -0.000089 0.999978	</row0>
			<row1>	0.000333 0.999983 0.000089	</row1>
			<row2>	-0.999978 0.000333 -0.000065	</row2>
			<row3>	664.049316 -83.627640 344.005066	</row3>
		</transform>
		<clientOnly>	false	</clientOnly>
		<properties>
			<modelNumber>	gw5527	</modelNumber>
			<modelScale>	0.999978	</modelScale>
			<festival_key>	new_year_env	</festival_key>
			<patrolPathNode>	</patrolPathNode>
		</properties>
	</entity_75>
	<entity_76>
		<type>	EnvironmentObject	</type>
		<transform>
			<row0>	0.000065 0.000000 -0.999979	</row0>
			<row1>	0.000332 0.999984 0.000000	</row1>
			<row2>	0.999979 -0.000332 0.000065	</row2>
			<row3>	680.012329 -83.592056 343.941376	</row3>
		</transform>
		<clientOnly>	false	</clientOnly>
		<properties>
			<modelNumber>	gw5527	</modelNumber>
			<modelScale>	0.999979	</modelScale>
			<festival_key>	new_year_env	</festival_key>
			<patrolPathNode>	</patrolPathNode>
		</properties>
	</entity_76>
	<entity_77>
		<type>	EnvironmentObject	</type>
		<transform>
			<row0>	-0.643928 -0.000001 -0.172584	</row0>
			<row1>	0.000065 0.666658 -0.000244	</row1>
			<row2>	0.172585 -0.000253 -0.643927	</row2>
			<row3>	665.979248 -82.654961 355.629730	</row3>
		</transform>
		<clientOnly>	false	</clientOnly>
		<properties>
			<modelNumber>	gw5540	</modelNumber>
			<modelScale>	0.666655	</modelScale>
			<festival_key>	new_year_env	</festival_key>
			<patrolPathNode>	</patrolPathNode>
		</properties>
	</entity_77>
	<entity_78>
		<type>	EnvironmentObject	</type>
		<transform>
			<row0>	-0.643912 0.005007 -0.172573	</row0>
			<row1>	0.004587 0.666639 0.002230	</row1>
			<row2>	0.172585 0.000967 -0.643927	</row2>
			<row3>	668.669067 -82.651382 356.349213	</row3>
		</transform>
		<clientOnly>	false	</clientOnly>
		<properties>
			<modelNumber>	gw5541	</modelNumber>
			<modelScale>	0.666655	</modelScale>
			<festival_key>	new_year_env	</festival_key>
			<patrolPathNode>	</patrolPathNode>
		</properties>
	</entity_78>
	<entity_79>
		<type>	EnvironmentObject	</type>
		<transform>
			<row0>	-0.099812 -0.000001 0.591627	</row0>
			<row1>	-0.000001 0.599991 0.000000	</row1>
			<row2>	-0.591627 -0.000001 -0.099811	</row2>
			<row3>	680.092957 -82.701080 354.523651	</row3>
		</transform>
		<clientOnly>	false	</clientOnly>
		<properties>
			<modelNumber>	gw5537	</modelNumber>
			<modelScale>	0.599987	</modelScale>
			<festival_key>	new_year_env	</festival_key>
			<patrolPathNode>	</patrolPathNode>
		</properties>
	</entity_79>
	<entity_80>
		<type>	EnvironmentObject	</type>
		<transform>
			<row0>	0.965443 -0.001725 0.260512	</row0>
