<root>
	<entity_1>
		<type>	EnvironmentObject	</type>
		<transform>
			<row0>	0.499948 0.007655 -0.866003	</row0>
			<row1>	-0.015078 0.999874 0.000135	</row1>
			<row2>	0.865905 0.012990 0.500004	</row2>
			<row3>	-392.979675 -31.888460 489.638214	</row3>
		</transform>
		<clientOnly>	false	</clientOnly>
		<properties>
			<modelNumber>	gw5536	</modelNumber>
			<modelScale>	0.999984	</modelScale>
			<festival_key>	new_year_env	</festival_key>
			<patrolPathNode>	</patrolPathNode>
		</properties>
	</entity_1>
	<entity_2>
		<type>	EnvironmentObject	</type>
		<transform>
			<row0>	0.405566 0.000106 -0.702439	</row0>
			<row1>	-0.000212 0.811116 0.000000	</row1>
			<row2>	0.702438 0.000183 0.405566	</row2>
			<row3>	-305.036133 -25.898787 495.444031	</row3>
		</transform>
		<clientOnly>	false	</clientOnly>
		<properties>
			<modelNumber>	gw5539	</modelNumber>
			<modelScale>	0.811113	</modelScale>
			<festival_key>	new_year_env	</festival_key>
			<patrolPathNode>	</patrolPathNode>
		</properties>
	</entity_2>
	<entity_3>
		<type>	EnvironmentObject	</type>
		<transform>
			<row0>	0.405567 -0.000136 -0.702440	</row0>
			<row1>	0.000273 0.811117 0.000000	</row1>
			<row2>	0.702439 -0.000237 0.405567	</row2>
			<row3>	-302.845581 -25.895617 491.638092	</row3>
		</transform>
		<clientOnly>	false	</clientOnly>
		<properties>
			<modelNumber>	gw5538	</modelNumber>
			<modelScale>	0.811114	</modelScale>
			<festival_key>	new_year_env	</festival_key>
			<patrolPathNode>	</patrolPathNode>
		</properties>
	</entity_3>
	<entity_4>
		<type>	EnvironmentObject	</type>
		<transform>
			<row0>	-0.499660 0.000000 0.866204	</row0>
			<row1>	0.000366 -0.999987 0.000211	</row1>
			<row2>	0.866205 0.000423 0.499660	</row2>
			<row3>	-305.797943 -23.406155 496.938385	</row3>
		</transform>
		<clientOnly>	false	</clientOnly>
		<properties>
			<modelNumber>	gw5545	</modelNumber>
			<modelScale>	0.999985	</modelScale>
			<festival_key>	new_year_env	</festival_key>
			<patrolPathNode>	</patrolPathNode>
		</properties>
	</entity_4>
	<entity_5>
		<type>	EnvironmentObject	</type>
		<transform>
			<row0>	0.500002 -0.000184 -0.866003	</row0>
			<row1>	0.000370 0.999986 0.000000	</row1>
			<row2>	0.866003 -0.000321 0.500002	</row2>
			<row3>	-304.617310 -25.086447 494.068787	</row3>
		</transform>
		<clientOnly>	false	</clientOnly>
		<properties>
			<modelNumber>	gw5537	</modelNumber>
			<modelScale>	0.999982	</modelScale>
			<festival_key>	new_year_env	</festival_key>
			<patrolPathNode>	</patrolPathNode>
		</properties>
	</entity_5>
	<entity_6>
		<type>	EnvironmentObject	</type>
		<transform>
			<row0>	0.500003 0.000060 -0.866005	</row0>
			<row1>	-0.000118 0.999988 0.000000	</row1>
			<row2>	0.866004 0.000102 0.500003	</row2>
			<row3>	-303.790100 -25.078470 492.631866	</row3>
		</transform>
		<clientOnly>	false	</clientOnly>
		<properties>
			<modelNumber>	gw5536	</modelNumber>
			<modelScale>	0.999984	</modelScale>
			<festival_key>	new_year_env	</festival_key>
			<patrolPathNode>	</patrolPathNode>
		</properties>
	</entity_6>
	<entity_7>
		<type>	EnvironmentObject	</type>
		<transform>
			<row0>	0.394592 -0.000089 -0.683433	</row0>
			<row1>	0.000179 0.789169 0.000000	</row1>
			<row2>	0.683432 -0.000155 0.394592	</row2>
			<row3>	-304.217041 -22.621473 493.372406	</row3>
		</transform>
		<clientOnly>	false	</clientOnly>
		<properties>
			<modelNumber>	gw5543	</modelNumber>
			<modelScale>	0.789166	</modelScale>
			<festival_key>	new_year_env	</festival_key>
			<patrolPathNode>	</patrolPathNode>
		</properties>
	</entity_7>
	<entity_8>
		<type>	EnvironmentObject	</type>
		<transform>
			<row0>	0.499984 -0.004587 -0.866008	</row0>
			<row1>	0.009172 0.999949 0.000000	</row1>
			<row2>	0.865971 -0.007943 0.500006	</row2>
			<row3>	-317.500793 -27.100338 590.082153	</row3>
		</transform>
		<clientOnly>	false	</clientOnly>
		<properties>
			<modelNumber>	gw5527	</modelNumber>
			<modelScale>	0.999987	</modelScale>
			<festival_key>	new_year_env	</festival_key>
			<patrolPathNode>	</patrolPathNode>
		</properties>
	</entity_8>
	<entity_9>
		<type>	EnvironmentObject	</type>
		<transform>
			<row0>	0.500004 -0.000173 -0.866006	</row0>
			<row1>	0.000343 0.999991 0.000000	</row1>
			<row2>	0.866006 -0.000298 0.500005	</row2>
			<row3>	-313.519653 -27.078354 582.836182	</row3>
		</transform>
		<clientOnly>	false	</clientOnly>
		<properties>
			<modelNumber>	gw5527	</modelNumber>
			<modelScale>	0.999985	</modelScale>
			<festival_key>	new_year_env	</festival_key>
			<patrolPathNode>	</patrolPathNode>
		</properties>
	</entity_9>
	<entity_10>
		<type>	EnvironmentObject	</type>
		<transform>
			<row0>	0.865968 0.007942 0.500003	</row0>
			<row1>	-0.009172 0.999945 0.000000	</row1>
			<row2>	-0.499982 -0.004586 0.866004	</row2>
			<row3>	-318.223541 -18.969488 594.190063	</row3>
		</transform>
		<clientOnly>	false	</clientOnly>
		<properties>
			<modelNumber>	gw5214	</modelNumber>
			<modelScale>	0.999983	</modelScale>
			<festival_key>	new_year_env	</festival_key>
			<patrolPathNode>	</patrolPathNode>
		</properties>
	</entity_10>
	<entity_11>
		<type>	EnvironmentObject	</type>
		<transform>
			<row0>	0.865964 0.008858 0.499992	</row0>
			<row1>	-0.008859 0.999945 -0.002374	</row1>
			<row2>	-0.499993 -0.002374 0.866007	</row2>
			<row3>	-319.548828 -19.039940 596.889893	</row3>
		</transform>
		<clientOnly>	false	</clientOnly>
		<properties>
			<modelNumber>	gw5214	</modelNumber>
			<modelScale>	0.999982	</modelScale>
			<festival_key>	new_year_env	</festival_key>
			<patrolPathNode>	</patrolPathNode>
		</properties>
	</entity_11>
	<entity_12>
		<type>	EnvironmentObject	</type>
		<transform>
			<row0>	-0.433011 0.000000 -0.249999	</row0>
			<row1>	0.000000 0.499998 0.000000	</row1>
			<row2>	0.249999 0.000000 -0.433011	</row2>
			<row3>	-305.976959 -23.302336 597.698975	</row3>
		</transform>
		<clientOnly>	false	</clientOnly>
		<properties>
			<modelNumber>	gw5543	</modelNumber>
			<modelScale>	0.499998	</modelScale>
			<festival_key>	new_year_env	</festival_key>
			<patrolPathNode>	</patrolPathNode>
		</properties>
	</entity_12>
	<entity_13>
		<type>	EnvironmentObject	</type>
		<transform>
			<row0>	-0.345614 -0.000231 0.601816	</row0>
			<row1>	-0.000169 0.693999 0.000169	</row1>
			<row2>	-0.601817 -0.000063 -0.345614	</row2>
			<row3>	-313.200500 -23.428076 582.990723	</row3>
		</transform>
		<clientOnly>	false	</clientOnly>
		<properties>
			<modelNumber>	gw5526	</modelNumber>
			<modelScale>	0.694000	</modelScale>
			<festival_key>	new_year_env	</festival_key>
			<patrolPathNode>	</patrolPathNode>
		</properties>
	</entity_13>
	<entity_14>
		<type>	EnvironmentObject	</type>
		<transform>
			<row0>	-0.345614 0.000000 0.601817	</row0>
			<row1>	0.000000 0.694000 0.000000	</row1>
			<row2>	-0.601818 0.000000 -0.345614	</row2>
			<row3>	-313.215240 -22.009029 582.989014	</row3>
		</transform>
		<clientOnly>	false	</clientOnly>
		<properties>
			<modelNumber>	gw5526	</modelNumber>
			<modelScale>	0.694000	</modelScale>
			<festival_key>	new_year_env	</festival_key>
			<patrolPathNode>	</patrolPathNode>
		</properties>
	</entity_14>
	<entity_15>
		<type>	EnvironmentObject	</type>
		<transform>
			<row0>	-0.499168 0.000000 0.865351	</row0>
			<row1>	0.000366 -0.999002 0.000211	</row1>
			<row2>	0.865352 0.000423 0.499168	</row2>
			<row3>	-305.088562 -24.125292 506.148865	</row3>
		</transform>
		<clientOnly>	false	</clientOnly>
		<properties>
			<modelNumber>	gw5544	</modelNumber>
			<modelScale>	0.999000	</modelScale>
			<festival_key>	new_year_env	</festival_key>
			<patrolPathNode>	</patrolPathNode>
		</properties>
	</entity_15>
	<entity_16>
		<type>	EnvironmentObject	</type>
		<transform>
			<row0>	0.285741 0.000000 -0.494845	</row0>
			<row1>	-0.006430 0.571374 -0.003713	</row1>
			<row2>	0.494803 0.007425 0.285717	</row2>
			<row3>	-305.841980 -25.723997 507.500092	</row3>
		</transform>
		<clientOnly>	false	</clientOnly>
		<properties>
			<modelNumber>	gw5540	</modelNumber>
			<modelScale>	0.571419	</modelScale>
			<festival_key>	new_year_env	</festival_key>
			<patrolPathNode>	</patrolPathNode>
		</properties>
	</entity_16>
	<entity_17>
		<type>	EnvironmentObject	</type>
		<transform>
			<row0>	0.285742 0.000000 -0.494846	</row0>
			<row1>	0.000000 0.571422 0.000000	</row1>
			<row2>	0.494845 0.000000 0.285741	</row2>
			<row3>	-307.562531 -25.721058 510.433960	</row3>
		</transform>
		<clientOnly>	false	</clientOnly>
		<properties>
			<modelNumber>	gw5541	</modelNumber>
			<modelScale>	0.571420	</modelScale>
			<festival_key>	new_year_env	</festival_key>
			<patrolPathNode>	</patrolPathNode>
		</properties>
	</entity_17>
	<entity_18>
		<type>	EnvironmentObject	</type>
		<transform>
			<row0>	0.299969 0.004593 -0.519602	</row0>
			<row1>	-0.009047 0.599924 0.000081	</row1>
			<row2>	0.519543 0.007794 0.300002	</row2>
			<row3>	-307.221893 -25.715944 507.920898	</row3>
		</transform>
		<clientOnly>	false	</clientOnly>
		<properties>
			<modelNumber>	gw5536	</modelNumber>
			<modelScale>	0.599991	</modelScale>
			<festival_key>	new_year_env	</festival_key>
			<patrolPathNode>	</patrolPathNode>
		</properties>
	</entity_18>
	<entity_19>
		<type>	EnvironmentObject	</type>
		<transform>
			<row0>	0.299972 0.004322 -0.519602	</row0>
			<row1>	-0.008909 0.599927 -0.000152	</row1>
			<row2>	0.519543 0.007791 0.300002	</row2>
			<row3>	-307.815155 -25.723200 508.990417	</row3>
		</transform>
		<clientOnly>	false	</clientOnly>
		<properties>
			<modelNumber>	gw5537	</modelNumber>
			<modelScale>	0.599990	</modelScale>
			<festival_key>	new_year_env	</festival_key>
			<patrolPathNode>	</patrolPathNode>
		</properties>
	</entity_19>
	<entity_20>
		<type>	EnvironmentObject	</type>
		<transform>
			<row0>	0.299972 0.004386 -0.519602	</row0>
			<row1>	-0.008941 0.599927 -0.000097	</row1>
			<row2>	0.519544 0.007792 0.300003	</row2>
			<row3>	-307.539917 -23.979010 508.441895	</row3>
		</transform>
		<clientOnly>	false	</clientOnly>
		<properties>
			<modelNumber>	gw5543	</modelNumber>
			<modelScale>	0.599991	</modelScale>
			<festival_key>	new_year_env	</festival_key>
			<patrolPathNode>	</patrolPathNode>
		</properties>
	</entity_20>
	<entity_21>
		<type>	EnvironmentObject	</type>
		<transform>
			<row0>	0.285741 0.000000 -0.494846	</row0>
			<row1>	-0.006430 0.571374 -0.003713	</row1>
			<row2>	0.494803 0.007425 0.285717	</row2>
			<row3>	-312.776978 -25.730997 514.864624	</row3>
		</transform>
		<clientOnly>	false	</clientOnly>
		<properties>
			<modelNumber>	gw5538	</modelNumber>
			<modelScale>	0.571420	</modelScale>
			<festival_key>	new_year_env	</festival_key>
			<patrolPathNode>	</patrolPathNode>
		</properties>
	</entity_21>
	<entity_22>
		<type>	EnvironmentObject	</type>
		<transform>
			<row0>	0.285686 0.004291 -0.494859	</row0>
			<row1>	-0.008574 0.571358 0.000006	</row1>
			<row2>	0.494803 0.007422 0.285717	</row2>
			<row3>	-314.392822 -25.728827 517.653076	</row3>
		</transform>
		<clientOnly>	false	</clientOnly>
		<properties>
			<modelNumber>	gw5539	</modelNumber>
			<modelScale>	0.571420	</modelScale>
			<festival_key>	new_year_env	</festival_key>
			<patrolPathNode>	</patrolPathNode>
		</properties>
	</entity_22>
	<entity_23>
		<type>	EnvironmentObject	</type>
		<transform>
			<row0>	0.300029 -0.000207 -0.519588	</row0>
			<row1>	0.000104 0.599993 -0.000179	</row1>
			<row2>	0.519587 0.000000 0.300028	</row2>
			<row3>	-313.540222 -25.682957 515.622314	</row3>
		</transform>
		<clientOnly>	false	</clientOnly>
		<properties>
			<modelNumber>	gw5534	</modelNumber>
			<modelScale>	0.599991	</modelScale>
			<festival_key>	new_year_env	</festival_key>
			<patrolPathNode>	</patrolPathNode>
		</properties>
	</entity_23>
	<entity_24>
		<type>	EnvironmentObject	</type>
		<transform>
			<row0>	0.300028 0.000000 -0.519587	</row0>
			<row1>	0.000000 0.599992 0.000000	</row1>
			<row2>	0.519586 0.000000 0.300027	</row2>
			<row3>	-314.085907 -25.681875 516.614014	</row3>
		</transform>
		<clientOnly>	false	</clientOnly>
		<properties>
			<modelNumber>	gw5535	</modelNumber>
			<modelScale>	0.599990	</modelScale>
			<festival_key>	new_year_env	</festival_key>
			<patrolPathNode>	</patrolPathNode>
		</properties>
	</entity_24>
	<entity_25>
		<type>	EnvironmentObject	</type>
		<transform>
			<row0>	0.300029 -0.000207 -0.519588	</row0>
			<row1>	0.000104 0.599994 -0.000179	</row1>
			<row2>	0.519588 0.000000 0.300029	</row2>
			<row3>	-313.824951 -23.936745 516.102173	</row3>
		</transform>
		<clientOnly>	false	</clientOnly>
		<properties>
			<modelNumber>	gw5543	</modelNumber>
			<modelScale>	0.599991	</modelScale>
			<festival_key>	new_year_env	</festival_key>
			<patrolPathNode>	</patrolPathNode>
		</properties>
	</entity_25>
	<entity_26>
		<type>	EnvironmentObject	</type>
		<transform>
			<row0>	0.285741 0.000000 -0.494845	</row0>
			<row1>	0.000000 0.571422 0.000000	</row1>
			<row2>	0.494844 0.000000 0.285741	</row2>
			<row3>	-328.411407 -25.631426 538.662109	</row3>
		</transform>
		<clientOnly>	false	</clientOnly>
		<properties>
			<modelNumber>	gw5541	</modelNumber>
			<modelScale>	0.571419	</modelScale>
			<festival_key>	new_year_env	</festival_key>
			<patrolPathNode>	</patrolPathNode>
		</properties>
	</entity_26>
	<entity_27>
		<type>	EnvironmentObject	</type>
		<transform>
			<row0>	-0.399728 0.000000 0.692963	</row0>
			<row1>	0.000293 -0.799990 0.000169	</row1>
			<row2>	0.692964 0.000338 0.399728	</row2>
			<row3>	-325.693939 -24.023918 534.343140	</row3>
		</transform>
		<clientOnly>	false	</clientOnly>
		<properties>
			<modelNumber>	gw5544	</modelNumber>
			<modelScale>	0.799988	</modelScale>
			<festival_key>	new_year_env	</festival_key>
			<patrolPathNode>	</patrolPathNode>
		</properties>
	</entity_27>
	<entity_28>
		<type>	EnvironmentObject	</type>
		<transform>
			<row0>	0.300027 0.000000 -0.519586	</row0>
			<row1>	0.000000 0.599992 0.000000	</row1>
			<row2>	0.519585 0.000000 0.300027	</row2>
			<row3>	-328.153534 -25.083748 537.674561	</row3>
		</transform>
		<clientOnly>	false	</clientOnly>
		<properties>
			<modelNumber>	gw5537	</modelNumber>
			<modelScale>	0.599988	</modelScale>
			<festival_key>	new_year_env	</festival_key>
			<patrolPathNode>	</patrolPathNode>
		</properties>
	</entity_28>
	<entity_29>
		<type>	EnvironmentObject	</type>
		<transform>
			<row0>	0.300028 0.000207 -0.519587	</row0>
			<row1>	-0.000104 0.599992 0.000179	</row1>
			<row2>	0.519586 0.000000 0.300028	</row2>
			<row3>	-327.644928 -25.074026 536.804443	</row3>
		</transform>
		<clientOnly>	false	</clientOnly>
		<properties>
			<modelNumber>	gw5536	</modelNumber>
			<modelScale>	0.599990	</modelScale>
			<festival_key>	new_year_env	</festival_key>
			<patrolPathNode>	</patrolPathNode>
		</properties>
	</entity_29>
	<entity_30>
		<type>	EnvironmentObject	</type>
		<transform>
			<row0>	-0.494844 0.000000 -0.285740	</row0>
			<row1>	0.000000 0.571421 0.000000	</row1>
			<row2>	0.285740 0.000000 -0.494843	</row2>
			<row3>	-337.024261 -25.717190 579.080444	</row3>
		</transform>
		<clientOnly>	false	</clientOnly>
		<properties>
			<modelNumber>	gw5541	</modelNumber>
			<modelScale>	0.571417	</modelScale>
			<festival_key>	new_year_env	</festival_key>
			<patrolPathNode>	</patrolPathNode>
		</properties>
	</entity_30>
	<entity_31>
		<type>	EnvironmentObject	</type>
		<transform>
			<row0>	-0.494843 0.000000 -0.285739	</row0>
			<row1>	0.000000 0.571420 0.000000	</row1>
			<row2>	0.285739 0.000000 -0.494843	</row2>
			<row3>	-339.369995 -25.705282 577.723999	</row3>
		</transform>
		<clientOnly>	false	</clientOnly>
		<properties>
			<modelNumber>	gw5540	</modelNumber>
			<modelScale>	0.571416	</modelScale>
			<festival_key>	new_year_env	</festival_key>
			<patrolPathNode>	</patrolPathNode>
		</properties>
	</entity_31>
	<entity_32>
		<type>	EnvironmentObject	</type>
		<transform>
			<row0>	-0.432987 0.000173 -0.250022	</row0>
			<row1>	0.000149 0.499992 0.000086	</row1>
			<row2>	0.250021 0.000000 -0.432986	</row2>
			<row3>	-337.978699 -25.313725 578.901611	</row3>
		</transform>
		<clientOnly>	false	</clientOnly>
		<properties>
			<modelNumber>	gw5537	</modelNumber>
			<modelScale>	0.499989	</modelScale>
			<festival_key>	new_year_env	</festival_key>
			<patrolPathNode>	</patrolPathNode>
		</properties>
	</entity_32>
	<entity_33>
		<type>	EnvironmentObject	</type>
		<transform>
			<row0>	-0.432988 0.000000 -0.250022	</row0>
			<row1>	0.000000 0.499992 0.000000	</row1>
			<row2>	0.250021 0.000000 -0.432987	</row2>
			<row3>	-338.750275 -25.298176 578.463501	</row3>
		</transform>
		<clientOnly>	false	</clientOnly>
		<properties>
			<modelNumber>	gw5536	</modelNumber>
			<modelScale>	0.499990	</modelScale>
			<festival_key>	new_year_env	</festival_key>
			<patrolPathNode>	</patrolPathNode>
		</properties>
	</entity_33>
	<entity_34>
		<type>	EnvironmentObject	</type>
		<transform>
			<row0>	-0.519601 0.004386 -0.299971	</row0>
			<row1>	-0.000097 0.599926 0.008941	</row1>
			<row2>	0.300002 0.007792 -0.519542	</row2>
			<row3>	-338.177429 -23.949793 578.410522	</row3>
		</transform>
		<clientOnly>	false	</clientOnly>
		<properties>
			<modelNumber>	gw5543	</modelNumber>
			<modelScale>	0.599989	</modelScale>
			<festival_key>	new_year_env	</festival_key>
			<patrolPathNode>	</patrolPathNode>
		</properties>
	</entity_34>
	<entity_35>
		<type>	EnvironmentObject	</type>
		<transform>
			<row0>	0.866202 0.000423 0.499659	</row0>
			<row1>	0.000366 -0.999985 0.000211	</row1>
			<row2>	0.499659 0.000001 -0.866203	</row2>
			<row3>	-339.858368 -20.297457 577.262085	</row3>
		</transform>
		<clientOnly>	false	</clientOnly>
		<properties>
			<modelNumber>	gw5544	</modelNumber>
			<modelScale>	0.999983	</modelScale>
			<festival_key>	new_year_env	</festival_key>
			<patrolPathNode>	</patrolPathNode>
		</properties>
	</entity_35>
	<entity_36>
		<type>	EnvironmentObject	</type>
		<transform>
			<row0>	0.299972 0.004386 -0.519602	</row0>
			<row1>	-0.008941 0.599927 -0.000097	</row1>
			<row2>	0.519544 0.007792 0.300003	</row2>
			<row3>	-327.892090 -23.585154 537.224854	</row3>
		</transform>
		<clientOnly>	false	</clientOnly>
		<properties>
			<modelNumber>	gw5543	</modelNumber>
			<modelScale>	0.599991	</modelScale>
			<festival_key>	new_year_env	</festival_key>
			<patrolPathNode>	</patrolPathNode>
		</properties>
	</entity_36>
	<entity_37>
		<type>	EnvironmentObject	</type>
		<transform>
			<row0>	0.866202 0.000423 0.499659	</row0>
			<row1>	0.000366 -0.999985 0.000211	</row1>
			<row2>	0.499659 0.000001 -0.866203	</row2>
			<row3>	-336.411499 -20.329632 579.227905	</row3>
		</transform>
		<clientOnly>	false	</clientOnly>
		<properties>
			<modelNumber>	gw5544	</modelNumber>
			<modelScale>	0.999983	</modelScale>
			<festival_key>	new_year_env	</festival_key>
			<patrolPathNode>	</patrolPathNode>
		</properties>
	</entity_37>
	<entity_38>
		<type>	EnvironmentObject	</type>
		<transform>
			<row0>	0.285741 0.000000 -0.494845	</row0>
			<row1>	0.000000 0.571422 0.000000	</row1>
			<row2>	0.494845 0.000000 0.285741	</row2>
			<row3>	-326.902954 -25.630985 536.047729	</row3>
		</transform>
		<clientOnly>	false	</clientOnly>
		<properties>
			<modelNumber>	gw5540	</modelNumber>
			<modelScale>	0.571419	</modelScale>
			<festival_key>	new_year_env	</festival_key>
			<patrolPathNode>	</patrolPathNode>
		</properties>
	</entity_38>
	<entity_39>
		<type>	EnvironmentObject	</type>
		<transform>
			<row0>	0.285740 0.000000 -0.494844	</row0>
			<row1>	0.000000 0.571421 0.000000	</row1>
			<row2>	0.494844 0.000000 0.285740	</row2>
			<row3>	-336.393311 -25.685595 557.824097	</row3>
		</transform>
		<clientOnly>	false	</clientOnly>
		<properties>
			<modelNumber>	gw5539	</modelNumber>
			<modelScale>	0.571417	</modelScale>
			<festival_key>	new_year_env	</festival_key>
			<patrolPathNode>	</patrolPathNode>
		</properties>
	</entity_39>
	<entity_40>
		<type>	EnvironmentObject	</type>
		<transform>
			<row0>	0.300027 0.000000 -0.519587	</row0>
			<row1>	0.000000 0.599991 0.000000	</row1>
			<row2>	0.519586 0.000000 0.300027	</row2>
			<row3>	-336.787659 -25.602760 558.487793	</row3>
		</transform>
		<clientOnly>	false	</clientOnly>
		<properties>
			<modelNumber>	gw5534	</modelNumber>
			<modelScale>	0.599989	</modelScale>
			<festival_key>	new_year_env	</festival_key>
			<patrolPathNode>	</patrolPathNode>
		</properties>
	</entity_40>
	<entity_41>
		<type>	EnvironmentObject	</type>
		<transform>
			<row0>	0.285741 0.000000 -0.494845	</row0>
			<row1>	0.000000 0.571421 0.000000	</row1>
			<row2>	0.494844 0.000000 0.285740	</row2>
			<row3>	-337.696777 -25.728453 560.072998	</row3>
		</transform>
		<clientOnly>	false	</clientOnly>
		<properties>
			<modelNumber>	gw5538	</modelNumber>
			<modelScale>	0.571419	</modelScale>
			<festival_key>	new_year_env	</festival_key>
			<patrolPathNode>	</patrolPathNode>
		</properties>
	</entity_41>
	<entity_42>
		<type>	EnvironmentObject	</type>
		<transform>
			<row0>	0.300026 0.000000 -0.519586	</row0>
			<row1>	0.000000 0.599991 0.000000	</row1>
			<row2>	0.519585 0.000000 0.300026	</row2>
			<row3>	-337.296509 -25.603544 559.387329	</row3>
		</transform>
		<clientOnly>	false	</clientOnly>
		<properties>
			<modelNumber>	gw5535	</modelNumber>
			<modelScale>	0.599988	</modelScale>
			<festival_key>	new_year_env	</festival_key>
			<patrolPathNode>	</patrolPathNode>
		</properties>
	</entity_42>
	<entity_43>
		<type>	EnvironmentObject	</type>
		<transform>
			<row0>	0.299972 0.004386 -0.519602	</row0>
			<row1>	-0.008941 0.599926 -0.000097	</row1>
			<row2>	0.519543 0.007792 0.300002	</row2>
			<row3>	-337.076080 -23.954355 558.995483	</row3>
		</transform>
		<clientOnly>	false	</clientOnly>
		<properties>
			<modelNumber>	gw5543	</modelNumber>
			<modelScale>	0.599991	</modelScale>
			<festival_key>	new_year_env	</festival_key>
			<patrolPathNode>	</patrolPathNode>
		</properties>
	</entity_43>
	<entity_44>
		<type>	EnvironmentObject	</type>
		<transform>
			<row0>	0.865255 0.000001 0.499335	</row0>
			<row1>	-0.000014 -0.999003 0.000025	</row1>
			<row2>	0.499335 -0.000028 -0.865256	</row2>
			<row3>	-333.048096 -24.351274 587.131714	</row3>
		</transform>
		<clientOnly>	false	</clientOnly>
		<properties>
			<modelNumber>	gw5545	</modelNumber>
			<modelScale>	0.999000	</modelScale>
			<festival_key>	new_year_env	</festival_key>
			<patrolPathNode>	</patrolPathNode>
		</properties>
	</entity_44>
	<entity_45>
		<type>	EnvironmentObject	</type>
		<transform>
			<row0>	-0.866102 0.000000 -0.499823	</row0>
			<row1>	-0.000014 -0.999981 0.000025	</row1>
			<row2>	-0.499823 0.000029 0.866103	</row2>
			<row3>	-316.742798 -24.366220 597.161133	</row3>
		</transform>
		<clientOnly>	false	</clientOnly>
		<properties>
			<modelNumber>	gw5545	</modelNumber>
			<modelScale>	0.999978	</modelScale>
			<festival_key>	new_year_env	</festival_key>
			<patrolPathNode>	</patrolPathNode>
		</properties>
	</entity_45>
	<entity_46>
		<type>	EnvironmentObject	</type>
		<transform>
			<row0>	0.866103 0.000001 0.499824	</row0>
			<row1>	-0.000014 -0.999982 0.000025	</row1>
			<row2>	0.499824 -0.000028 -0.866104	</row2>
			<row3>	-316.393738 -24.404457 596.729614	</row3>
		</transform>
		<clientOnly>	false	</clientOnly>
		<properties>
			<modelNumber>	gw5545	</modelNumber>
			<modelScale>	0.999979	</modelScale>
			<festival_key>	new_year_env	</festival_key>
			<patrolPathNode>	</patrolPathNode>
		</properties>
	</entity_46>
	<entity_47>
		<type>	EnvironmentObject	</type>
		<transform>
			<row0>	-0.576772 0.000000 -0.333000	</row0>
			<row1>	0.000000 0.666000 0.000000	</row1>
			<row2>	0.333000 0.000000 -0.576772	</row2>
			<row3>	-307.498718 -25.935299 596.823730	</row3>
		</transform>
		<clientOnly>	false	</clientOnly>
		<properties>
			<modelNumber>	gw5539	</modelNumber>
			<modelScale>	0.666000	</modelScale>
			<festival_key>	new_year_env	</festival_key>
			<patrolPathNode>	</patrolPathNode>
		</properties>
	</entity_47>
	<entity_48>
		<type>	EnvironmentObject	</type>
		<transform>
			<row0>	-0.577348 0.000000 -0.333332	</row0>
			<row1>	0.000000 0.666665 0.000000	</row1>
			<row2>	0.333332 0.000000 -0.577348	</row2>
			<row3>	-304.460632 -25.929247 598.587158	</row3>
		</transform>
		<clientOnly>	false	</clientOnly>
		<properties>
			<modelNumber>	gw5538	</modelNumber>
			<modelScale>	0.666664	</modelScale>
			<festival_key>	new_year_env	</festival_key>
			<patrolPathNode>	</patrolPathNode>
		</properties>
	</entity_48>
	<entity_49>
		<type>	EnvironmentObject	</type>
		<transform>
			<row0>	-0.381445 0.000000 -0.220227	</row0>
			<row1>	0.000000 0.440455 0.000000	</row1>
			<row2>	0.220227 0.000000 -0.381445	</row2>
			<row3>	-306.712891 -25.047611 597.927368	</row3>
		</transform>
		<clientOnly>	false	</clientOnly>
		<properties>
			<modelNumber>	gw5536	</modelNumber>
			<modelScale>	0.440455	</modelScale>
			<festival_key>	new_year_env	</festival_key>
			<patrolPathNode>	</patrolPathNode>
		</properties>
	</entity_49>
	<entity_50>
		<type>	EnvironmentObject	</type>
		<transform>
			<row0>	-0.382068 0.000000 -0.220588	</row0>
			<row1>	0.000000 0.441175 0.000000	</row1>
			<row2>	0.220588 0.000000 -0.382068	</row2>
			<row3>	-305.756165 -25.048367 598.481079	</row3>
		</transform>
		<clientOnly>	false	</clientOnly>
		<properties>
			<modelNumber>	gw5537	</modelNumber>
			<modelScale>	0.441175	</modelScale>
			<festival_key>	new_year_env	</festival_key>
			<patrolPathNode>	</patrolPathNode>
		</properties>
	</entity_50>
	<entity_51>
		<type>	EnvironmentObject	</type>
		<transform>
			<row0>	0.693462 0.000000 0.398873	</row0>
			<row1>	-0.005186 -0.799926 0.009016	</row1>
			<row2>	0.398839 -0.010401 -0.693404	</row2>
			<row3>	-302.911285 -24.265356 599.458740	</row3>
		</transform>
		<clientOnly>	false	</clientOnly>
		<properties>
			<modelNumber>	gw5545	</modelNumber>
			<modelScale>	0.799993	</modelScale>
			<festival_key>	new_year_env	</festival_key>
			<patrolPathNode>	</patrolPathNode>
		</properties>
	</entity_51>
	<entity_52>
		<type>	EnvironmentObject	</type>
		<transform>
			<row0>	-0.500011 0.000000 0.866013	</row0>
			<row1>	0.000000 0.999996 0.000000	</row1>
			<row2>	-0.866012 0.000000 -0.500011	</row2>
			<row3>	-303.838837 -27.009178 588.296875	</row3>
		</transform>
		<clientOnly>	false	</clientOnly>
		<properties>
			<modelNumber>	gw5527	</modelNumber>
			<modelScale>	0.999995	</modelScale>
			<festival_key>	new_year_env	</festival_key>
			<patrolPathNode>	</patrolPathNode>
		</properties>
	</entity_52>
	<entity_53>
		<type>	EnvironmentObject	</type>
		<transform>
			<row0>	-0.499984 -0.004587 0.866007	</row0>
			<row1>	-0.009172 0.999948 0.000000	</row1>
			<row2>	-0.865970 -0.007943 -0.500005	</row2>
			<row3>	-322.907013 -27.121561 578.102783	</row3>
		</transform>
		<clientOnly>	false	</clientOnly>
		<properties>
			<modelNumber>	gw5527	</modelNumber>
			<modelScale>	0.999987	</modelScale>
			<festival_key>	new_year_env	</festival_key>
			<patrolPathNode>	</patrolPathNode>
		</properties>
	</entity_53>
	<entity_54>
		<type>	EnvironmentObject	</type>
		<transform>
			<row0>	-0.345614 -0.000231 0.601815	</row0>
			<row1>	-0.000169 0.693998 0.000169	</row1>
			<row2>	-0.601816 -0.000063 -0.345614	</row2>
			<row3>	-323.215973 -23.461067 577.947144	</row3>
		</transform>
		<clientOnly>	false	</clientOnly>
		<properties>
			<modelNumber>	gw5526	</modelNumber>
			<modelScale>	0.694000	</modelScale>
			<festival_key>	new_year_env	</festival_key>
			<patrolPathNode>	</patrolPathNode>
		</properties>
	</entity_54>
	<entity_55>
		<type>	EnvironmentObject	</type>
		<transform>
			<row0>	-0.345614 0.000000 0.601816	</row0>
			<row1>	0.000000 0.693999 0.000000	</row1>
			<row2>	-0.601817 0.000000 -0.345614	</row2>
			<row3>	-323.230713 -22.042021 577.945435	</row3>
		</transform>
		<clientOnly>	false	</clientOnly>
		<properties>
			<modelNumber>	gw5526	</modelNumber>
			<modelScale>	0.694000	</modelScale>
			<festival_key>	new_year_env	</festival_key>
			<patrolPathNode>	</patrolPathNode>
		</properties>
	</entity_55>
	<entity_56>
		<type>	EnvironmentObject	</type>
		<transform>
			<row0>	-0.499984 -0.004587 0.866007	</row0>
			<row1>	-0.009172 0.999948 0.000000	</row1>
			<row2>	-0.865970 -0.007943 -0.500005	</row2>
			<row3>	-318.072235 -27.086187 560.403320	</row3>
		</transform>
		<clientOnly>	false	</clientOnly>
		<properties>
			<modelNumber>	gw5527	</modelNumber>
			<modelScale>	0.999987	</modelScale>
			<festival_key>	new_year_env	</festival_key>
			<patrolPathNode>	</patrolPathNode>
		</properties>
	</entity_56>
	<entity_57>
		<type>	EnvironmentObject	</type>
		<transform>
			<row0>	-0.499984 -0.004587 0.866007	</row0>
			<row1>	-0.009172 0.999948 0.000000	</row1>
			<row2>	-0.865970 -0.007943 -0.500005	</row2>
			<row3>	-308.191284 -27.044445 543.442139	</row3>
		</transform>
		<clientOnly>	false	</clientOnly>
		<properties>
			<modelNumber>	gw5527	</modelNumber>
			<modelScale>	0.999987	</modelScale>
			<festival_key>	new_year_env	</festival_key>
			<patrolPathNode>	</patrolPathNode>
		</properties>
	</entity_57>
	<entity_58>
		<type>	EnvironmentObject	</type>
		<transform>
			<row0>	-0.499984 -0.004587 0.866007	</row0>
			<row1>	-0.009172 0.999948 0.000000	</row1>
			<row2>	-0.865970 -0.007943 -0.500005	</row2>
			<row3>	-303.442444 -27.058628 535.072510	</row3>
		</transform>
		<clientOnly>	false	</clientOnly>
		<properties>
			<modelNumber>	gw5527	</modelNumber>
			<modelScale>	0.999987	</modelScale>
			<festival_key>	new_year_env	</festival_key>
			<patrolPathNode>	</patrolPathNode>
		</properties>
	</entity_58>
	<entity_59>
		<type>	EnvironmentObject	</type>
		<transform>
			<row0>	-0.500002 -0.000173 0.866005	</row0>
			<row1>	-0.000343 0.999989 0.000000	</row1>
			<row2>	-0.866005 -0.000298 -0.500003	</row2>
			<row3>	-326.888153 -27.099577 585.348755	</row3>
		</transform>
		<clientOnly>	false	</clientOnly>
		<properties>
			<modelNumber>	gw5527	</modelNumber>
			<modelScale>	0.999983	</modelScale>
			<festival_key>	new_year_env	</festival_key>
			<patrolPathNode>	</patrolPathNode>
		</properties>
	</entity_59>
	<entity_60>
		<type>	EnvironmentObject	</type>
		<transform>
			<row0>	1.299027 -0.000005 0.750017	</row0>
			<row1>	0.000003 1.500005 0.000000	</row1>
			<row2>	-0.750017 0.000002 1.299027	</row2>
			<row3>	-326.732910 -23.323250 590.870850	</row3>
		</transform>
		<clientOnly>	false	</clientOnly>
		<properties>
			<modelNumber>	gw5214	</modelNumber>
			<modelScale>	1.500000	</modelScale>
			<festival_key>	new_year_env	</festival_key>
			<patrolPathNode>	</patrolPathNode>
		</properties>
	</entity_60>
	<entity_61>
		<type>	EnvironmentObject	</type>
		<transform>
			<row0>	1.299027 0.000444 0.750017	</row0>
			<row1>	-0.000515 1.500005 0.000000	</row1>
			<row2>	-0.750017 -0.000258 1.299027	</row2>
			<row3>	-322.650391 -23.316929 593.309082	</row3>
		</transform>
		<clientOnly>	false	</clientOnly>
		<properties>
			<modelNumber>	gw5214	</modelNumber>
			<modelScale>	1.500000	</modelScale>
			<festival_key>	new_year_env	</festival_key>
			<patrolPathNode>	</patrolPathNode>
		</properties>
	</entity_61>
	<entity_62>
		<type>	EnvironmentObject	</type>
		<transform>
			<row0>	0.865969 0.007942 0.500004	</row0>
			<row1>	-0.009172 0.999947 0.000000	</row1>
			<row2>	-0.499983 -0.004586 0.866005	</row2>
			<row3>	-330.281464 -18.996229 587.384033	</row3>
		</transform>
		<clientOnly>	false	</clientOnly>
		<properties>
			<modelNumber>	gw5214	</modelNumber>
			<modelScale>	0.999985	</modelScale>
			<festival_key>	new_year_env	</festival_key>
			<patrolPathNode>	</patrolPathNode>
		</properties>
	</entity_62>
	<entity_63>
		<type>	EnvironmentObject	</type>
		<transform>
			<row0>	0.865965 0.008858 0.499993	</row0>
			<row1>	-0.008859 0.999946 -0.002374	</row1>
			<row2>	-0.499993 -0.002374 0.866006	</row2>
			<row3>	-331.269684 -18.997543 589.823608	</row3>
		</transform>
		<clientOnly>	false	</clientOnly>
		<properties>
			<modelNumber>	gw5214	</modelNumber>
			<modelScale>	0.999983	</modelScale>
			<festival_key>	new_year_env	</festival_key>
			<patrolPathNode>	</patrolPathNode>
		</properties>
	</entity_63>
	<entity_64>
		<type>	EnvironmentObject	</type>
		<transform>
			<row0>	-0.866102 0.000000 -0.499823	</row0>
			<row1>	-0.000014 -0.999981 0.000025	</row1>
			<row2>	-0.499823 0.000029 0.866103	</row2>
			<row3>	-333.127686 -24.378136 587.657959	</row3>
		</transform>
		<clientOnly>	false	</clientOnly>
		<properties>
			<modelNumber>	gw5545	</modelNumber>
			<modelScale>	0.999978	</modelScale>
			<festival_key>	new_year_env	</festival_key>
			<patrolPathNode>	</patrolPathNode>
		</properties>
	</entity_64>
	<entity_76>
		<type>	EnvironmentObject	</type>
		<transform>
			<row0>	0.866103 0.000001 0.499824	</row0>
			<row1>	-0.000014 -0.999982 0.000025	</row1>
			<row2>	0.499823 -0.000028 -0.866104	</row2>
			<row3>	-247.119095 -24.370934 494.982544	</row3>
		</transform>
		<clientOnly>	false	</clientOnly>
		<properties>
			<modelNumber>	gw5545	</modelNumber>
			<modelScale>	0.999979	</modelScale>
			<festival_key>	new_year_env	</festival_key>
			<patrolPathNode>	</patrolPathNode>
		</properties>
	</entity_76>
	<entity_77>
		<type>	EnvironmentObject	</type>
		<transform>
			<row0>	0.494849 0.001922 0.285730	</row0>
			<row1>	0.001922 0.571375 -0.007172	</row1>
			<row2>	-0.285730 0.007172 0.494801	</row2>
			<row3>	-275.727997 -25.638994 482.944336	</row3>
		</transform>
		<clientOnly>	false	</clientOnly>
		<properties>
			<modelNumber>	gw5540	</modelNumber>
			<modelScale>	0.571420	</modelScale>
			<festival_key>	new_year_env	</festival_key>
			<patrolPathNode>	</patrolPathNode>
		</properties>
	</entity_77>
	<entity_78>
		<type>	EnvironmentObject	</type>
		<transform>
			<row0>	-0.866104 0.000000 -0.499824	</row0>
			<row1>	-0.000014 -0.999983 0.000025	</row1>
			<row2>	-0.499824 0.000029 0.866105	</row2>
			<row3>	-247.035095 -24.381771 495.543488	</row3>
		</transform>
		<clientOnly>	false	</clientOnly>
		<properties>
			<modelNumber>	gw5545	</modelNumber>
			<modelScale>	0.999980	</modelScale>
			<festival_key>	new_year_env	</festival_key>
			<patrolPathNode>	</patrolPathNode>
		</properties>
	</entity_78>
	<entity_79>
		<type>	EnvironmentObject	</type>
		<transform>
			<row0>	1.299027 0.000690 0.750018	</row0>
			<row1>	-0.000699 1.500007 -0.000174	</row1>
			<row2>	-0.750017 -0.000198 1.299027	</row2>
			<row3>	-241.308823 -23.211969 498.538605	</row3>
		</transform>
		<clientOnly>	false	</clientOnly>
		<properties>
			<modelNumber>	gw5214	</modelNumber>
			<modelScale>	1.500000	</modelScale>
			<festival_key>	new_year_env	</festival_key>
			<patrolPathNode>	</patrolPathNode>
		</properties>
	</entity_79>
	<entity_80>
		<type>	EnvironmentObject	</type>
		<transform>
			<row0>	0.865963 0.008858 0.499992	</row0>
			<row1>	-0.008859 0.999944 -0.002374	</row1>
			<row2>	-0.499992 -0.002374 0.866005	</row2>
			<row3>	-244.707520 -18.974489 494.987396	</row3>
		</transform>
		<clientOnly>	false	</clientOnly>
		<properties>
			<modelNumber>	gw5214	</modelNumber>
			<modelScale>	0.999981	</modelScale>
			<festival_key>	new_year_env	</festival_key>
			<patrolPathNode>	</patrolPathNode>
		</properties>
	</entity_80>
	<entity_81>
		<type>	EnvironmentObject	</type>
		<transform>
			<row0>	0.865963 0.008858 0.499992	</row0>
			<row1>	-0.008859 0.999944 -0.002374	</row1>
			<row2>	-0.499992 -0.002374 0.866005	</row2>
			<row3>	-245.371643 -18.893299 497.868744	</row3>
		</transform>
		<clientOnly>	false	</clientOnly>
		<properties>
			<modelNumber>	gw5214	</modelNumber>
			<modelScale>	0.999981	</modelScale>
			<festival_key>	new_year_env	</festival_key>
			<patrolPathNode>	</patrolPathNode>
		</properties>
	</entity_81>
	<entity_82>
		<type>	EnvironmentObject	</type>
		<transform>
			<row0>	-0.870698 0.000000 -0.491775	</row0>
			<row1>	0.000000 -0.999982 0.000000	</row1>
			<row2>	-0.491776 0.000000 0.870698	</row2>
			<row3>	-266.077423 -23.073475 497.810211	</row3>
		</transform>
		<clientOnly>	false	</clientOnly>
		<properties>
			<modelNumber>	gw5544	</modelNumber>
			<modelScale>	0.999979	</modelScale>
			<festival_key>	new_year_env	</festival_key>
			<patrolPathNode>	</patrolPathNode>
		</properties>
	</entity_82>
	<entity_83>
		<type>	EnvironmentObject	</type>
		<transform>
			<row0>	0.499491 0.004580 -0.865152	</row0>
			<row1>	-0.009163 0.998962 0.000000	</row1>
			<row2>	0.865115 0.007935 0.499511	</row2>
			<row3>	-277.929840 -27.054018 490.596863	</row3>
		</transform>
		<clientOnly>	false	</clientOnly>
		<properties>
			<modelNumber>	gw5527	</modelNumber>
			<modelScale>	0.999000	</modelScale>
			<festival_key>	new_year_env	</festival_key>
			<patrolPathNode>	</patrolPathNode>
		</properties>
	</entity_83>
	<entity_84>
		<type>	EnvironmentObject	</type>
		<transform>
			<row0>	-0.499984 -0.004587 0.866006	</row0>
			<row1>	-0.009172 0.999947 0.000000	</row1>
			<row2>	-0.865968 -0.007943 -0.500004	</row2>
			<row3>	-284.164581 -27.040562 486.819214	</row3>
		</transform>
		<clientOnly>	false	</clientOnly>
		<properties>
			<modelNumber>	gw5527	</modelNumber>
			<modelScale>	0.999986	</modelScale>
			<festival_key>	new_year_env	</festival_key>
			<patrolPathNode>	</patrolPathNode>
		</properties>
	</entity_84>
	<entity_85>
		<type>	EnvironmentObject	</type>
		<transform>
			<row0>	-0.345614 -0.000231 0.601815	</row0>
			<row1>	-0.000169 0.693998 0.000169	</row1>
			<row2>	-0.601816 -0.000063 -0.345614	</row2>
			<row3>	-277.733276 -23.394753 490.746826	</row3>
		</transform>
		<clientOnly>	false	</clientOnly>
		<properties>
			<modelNumber>	gw5526	</modelNumber>
			<modelScale>	0.694000	</modelScale>
			<festival_key>	new_year_env	</festival_key>
			<patrolPathNode>	</patrolPathNode>
		</properties>
	</entity_85>
	<entity_86>
		<type>	EnvironmentObject	</type>
		<transform>
			<row0>	-0.879877 0.000000 -0.475156	</row0>
			<row1>	0.000000 -0.999981 0.000001	</row1>
			<row2>	-0.475156 0.000001 0.879877	</row2>
			<row3>	-273.994812 -23.597578 483.940033	</row3>
		</transform>
		<clientOnly>	false	</clientOnly>
		<properties>
			<modelNumber>	gw5544	</modelNumber>
			<modelScale>	0.999978	</modelScale>
			<festival_key>	new_year_env	</festival_key>
			<patrolPathNode>	</patrolPathNode>
		</properties>
	</entity_86>
	<entity_87>
		<type>	EnvironmentObject	</type>
		<transform>
			<row0>	0.495059 0.006069 0.285796	</row0>
			<row1>	-0.002226 0.571602 -0.008284	</row1>
			<row2>	-0.285851 0.006061 0.495026	</row2>
			<row3>	-278.701569 -25.674917 481.221527	</row3>
		</transform>
		<clientOnly>	false	</clientOnly>
		<properties>
			<modelNumber>	gw5541	</modelNumber>
			<modelScale>	0.571664	</modelScale>
			<festival_key>	new_year_env	</festival_key>
			<patrolPathNode>	</patrolPathNode>
		</properties>
	</entity_87>
	<entity_88>
		<type>	EnvironmentObject	</type>
		<transform>
			<row0>	0.519590 0.006454 0.299957	</row0>
			<row1>	-0.002420 0.599925 -0.008717	</row1>
			<row2>	-0.300015 0.006340 0.519556	</row2>
			<row3>	-276.623230 -25.049656 482.420685	</row3>
		</transform>
		<clientOnly>	false	</clientOnly>
		<properties>
			<modelNumber>	gw5536	</modelNumber>
			<modelScale>	0.599991	</modelScale>
			<festival_key>	new_year_env	</festival_key>
			<patrolPathNode>	</patrolPathNode>
		</properties>
	</entity_88>
	<entity_89>
		<type>	EnvironmentObject	</type>
		<transform>
			<row0>	0.519590 0.006191 0.299960	</row0>
			<row1>	-0.002159 0.599926 -0.008645	</row1>
			<row2>	-0.300014 0.006407 0.519554	</row2>
			<row3>	-277.694122 -25.066195 481.808807	</row3>
		</transform>
		<clientOnly>	false	</clientOnly>
		<properties>
			<modelNumber>	gw5537	</modelNumber>
			<modelScale>	0.599990	</modelScale>
			<festival_key>	new_year_env	</festival_key>
			<patrolPathNode>	</patrolPathNode>
		</properties>
	</entity_89>
	<entity_90>
		<type>	EnvironmentObject	</type>
		<transform>
			<row0>	-0.822781 0.000006 -0.568317	</row0>
			<row1>	0.000008 -0.999979 -0.000024	</row1>
			<row2>	-0.568317 -0.000024 0.822782	</row2>
