<root>
	<entity_1>
		<type>	Flock	</type>
		<transform>
			<row0>	0.965923 0.000000 0.258818	</row0>
			<row1>	0.000000 0.999998 0.000000	</row1>
			<row2>	-0.258818 0.000000 0.965923	</row2>
			<row3>	-157.186905 -12.713166 -470.040283	</row3>
		</transform>
		<clientOnly>	true	</clientOnly>
		<properties>
			<maxFlightTime>	200.000000	</maxFlightTime>
			<modelFile>	space/tong_yong/dong_wu/dong_wu/ty_niao_001.model	</modelFile>
			<amount>	3	</amount>
			<modelScale>	1.000000	</modelScale>
			<radius>	32.000000	</radius>
			<approachRadius>	10.000000	</approachRadius>
			<collisionFraction>	0.500000	</collisionFraction>
			<influenceRadius>	10.000000	</influenceRadius>
			<speed>	0.500000	</speed>
			<stopRadius>	1.000000	</stopRadius>
			<patrolPathNode>	</patrolPathNode>
		</properties>
	</entity_1>
	<entity_2>
		<type>	MonsterSpawnPoint	</type>
		<transform>
			<row0>	0.965847 0.000000 -0.258799	</row0>
			<row1>	0.000000 0.999964 0.000000	</row1>
			<row2>	0.258799 0.000000 0.965847	</row2>
			<row3>	-134.699997 -34.310539 -298.700012	</row3>
		</transform>
		<clientOnly>	false	</clientOnly>
		<properties>
			<entityName>	20631002	</entityName>
			<rediviousTime>	30.000000	</rediviousTime>
			<rediviousTotal>	1	</rediviousTotal>
			<randomWalkRange>	3.000000	</randomWalkRange>
			<patrolList>	</patrolList>
			<lineNumber>	0	</lineNumber>
			<patrolPathNode>	</patrolPathNode>
		</properties>
	</entity_2>
	<entity_3>
		<type>	MonsterSpawnPoint	</type>
		<transform>
			<row0>	0.965850 0.000000 0.258798	</row0>
			<row1>	0.000000 0.999963 0.000000	</row1>
			<row2>	-0.258798 0.000000 0.965850	</row2>
			<row3>	-143.600006 -34.406242 -275.299988	</row3>
		</transform>
		<clientOnly>	false	</clientOnly>
		<properties>
			<entityName>	20631002	</entityName>
			<rediviousTime>	30.000000	</rediviousTime>
			<rediviousTotal>	1	</rediviousTotal>
			<randomWalkRange>	3.000000	</randomWalkRange>
			<patrolList>	</patrolList>
			<lineNumber>	0	</lineNumber>
			<patrolPathNode>	</patrolPathNode>
		</properties>
	</entity_3>
	<entity_4>
		<type>	MonsterSpawnPoint	</type>
		<transform>
			<row0>	0.707049 0.000000 -0.707050	</row0>
			<row1>	0.000000 0.999964 0.000000	</row1>
			<row2>	0.707050 0.000000 0.707049	</row2>
			<row3>	-169.300003 -34.183586 -262.299988	</row3>
		</transform>
		<clientOnly>	false	</clientOnly>
		<properties>
			<entityName>	20631002	</entityName>
			<rediviousTime>	30.000000	</rediviousTime>
			<rediviousTotal>	1	</rediviousTotal>
			<randomWalkRange>	3.000000	</randomWalkRange>
			<patrolList>	</patrolList>
			<lineNumber>	0	</lineNumber>
			<patrolPathNode>	</patrolPathNode>
		</properties>
	</entity_4>
	<entity_5>
		<type>	MonsterSpawnPoint	</type>
		<transform>
			<row0>	0.707049 0.000000 -0.707049	</row0>
			<row1>	0.000000 0.999963 0.000000	</row1>
			<row2>	0.707049 0.000000 0.707049	</row2>
			<row3>	-155.300003 -34.794914 -289.399994	</row3>
		</transform>
		<clientOnly>	false	</clientOnly>
		<properties>
			<entityName>	20632001	</entityName>
			<rediviousTime>	300.000000	</rediviousTime>
			<rediviousTotal>	1	</rediviousTotal>
			<randomWalkRange>	12.000000	</randomWalkRange>
			<patrolList>	</patrolList>
			<lineNumber>	0	</lineNumber>
			<patrolPathNode>	</patrolPathNode>
		</properties>
	</entity_5>
	<entity_6>
		<type>	MonsterSpawnPoint	</type>
		<transform>
			<row0>	0.707054 0.000000 0.707054	</row0>
			<row1>	0.000000 0.999966 0.000000	</row1>
			<row2>	-0.707054 0.000000 0.707054	</row2>
			<row3>	-100.311096 -36.599602 -170.036575	</row3>
		</transform>
		<clientOnly>	false	</clientOnly>
		<properties>
			<entityName>	20741001	</entityName>
			<rediviousTime>	30.000000	</rediviousTime>
			<rediviousTotal>	1	</rediviousTotal>
			<randomWalkRange>	3.000000	</randomWalkRange>
			<patrolList>	</patrolList>
			<lineNumber>	0	</lineNumber>
			<patrolPathNode>	</patrolPathNode>
		</properties>
	</entity_6>
	<entity_7>
		<type>	MonsterSpawnPoint	</type>
		<transform>
			<row0>	-0.865966 0.000000 -0.499966	</row0>
			<row1>	0.000000 0.999967 0.000000	</row1>
			<row2>	0.499966 0.000000 -0.865966	</row2>
			<row3>	-127.471031 -36.650383 -115.186569	</row3>
		</transform>
		<clientOnly>	false	</clientOnly>
		<properties>
			<entityName>	20741001	</entityName>
			<rediviousTime>	30.000000	</rediviousTime>
			<rediviousTotal>	1	</rediviousTotal>
			<randomWalkRange>	3.000000	</randomWalkRange>
			<patrolList>	</patrolList>
			<lineNumber>	0	</lineNumber>
			<patrolPathNode>	</patrolPathNode>
		</properties>
	</entity_7>
	<entity_8>
		<type>	MonsterSpawnPoint	</type>
		<transform>
			<row0>	-0.865965 0.000000 -0.499966	</row0>
			<row1>	0.000000 0.999967 0.000000	</row1>
			<row2>	0.499966 0.000000 -0.865965	</row2>
			<row3>	-116.078934 -36.650383 -106.510399	</row3>
		</transform>
		<clientOnly>	false	</clientOnly>
		<properties>
			<entityName>	20741001	</entityName>
			<rediviousTime>	30.000000	</rediviousTime>
			<rediviousTotal>	1	</rediviousTotal>
			<randomWalkRange>	3.000000	</randomWalkRange>
			<patrolList>	</patrolList>
			<lineNumber>	0	</lineNumber>
			<patrolPathNode>	</patrolPathNode>
		</properties>
	</entity_8>
	<entity_9>
		<type>	MonsterSpawnPoint	</type>
		<transform>
			<row0>	-0.499966 0.000000 0.865965	</row0>
			<row1>	0.000000 0.999967 0.000000	</row1>
			<row2>	-0.865965 0.000000 -0.499966	</row2>
			<row3>	-109.732376 -36.650383 -118.806717	</row3>
		</transform>
		<clientOnly>	false	</clientOnly>
		<properties>
			<entityName>	20741001	</entityName>
			<rediviousTime>	30.000000	</rediviousTime>
			<rediviousTotal>	1	</rediviousTotal>
			<randomWalkRange>	3.000000	</randomWalkRange>
			<patrolList>	</patrolList>
			<lineNumber>	0	</lineNumber>
			<patrolPathNode>	</patrolPathNode>
		</properties>
	</entity_9>
	<entity_10>
		<type>	MonsterSpawnPoint	</type>
		<transform>
			<row0>	-0.865965 0.000000 0.499965	</row0>
			<row1>	0.000000 0.999967 0.000000	</row1>
			<row2>	-0.499965 0.000000 -0.865965	</row2>
			<row3>	-125.702164 -36.650383 -125.180473	</row3>
		</transform>
		<clientOnly>	false	</clientOnly>
		<properties>
			<entityName>	20741001	</entityName>
			<rediviousTime>	30.000000	</rediviousTime>
			<rediviousTotal>	1	</rediviousTotal>
			<randomWalkRange>	3.000000	</randomWalkRange>
			<patrolList>	</patrolList>
			<lineNumber>	0	</lineNumber>
			<patrolPathNode>	</patrolPathNode>
		</properties>
	</entity_10>
	<entity_11>
		<type>	MonsterSpawnPoint	</type>
		<transform>
			<row0>	-0.865965 0.000000 0.499965	</row0>
			<row1>	0.000000 0.999967 0.000000	</row1>
			<row2>	-0.499965 0.000000 -0.865965	</row2>
			<row3>	-127.403847 -36.650383 -144.276337	</row3>
		</transform>
		<clientOnly>	false	</clientOnly>
		<properties>
			<entityName>	20741001	</entityName>
			<rediviousTime>	30.000000	</rediviousTime>
			<rediviousTotal>	1	</rediviousTotal>
			<randomWalkRange>	3.000000	</randomWalkRange>
			<patrolList>	</patrolList>
			<lineNumber>	0	</lineNumber>
			<patrolPathNode>	</patrolPathNode>
		</properties>
	</entity_11>
	<entity_12>
		<type>	MonsterSpawnPoint	</type>
		<transform>
			<row0>	0.865962 0.000000 0.499964	</row0>
			<row1>	0.000000 0.999966 0.000000	</row1>
			<row2>	-0.499964 0.000000 0.865962	</row2>
			<row3>	-120.200005 -36.650383 -162.300003	</row3>
		</transform>
		<clientOnly>	false	</clientOnly>
		<properties>
			<entityName>	20742002	</entityName>
			<rediviousTime>	300.000000	</rediviousTime>
			<rediviousTotal>	1	</rediviousTotal>
			<randomWalkRange>	12.000000	</randomWalkRange>
			<patrolList>	</patrolList>
			<lineNumber>	0	</lineNumber>
			<patrolPathNode>	</patrolPathNode>
		</properties>
	</entity_12>
	<entity_13>
		<type>	MonsterSpawnPoint	</type>
		<transform>
			<row0>	0.999927 0.000000 0.000000	</row0>
			<row1>	0.000000 0.999966 0.000000	</row1>
			<row2>	0.000000 0.000000 0.999927	</row2>
			<row3>	-115.500000 -36.580070 -151.500000	</row3>
		</transform>
		<clientOnly>	false	</clientOnly>
		<properties>
			<entityName>	20741001	</entityName>
			<rediviousTime>	30.000000	</rediviousTime>
			<rediviousTotal>	1	</rediviousTotal>
			<randomWalkRange>	3.000000	</randomWalkRange>
			<patrolList>	</patrolList>
			<lineNumber>	0	</lineNumber>
			<patrolPathNode>	</patrolPathNode>
		</properties>
	</entity_13>
	<entity_14>
		<type>	MonsterSpawnPoint	</type>
		<transform>
			<row0>	0.865962 0.000000 -0.499963	</row0>
			<row1>	0.000000 0.999966 0.000000	</row1>
			<row2>	0.499963 0.000000 0.865962	</row2>
			<row3>	-106.500000 -35.410149 -141.100006	</row3>
		</transform>
		<clientOnly>	false	</clientOnly>
		<properties>
			<entityName>	20741001	</entityName>
			<rediviousTime>	30.000000	</rediviousTime>
			<rediviousTotal>	1	</rediviousTotal>
			<randomWalkRange>	3.000000	</randomWalkRange>
			<patrolList>	</patrolList>
			<lineNumber>	0	</lineNumber>
			<patrolPathNode>	</patrolPathNode>
		</properties>
	</entity_14>
	<entity_15>
		<type>	QuestBox	</type>
		<transform>
			<row0>	0.866023 0.000000 -0.499998	</row0>
			<row1>	0.000000 0.999999 0.000000	</row1>
			<row2>	0.499998 0.000000 0.866023	</row2>
			<row3>	-101.220779 -35.613274 -145.272324	</row3>
		</transform>
		<clientOnly>	false	</clientOnly>
		<properties>
			<className>	30111128	</className>
			<rediviousTime>	5.000000	</rediviousTime>
			<patrolPathNode>	</patrolPathNode>
		</properties>
	</entity_15>
	<entity_16>
		<type>	QuestBox	</type>
		<transform>
			<row0>	0.999997 0.000000 0.000000	</row0>
			<row1>	0.000000 0.999999 0.000000	</row1>
			<row2>	0.000000 0.000000 0.999997	</row2>
			<row3>	-102.051941 -35.246086 -133.015457	</row3>
		</transform>
		<clientOnly>	false	</clientOnly>
		<properties>
			<className>	30111128	</className>
			<rediviousTime>	5.000000	</rediviousTime>
			<patrolPathNode>	</patrolPathNode>
		</properties>
	</entity_16>
	<entity_17>
		<type>	MonsterSpawnPoint	</type>
		<transform>
			<row0>	-0.499973 0.000000 -0.865981	</row0>
			<row1>	0.000000 0.999976 0.000000	</row1>
			<row2>	0.865981 0.000000 -0.499973	</row2>
			<row3>	-151.479553 -36.423820 193.272461	</row3>
		</transform>
		<clientOnly>	false	</clientOnly>
		<properties>
			<entityName>	20321006	</entityName>
			<rediviousTime>	30.000000	</rediviousTime>
			<rediviousTotal>	1	</rediviousTotal>
			<randomWalkRange>	3.000000	</randomWalkRange>
			<patrolList>	</patrolList>
			<lineNumber>	0	</lineNumber>
			<patrolPathNode>	</patrolPathNode>
		</properties>
	</entity_17>
	<entity_18>
		<type>	MonsterSpawnPoint	</type>
		<transform>
			<row0>	-0.000002 0.000000 0.999948	</row0>
			<row1>	0.000000 0.999975 0.000000	</row1>
			<row2>	-0.999948 0.000000 -0.000002	</row2>
			<row3>	-159.600571 -33.414055 158.077423	</row3>
		</transform>
		<clientOnly>	false	</clientOnly>
		<properties>
			<entityName>	20321006	</entityName>
			<rediviousTime>	30.000000	</rediviousTime>
			<rediviousTotal>	1	</rediviousTotal>
			<randomWalkRange>	3.000000	</randomWalkRange>
			<patrolList>	</patrolList>
			<lineNumber>	0	</lineNumber>
			<patrolPathNode>	</patrolPathNode>
		</properties>
	</entity_18>
	<entity_19>
		<type>	MonsterSpawnPoint	</type>
		<transform>
			<row0>	0.499972 0.000000 0.865981	</row0>
			<row1>	0.000000 0.999976 0.000000	</row1>
			<row2>	-0.865981 0.000000 0.499972	</row2>
			<row3>	-182.202713 -36.601555 160.795990	</row3>
		</transform>
		<clientOnly>	false	</clientOnly>
		<properties>
			<entityName>	20321006	</entityName>
			<rediviousTime>	30.000000	</rediviousTime>
			<rediviousTotal>	1	</rediviousTotal>
			<randomWalkRange>	3.000000	</randomWalkRange>
			<patrolList>	</patrolList>
			<lineNumber>	0	</lineNumber>
			<patrolPathNode>	</patrolPathNode>
		</properties>
	</entity_19>
	<entity_20>
		<type>	MonsterSpawnPoint	</type>
		<transform>
			<row0>	0.499972 0.000000 0.865981	</row0>
			<row1>	0.000000 0.999976 0.000000	</row1>
			<row2>	-0.865981 0.000000 0.499972	</row2>
			<row3>	-177.709122 -36.628899 181.492889	</row3>
		</transform>
		<clientOnly>	false	</clientOnly>
		<properties>
			<entityName>	20321006	</entityName>
			<rediviousTime>	30.000000	</rediviousTime>
			<rediviousTotal>	1	</rediviousTotal>
			<randomWalkRange>	3.000000	</randomWalkRange>
			<patrolList>	</patrolList>
			<lineNumber>	0	</lineNumber>
			<patrolPathNode>	</patrolPathNode>
		</properties>
	</entity_20>
	<entity_21>
		<type>	MonsterSpawnPoint	</type>
		<transform>
			<row0>	-0.499975 0.000000 0.865979	</row0>
			<row1>	0.000000 0.999976 0.000000	</row1>
			<row2>	-0.865979 0.000000 -0.499975	</row2>
			<row3>	-166.859344 -36.277336 169.451477	</row3>
		</transform>
		<clientOnly>	false	</clientOnly>
		<properties>
			<entityName>	20321006	</entityName>
			<rediviousTime>	30.000000	</rediviousTime>
			<rediviousTotal>	1	</rediviousTotal>
			<randomWalkRange>	3.000000	</randomWalkRange>
			<patrolList>	</patrolList>
			<lineNumber>	0	</lineNumber>
			<patrolPathNode>	</patrolPathNode>
		</properties>
	</entity_21>
	<entity_22>
		<type>	MonsterSpawnPoint	</type>
		<transform>
			<row0>	-0.707071 0.000000 0.707067	</row0>
			<row1>	0.000000 0.999975 0.000000	</row1>
			<row2>	-0.707067 0.000000 -0.707071	</row2>
			<row3>	-155.522247 -33.666008 176.361084	</row3>
		</transform>
		<clientOnly>	false	</clientOnly>
		<properties>
			<entityName>	20321006	</entityName>
			<rediviousTime>	30.000000	</rediviousTime>
			<rediviousTotal>	1	</rediviousTotal>
			<randomWalkRange>	3.000000	</randomWalkRange>
			<patrolList>	</patrolList>
			<lineNumber>	0	</lineNumber>
			<patrolPathNode>	</patrolPathNode>
		</properties>
	</entity_22>
	<entity_23>
		<type>	MonsterSpawnPoint	</type>
		<transform>
			<row0>	-0.258804 0.000000 -0.965878	</row0>
			<row1>	0.000000 0.999976 0.000000	</row1>
			<row2>	0.965878 0.000000 -0.258804	</row2>
			<row3>	-112.429314 -31.890621 189.392181	</row3>
		</transform>
		<clientOnly>	false	</clientOnly>
		<properties>
			<entityName>	20321006	</entityName>
			<rediviousTime>	30.000000	</rediviousTime>
			<rediviousTotal>	1	</rediviousTotal>
			<randomWalkRange>	3.000000	</randomWalkRange>
			<patrolList>	</patrolList>
			<lineNumber>	0	</lineNumber>
			<patrolPathNode>	</patrolPathNode>
		</properties>
	</entity_23>
	<entity_24>
		<type>	MonsterSpawnPoint	</type>
		<transform>
			<row0>	0.258808 0.000000 -0.965876	</row0>
			<row1>	0.000000 0.999977 0.000000	</row1>
			<row2>	0.965876 0.000000 0.258808	</row2>
			<row3>	-124.567482 -32.179680 198.359009	</row3>
		</transform>
		<clientOnly>	false	</clientOnly>
		<properties>
			<entityName>	20321006	</entityName>
			<rediviousTime>	30.000000	</rediviousTime>
			<rediviousTotal>	1	</rediviousTotal>
			<randomWalkRange>	3.000000	</randomWalkRange>
			<patrolList>	</patrolList>
			<lineNumber>	0	</lineNumber>
			<patrolPathNode>	</patrolPathNode>
		</properties>
	</entity_24>
	<entity_25>
		<type>	MonsterSpawnPoint	</type>
		<transform>
			<row0>	-0.865978 0.000000 -0.499975	</row0>
			<row1>	0.000000 0.999975 0.000000	</row1>
			<row2>	0.499975 0.000000 -0.865978	</row2>
			<row3>	-106.181801 -30.285152 159.535614	</row3>
		</transform>
		<clientOnly>	false	</clientOnly>
		<properties>
			<entityName>	20321006	</entityName>
			<rediviousTime>	30.000000	</rediviousTime>
			<rediviousTotal>	1	</rediviousTotal>
			<randomWalkRange>	3.000000	</randomWalkRange>
			<patrolList>	</patrolList>
			<lineNumber>	0	</lineNumber>
			<patrolPathNode>	</patrolPathNode>
		</properties>
	</entity_25>
	<entity_26>
		<type>	MonsterSpawnPoint	</type>
		<transform>
			<row0>	-0.965875 0.000000 0.258803	</row0>
			<row1>	0.000000 0.999975 0.000000	</row1>
			<row2>	-0.258803 0.000000 -0.965875	</row2>
			<row3>	-127.126579 -31.087887 163.856049	</row3>
		</transform>
		<clientOnly>	false	</clientOnly>
		<properties>
			<entityName>	20321006	</entityName>
			<rediviousTime>	30.000000	</rediviousTime>
			<rediviousTotal>	1	</rediviousTotal>
			<randomWalkRange>	3.000000	</randomWalkRange>
			<patrolList>	</patrolList>
			<lineNumber>	0	</lineNumber>
			<patrolPathNode>	</patrolPathNode>
		</properties>
	</entity_26>
	<entity_27>
		<type>	MonsterSpawnPoint	</type>
		<transform>
			<row0>	-0.258804 0.000000 -0.965876	</row0>
			<row1>	0.000000 0.999976 0.000000	</row1>
			<row2>	0.965876 0.000000 -0.258804	</row2>
			<row3>	-162.991959 -36.591789 204.719086	</row3>
		</transform>
		<clientOnly>	false	</clientOnly>
		<properties>
			<entityName>	20321006	</entityName>
			<rediviousTime>	30.000000	</rediviousTime>
			<rediviousTotal>	1	</rediviousTotal>
			<randomWalkRange>	3.000000	</randomWalkRange>
			<patrolList>	</patrolList>
			<lineNumber>	0	</lineNumber>
			<patrolPathNode>	</patrolPathNode>
		</properties>
	</entity_27>
	<entity_28>
		<type>	MonsterSpawnPoint	</type>
		<transform>
			<row0>	0.965877 0.000000 -0.258804	</row0>
			<row1>	0.000000 0.999976 0.000000	</row1>
			<row2>	0.258804 0.000000 0.965877	</row2>
			<row3>	-110.887093 -29.056637 218.613678	</row3>
		</transform>
		<clientOnly>	false	</clientOnly>
		<properties>
			<entityName>	20322001	</entityName>
			<rediviousTime>	300.000000	</rediviousTime>
			<rediviousTotal>	1	</rediviousTotal>
			<randomWalkRange>	12.000000	</randomWalkRange>
			<patrolList>	</patrolList>
			<lineNumber>	0	</lineNumber>
			<patrolPathNode>	</patrolPathNode>
		</properties>
	</entity_28>
	<entity_29>
		<type>	MonsterSpawnPoint	</type>
		<transform>
			<row0>	-0.499973 0.000000 -0.865983	</row0>
			<row1>	0.000000 0.999976 0.000000	</row1>
			<row2>	0.865983 0.000000 -0.499973	</row2>
			<row3>	-111.127220 -30.656246 201.789886	</row3>
		</transform>
		<clientOnly>	false	</clientOnly>
		<properties>
			<entityName>	20321006	</entityName>
			<rediviousTime>	30.000000	</rediviousTime>
			<rediviousTotal>	1	</rediviousTotal>
			<randomWalkRange>	3.000000	</randomWalkRange>
			<patrolList>	</patrolList>
			<lineNumber>	0	</lineNumber>
			<patrolPathNode>	</patrolPathNode>
		</properties>
	</entity_29>
	<entity_30>
		<type>	Flock	</type>
		<transform>
			<row0>	-0.499999 0.000000 -0.866022	</row0>
			<row1>	0.000000 0.999997 0.000000	</row1>
			<row2>	0.866022 0.000000 -0.499999	</row2>
			<row3>	-85.315895 -7.530405 -480.024872	</row3>
		</transform>
		<clientOnly>	true	</clientOnly>
		<properties>
			<maxFlightTime>	200.000000	</maxFlightTime>
			<modelFile>	space/tong_yong/dong_wu/dong_wu/ty_niao_001.model	</modelFile>
			<amount>	3	</amount>
			<modelScale>	1.000000	</modelScale>
			<radius>	32.000000	</radius>
			<approachRadius>	10.000000	</approachRadius>
			<collisionFraction>	0.500000	</collisionFraction>
			<influenceRadius>	10.000000	</influenceRadius>
			<speed>	0.500000	</speed>
			<stopRadius>	1.000000	</stopRadius>
			<patrolPathNode>	</patrolPathNode>
		</properties>
	</entity_30>
	<entity_31>
		<type>	Flock	</type>
		<transform>
			<row0>	0.707102 0.002830 -0.707098	</row0>
			<row1>	-0.000500 0.999989 0.003502	</row1>
			<row2>	0.707103 -0.002123 0.707099	</row2>
			<row3>	-89.687363 -28.769001 -333.186829	</row3>
		</transform>
		<clientOnly>	true	</clientOnly>
		<properties>
			<maxFlightTime>	200.000000	</maxFlightTime>
			<modelFile>	space/tong_yong/dong_wu/dong_wu/ty_hu_die_004.model	</modelFile>
			<amount>	4	</amount>
			<modelScale>	1.000000	</modelScale>
			<radius>	4.000000	</radius>
			<approachRadius>	5.000000	</approachRadius>
			<collisionFraction>	10.000000	</collisionFraction>
			<influenceRadius>	1.000000	</influenceRadius>
			<speed>	0.030000	</speed>
			<stopRadius>	1.000000	</stopRadius>
			<patrolPathNode>	</patrolPathNode>
		</properties>
	</entity_31>
	<entity_32>
		<type>	Flock	</type>
		<transform>
			<row0>	0.999998 0.000000 0.000000	</row0>
			<row1>	0.000000 0.999998 0.000000	</row1>
			<row2>	0.000000 0.000000 0.999998	</row2>
			<row3>	-9.828186 -6.472005 -307.861359	</row3>
		</transform>
		<clientOnly>	true	</clientOnly>
		<properties>
			<maxFlightTime>	200.000000	</maxFlightTime>
			<modelFile>	creature/maque/ty_niao_002.model	</modelFile>
			<amount>	3	</amount>
			<modelScale>	1.000000	</modelScale>
			<radius>	20.000000	</radius>
			<approachRadius>	10.000000	</approachRadius>
			<collisionFraction>	0.500000	</collisionFraction>
			<influenceRadius>	10.000000	</influenceRadius>
			<speed>	0.200000	</speed>
			<stopRadius>	1.000000	</stopRadius>
			<patrolPathNode>	</patrolPathNode>
		</properties>
	</entity_32>
	<entity_33>
		<type>	MonsterSpawnPoint	</type>
		<transform>
			<row0>	-0.258798 0.000000 0.965849	</row0>
			<row1>	0.000000 0.999964 0.000000	</row1>
			<row2>	-0.965849 0.000000 -0.258798	</row2>
			<row3>	-69.518707 -31.681637 -327.389160	</row3>
		</transform>
		<clientOnly>	false	</clientOnly>
		<properties>
			<entityName>	20631002	</entityName>
			<rediviousTime>	30.000000	</rediviousTime>
			<rediviousTotal>	1	</rediviousTotal>
			<randomWalkRange>	3.000000	</randomWalkRange>
			<patrolList>	</patrolList>
			<lineNumber>	0	</lineNumber>
			<patrolPathNode>	</patrolPathNode>
		</properties>
	</entity_33>
	<entity_34>
		<type>	MonsterSpawnPoint	</type>
		<transform>
			<row0>	-0.258799 0.000000 -0.965850	</row0>
			<row1>	0.000000 0.999963 0.000000	</row1>
			<row2>	0.965850 0.000000 -0.258799	</row2>
			<row3>	-22.700005 -29.494137 -300.399994	</row3>
		</transform>
		<clientOnly>	false	</clientOnly>
		<properties>
			<entityName>	20631002	</entityName>
			<rediviousTime>	30.000000	</rediviousTime>
			<rediviousTotal>	1	</rediviousTotal>
			<randomWalkRange>	3.000000	</randomWalkRange>
			<patrolList>	</patrolList>
			<lineNumber>	0	</lineNumber>
			<patrolPathNode>	</patrolPathNode>
		</properties>
	</entity_34>
	<entity_35>
		<type>	MonsterSpawnPoint	</type>
		<transform>
			<row0>	-0.965848 0.000000 -0.258798	</row0>
			<row1>	0.000000 0.999964 0.000000	</row1>
			<row2>	0.258798 0.000000 -0.965848	</row2>
			<row3>	-22.300003 -29.162106 -356.899994	</row3>
		</transform>
		<clientOnly>	false	</clientOnly>
		<properties>
			<entityName>	20631002	</entityName>
			<rediviousTime>	30.000000	</rediviousTime>
			<rediviousTotal>	1	</rediviousTotal>
			<randomWalkRange>	3.000000	</randomWalkRange>
			<patrolList>	</patrolList>
			<lineNumber>	0	</lineNumber>
			<patrolPathNode>	</patrolPathNode>
		</properties>
	</entity_35>
	<entity_36>
		<type>	MonsterSpawnPoint	</type>
		<transform>
			<row0>	0.965850 0.000000 -0.258799	</row0>
			<row1>	0.000000 0.999964 0.000000	</row1>
			<row2>	0.258799 0.000000 0.965850	</row2>
			<row3>	-35.100006 -31.769527 -313.299988	</row3>
		</transform>
		<clientOnly>	false	</clientOnly>
		<properties>
			<entityName>	20631002	</entityName>
			<rediviousTime>	30.000000	</rediviousTime>
			<rediviousTotal>	1	</rediviousTotal>
			<randomWalkRange>	3.000000	</randomWalkRange>
			<patrolList>	</patrolList>
			<lineNumber>	0	</lineNumber>
			<patrolPathNode>	</patrolPathNode>
		</properties>
	</entity_36>
	<entity_37>
		<type>	MonsterSpawnPoint	</type>
		<transform>
			<row0>	-0.499960 0.000000 0.865956	</row0>
			<row1>	0.000000 0.999964 0.000000	</row1>
			<row2>	-0.865956 0.000000 -0.499960	</row2>
			<row3>	-47.700008 -31.345699 -336.600006	</row3>
		</transform>
		<clientOnly>	false	</clientOnly>
		<properties>
			<entityName>	20631002	</entityName>
			<rediviousTime>	30.000000	</rediviousTime>
			<rediviousTotal>	1	</rediviousTotal>
			<randomWalkRange>	3.000000	</randomWalkRange>
			<patrolList>	</patrolList>
			<lineNumber>	0	</lineNumber>
			<patrolPathNode>	</patrolPathNode>
		</properties>
	</entity_37>
	<entity_38>
		<type>	MonsterSpawnPoint	</type>
		<transform>
			<row0>	0.965850 0.000000 0.258798	</row0>
			<row1>	0.000000 0.999963 0.000000	</row1>
			<row2>	-0.258798 0.000000 0.965850	</row2>
			<row3>	-54.000004 -30.550777 -311.399994	</row3>
		</transform>
		<clientOnly>	false	</clientOnly>
		<properties>
			<entityName>	20631002	</entityName>
			<rediviousTime>	30.000000	</rediviousTime>
			<rediviousTotal>	1	</rediviousTotal>
			<randomWalkRange>	3.000000	</randomWalkRange>
			<patrolList>	</patrolList>
			<lineNumber>	0	</lineNumber>
			<patrolPathNode>	</patrolPathNode>
		</properties>
	</entity_38>
	<entity_39>
		<type>	MonsterSpawnPoint	</type>
		<transform>
			<row0>	-0.865955 0.000000 -0.499960	</row0>
			<row1>	0.000000 0.999963 0.000000	</row1>
			<row2>	0.499960 0.000000 -0.865955	</row2>
			<row3>	-29.600006 -31.546871 -340.600006	</row3>
		</transform>
		<clientOnly>	false	</clientOnly>
		<properties>
			<entityName>	20631002	</entityName>
			<rediviousTime>	30.000000	</rediviousTime>
			<rediviousTotal>	1	</rediviousTotal>
			<randomWalkRange>	3.000000	</randomWalkRange>
			<patrolList>	</patrolList>
			<lineNumber>	0	</lineNumber>
			<patrolPathNode>	</patrolPathNode>
		</properties>
	</entity_39>
	<entity_40>
		<type>	MonsterSpawnPoint	</type>
		<transform>
			<row0>	-0.707051 0.000000 -0.707051	</row0>
			<row1>	0.000000 0.999962 0.000000	</row1>
			<row2>	0.707051 0.000000 -0.707051	</row2>
			<row3>	-11.400002 -29.964840 -323.100006	</row3>
		</transform>
		<clientOnly>	false	</clientOnly>
		<properties>
			<entityName>	20631002	</entityName>
			<rediviousTime>	30.000000	</rediviousTime>
			<rediviousTotal>	1	</rediviousTotal>
			<randomWalkRange>	3.000000	</randomWalkRange>
			<patrolList>	</patrolList>
			<lineNumber>	0	</lineNumber>
			<patrolPathNode>	</patrolPathNode>
		</properties>
	</entity_40>
	<entity_41>
		<type>	MonsterSpawnPoint	</type>
		<transform>
			<row0>	-0.999919 0.000000 0.000000	</row0>
			<row1>	0.000000 0.999963 0.000000	</row1>
			<row2>	0.000000 0.000000 -0.999919	</row2>
			<row3>	-12.000000 -29.761715 -340.299988	</row3>
		</transform>
		<clientOnly>	false	</clientOnly>
		<properties>
			<entityName>	20631002	</entityName>
			<rediviousTime>	30.000000	</rediviousTime>
			<rediviousTotal>	1	</rediviousTotal>
			<randomWalkRange>	3.000000	</randomWalkRange>
			<patrolList>	</patrolList>
			<lineNumber>	0	</lineNumber>
			<patrolPathNode>	</patrolPathNode>
		</properties>
	</entity_41>
	<entity_42>
		<type>	NPCObject	</type>
		<transform>
			<row0>	1.000000 0.000000 0.000000	</row0>
			<row1>	0.000000 1.000000 0.000000	</row1>
			<row2>	0.000000 0.000000 1.000000	</row2>
			<row3>	-34.589127 -36.662102 -381.045624	</row3>
		</transform>
		<clientOnly>	false	</clientOnly>
		<properties>
			<className>	30111312	</className>
			<rediviousTime>	60.000000	</rediviousTime>
			<patrolPathNode>	</patrolPathNode>
		</properties>
	</entity_42>
	<entity_43>
		<type>	MonsterSpawnPoint	</type>
		<transform>
			<row0>	-0.707052 0.000000 0.707053	</row0>
			<row1>	0.000000 0.999963 0.000000	</row1>
			<row2>	-0.707053 0.000000 -0.707052	</row2>
			<row3>	-6.874550 -29.312496 -268.797913	</row3>
		</transform>
		<clientOnly>	false	</clientOnly>
		<properties>
			<entityName>	20631002	</entityName>
			<rediviousTime>	30.000000	</rediviousTime>
			<rediviousTotal>	1	</rediviousTotal>
			<randomWalkRange>	3.000000	</randomWalkRange>
			<patrolList>	</patrolList>
			<lineNumber>	0	</lineNumber>
			<patrolPathNode>	</patrolPathNode>
		</properties>
	</entity_43>
	<entity_44>
		<type>	MonsterSpawnPoint	</type>
		<transform>
			<row0>	-0.965851 0.000000 0.258800	</row0>
			<row1>	0.000000 0.999963 0.000000	</row1>
			<row2>	-0.258800 0.000000 -0.965851	</row2>
			<row3>	-13.350159 -30.869137 -267.888885	</row3>
		</transform>
		<clientOnly>	false	</clientOnly>
		<properties>
			<entityName>	20631002	</entityName>
			<rediviousTime>	30.000000	</rediviousTime>
			<rediviousTotal>	1	</rediviousTotal>
			<randomWalkRange>	3.000000	</randomWalkRange>
			<patrolList>	</patrolList>
			<lineNumber>	0	</lineNumber>
			<patrolPathNode>	</patrolPathNode>
		</properties>
	</entity_44>
	<entity_45>
		<type>	MonsterSpawnPoint	</type>
		<transform>
			<row0>	-0.707051 0.000000 0.707053	</row0>
			<row1>	0.000000 0.999963 0.000000	</row1>
			<row2>	-0.707053 0.000000 -0.707051	</row2>
			<row3>	-10.612938 -30.214840 -263.113922	</row3>
		</transform>
		<clientOnly>	false	</clientOnly>
		<properties>
			<entityName>	20631002	</entityName>
			<rediviousTime>	30.000000	</rediviousTime>
			<rediviousTotal>	1	</rediviousTotal>
			<randomWalkRange>	3.000000	</randomWalkRange>
			<patrolList>	</patrolList>
			<lineNumber>	0	</lineNumber>
			<patrolPathNode>	</patrolPathNode>
		</properties>
	</entity_45>
	<entity_46>
		<type>	MonsterSpawnPoint	</type>
		<transform>
			<row0>	-0.865957 0.000000 0.499962	</row0>
			<row1>	0.000000 0.999963 0.000000	</row1>
			<row2>	-0.499962 0.000000 -0.865957	</row2>
			<row3>	-1.095116 -28.248043 -267.751740	</row3>
		</transform>
		<clientOnly>	false	</clientOnly>
		<properties>
			<entityName>	20631002	</entityName>
			<rediviousTime>	30.000000	</rediviousTime>
			<rediviousTotal>	1	</rediviousTotal>
			<randomWalkRange>	3.000000	</randomWalkRange>
			<patrolList>	</patrolList>
			<lineNumber>	0	</lineNumber>
			<patrolPathNode>	</patrolPathNode>
		</properties>
	</entity_46>
	<entity_47>
		<type>	MonsterSpawnPoint	</type>
		<transform>
			<row0>	-0.965850 0.000000 0.258800	</row0>
			<row1>	0.000000 0.999963 0.000000	</row1>
			<row2>	-0.258800 0.000000 -0.965850	</row2>
			<row3>	-11.047745 -29.785152 -272.185272	</row3>
		</transform>
		<clientOnly>	false	</clientOnly>
		<properties>
			<entityName>	20631002	</entityName>
			<rediviousTime>	30.000000	</rediviousTime>
			<rediviousTotal>	1	</rediviousTotal>
			<randomWalkRange>	3.000000	</randomWalkRange>
			<patrolList>	</patrolList>
			<lineNumber>	0	</lineNumber>
			<patrolPathNode>	</patrolPathNode>
		</properties>
	</entity_47>
	<entity_48>
		<type>	MonsterSpawnPoint	</type>
		<transform>
			<row0>	-0.999922 0.000000 0.000001	</row0>
			<row1>	0.000000 0.999963 0.000000	</row1>
			<row2>	-0.000001 0.000000 -0.999922	</row2>
			<row3>	-5.903694 -28.765621 -274.022522	</row3>
		</transform>
		<clientOnly>	false	</clientOnly>
		<properties>
			<entityName>	20631002	</entityName>
			<rediviousTime>	30.000000	</rediviousTime>
			<rediviousTotal>	1	</rediviousTotal>
			<randomWalkRange>	3.000000	</randomWalkRange>
			<patrolList>	</patrolList>
			<lineNumber>	0	</lineNumber>
			<patrolPathNode>	</patrolPathNode>
		</properties>
	</entity_48>
	<entity_49>
		<type>	MonsterSpawnPoint	</type>
		<transform>
			<row0>	-0.865957 0.000000 0.499962	</row0>
			<row1>	0.000000 0.999963 0.000000	</row1>
			<row2>	-0.499962 0.000000 -0.865957	</row2>
			<row3>	-2.120720 -28.066402 -260.657928	</row3>
		</transform>
		<clientOnly>	false	</clientOnly>
		<properties>
			<entityName>	20631002	</entityName>
			<rediviousTime>	30.000000	</rediviousTime>
			<rediviousTotal>	1	</rediviousTotal>
			<randomWalkRange>	3.000000	</randomWalkRange>
			<patrolList>	</patrolList>
			<lineNumber>	0	</lineNumber>
			<patrolPathNode>	</patrolPathNode>
		</properties>
	</entity_49>
	<entity_50>
		<type>	MonsterSpawnPoint	</type>
		<transform>
			<row0>	-0.258799 0.000000 0.965852	</row0>
			<row1>	0.000000 0.999963 0.000000	</row1>
			<row2>	-0.965852 0.000000 -0.258799	</row2>
			<row3>	-6.268715 -29.201168 -261.850769	</row3>
		</transform>
		<clientOnly>	false	</clientOnly>
		<properties>
			<entityName>	20631002	</entityName>
			<rediviousTime>	30.000000	</rediviousTime>
			<rediviousTotal>	1	</rediviousTotal>
			<randomWalkRange>	3.000000	</randomWalkRange>
			<patrolList>	</patrolList>
			<lineNumber>	0	</lineNumber>
			<patrolPathNode>	</patrolPathNode>
		</properties>
	</entity_50>
	<entity_51>
		<type>	MonsterSpawnPoint	</type>
		<transform>
			<row0>	0.707053 0.000000 0.707053	</row0>
			<row1>	0.000000 0.999964 0.000000	</row1>
			<row2>	-0.707053 0.000000 0.707053	</row2>
			<row3>	-16.753113 -30.316402 -274.800995	</row3>
		</transform>
		<clientOnly>	false	</clientOnly>
		<properties>
			<entityName>	20631002	</entityName>
			<rediviousTime>	30.000000	</rediviousTime>
			<rediviousTotal>	1	</rediviousTotal>
			<randomWalkRange>	3.000000	</randomWalkRange>
			<patrolList>	</patrolList>
			<lineNumber>	0	</lineNumber>
			<patrolPathNode>	</patrolPathNode>
		</properties>
	</entity_51>
	<entity_52>
		<type>	MonsterSpawnPoint	</type>
		<transform>
			<row0>	-0.965852 0.000000 0.258799	</row0>
			<row1>	0.000000 0.999964 0.000000	</row1>
			<row2>	-0.258799 0.000000 -0.965852	</row2>
			<row3>	-17.931892 -32.083977 -266.743744	</row3>
		</transform>
		<clientOnly>	false	</clientOnly>
		<properties>
			<entityName>	20631002	</entityName>
			<rediviousTime>	30.000000	</rediviousTime>
			<rediviousTotal>	1	</rediviousTotal>
			<randomWalkRange>	3.000000	</randomWalkRange>
			<patrolList>	</patrolList>
			<lineNumber>	0	</lineNumber>
			<patrolPathNode>	</patrolPathNode>
		</properties>
	</entity_52>
	<entity_53>
		<type>	MonsterSpawnPoint	</type>
		<transform>
			<row0>	0.965850 0.000000 0.258798	</row0>
			<row1>	0.000000 0.999964 0.000000	</row1>
			<row2>	-0.258798 0.000000 0.965850	</row2>
			<row3>	-39.000004 -33.279289 -295.299988	</row3>
		</transform>
		<clientOnly>	false	</clientOnly>
		<properties>
			<entityName>	20631002	</entityName>
			<rediviousTime>	30.000000	</rediviousTime>
			<rediviousTotal>	1	</rediviousTotal>
			<randomWalkRange>	3.000000	</randomWalkRange>
			<patrolList>	</patrolList>
			<lineNumber>	0	</lineNumber>
			<patrolPathNode>	</patrolPathNode>
		</properties>
	</entity_53>
	<entity_54>
		<type>	MonsterSpawnPoint	</type>
		<transform>
			<row0>	-0.965852 0.000000 -0.258799	</row0>
			<row1>	0.000000 0.999964 0.000000	</row1>
			<row2>	0.258799 0.000000 -0.965852	</row2>
			<row3>	-8.839943 -29.199215 -291.204376	</row3>
		</transform>
		<clientOnly>	false	</clientOnly>
		<properties>
			<entityName>	20631002	</entityName>
			<rediviousTime>	30.000000	</rediviousTime>
			<rediviousTotal>	1	</rediviousTotal>
			<randomWalkRange>	3.000000	</randomWalkRange>
			<patrolList>	</patrolList>
			<lineNumber>	0	</lineNumber>
			<patrolPathNode>	</patrolPathNode>
		</properties>
	</entity_54>
	<entity_55>
		<type>	QuestBox	</type>
		<transform>
			<row0>	0.707106 0.000000 0.707106	</row0>
			<row1>	0.000000 1.000000 0.000000	</row1>
			<row2>	-0.707106 0.000000 0.707106	</row2>
			<row3>	-44.631725 -34.187492 -283.296722	</row3>
		</transform>
		<clientOnly>	false	</clientOnly>
		<properties>
			<className>	30111204	</className>
			<rediviousTime>	5.000000	</rediviousTime>
			<patrolPathNode>	</patrolPathNode>
		</properties>
	</entity_55>
	<entity_56>
		<type>	SpawnPointStar	</type>
		<transform>
			<row0>	0.707104 0.000000 0.707103	</row0>
			<row1>	0.000000 0.999996 0.000000	</row1>
			<row2>	-0.707103 0.000000 0.707104	</row2>
			<row3>	-40.758507 -33.492180 -272.547546	</row3>
		</transform>
		<clientOnly>	false	</clientOnly>
		<properties>
			<entityName>	20653010	</entityName>
			<rediviousTime>	1800.000000	</rediviousTime>
			<rediviousTotal>	1	</rediviousTotal>
			<randomWalkRange>	3.000000	</randomWalkRange>
			<patrolList>	</patrolList>
			<lineNumber>	0	</lineNumber>
			<positionII>	0.000000 0.000000 0.000000	</positionII>
			<questID>	020401021	</questID>
			<patrolPathNode>	</patrolPathNode>
		</properties>
	</entity_56>
	<entity_57>
		<type>	Flock	</type>
		<transform>
			<row0>	0.999994 0.000500 0.000001	</row0>
			<row1>	-0.000500 0.999989 0.003502	</row1>
			<row2>	0.000001 -0.003502 0.999988	</row2>
			<row3>	-5.500000 -26.099998 -185.199997	</row3>
		</transform>
		<clientOnly>	true	</clientOnly>
		<properties>
			<maxFlightTime>	200.000000	</maxFlightTime>
			<modelFile>	space/tong_yong/dong_wu/dong_wu/ty_hu_die_004.model	</modelFile>
			<amount>	4	</amount>
			<modelScale>	1.000000	</modelScale>
			<radius>	4.000000	</radius>
			<approachRadius>	10.000000	</approachRadius>
			<collisionFraction>	10.000000	</collisionFraction>
			<influenceRadius>	1.000000	</influenceRadius>
			<speed>	0.030000	</speed>
			<stopRadius>	1.000000	</stopRadius>
			<patrolPathNode>	</patrolPathNode>
		</properties>
	</entity_57>
	<entity_58>
		<type>	Flock	</type>
		<transform>
			<row0>	0.707102 0.002830 -0.707098	</row0>
			<row1>	-0.000500 0.999989 0.003502	</row1>
			<row2>	0.707103 -0.002123 0.707099	</row2>
			<row3>	-29.765747 -28.336395 -170.969254	</row3>
		</transform>
		<clientOnly>	true	</clientOnly>
		<properties>
			<maxFlightTime>	200.000000	</maxFlightTime>
			<modelFile>	space/tong_yong/dong_wu/dong_wu/ty_hu_die_004.model	</modelFile>
			<amount>	4	</amount>
			<modelScale>	1.000000	</modelScale>
			<radius>	4.000000	</radius>
			<approachRadius>	5.000000	</approachRadius>
			<collisionFraction>	10.000000	</collisionFraction>
			<influenceRadius>	1.000000	</influenceRadius>
			<speed>	0.030000	</speed>
			<stopRadius>	1.000000	</stopRadius>
			<patrolPathNode>	</patrolPathNode>
		</properties>
	</entity_58>
	<entity_59>
		<type>	Flock	</type>
		<transform>
			<row0>	0.499996 0.003283 -0.866014	</row0>
			<row1>	-0.000500 0.999989 0.003502	</row1>
			<row2>	0.866021 -0.001318 0.499995	</row2>
			<row3>	-28.886192 -30.014935 -171.788589	</row3>
		</transform>
		<clientOnly>	true	</clientOnly>
		<properties>
			<maxFlightTime>	200.000000	</maxFlightTime>
			<modelFile>	space/tong_yong/dong_wu/dong_wu/ty_hu_die_002.model	</modelFile>
			<amount>	4	</amount>
			<modelScale>	1.000000	</modelScale>
			<radius>	4.000000	</radius>
			<approachRadius>	5.000000	</approachRadius>
			<collisionFraction>	10.000000	</collisionFraction>
			<influenceRadius>	1.000000	</influenceRadius>
			<speed>	0.030000	</speed>
			<stopRadius>	1.000000	</stopRadius>
			<patrolPathNode>	</patrolPathNode>
		</properties>
	</entity_59>
	<entity_60>
		<type>	MonsterSpawnPoint	</type>
		<transform>
			<row0>	0.000000 0.000000 -0.999929	</row0>
			<row1>	0.000000 0.999967 0.000000	</row1>
			<row2>	0.999929 0.000000 0.000000	</row2>
			<row3>	-65.949692 -36.560539 -179.083145	</row3>
		</transform>
		<clientOnly>	false	</clientOnly>
		<properties>
			<entityName>	20741001	</entityName>
			<rediviousTime>	30.000000	</rediviousTime>
			<rediviousTotal>	1	</rediviousTotal>
			<randomWalkRange>	3.000000	</randomWalkRange>
			<patrolList>	</patrolList>
			<lineNumber>	0	</lineNumber>
			<patrolPathNode>	</patrolPathNode>
		</properties>
	</entity_60>
	<entity_61>
		<type>	MonsterSpawnPoint	</type>
		<transform>
			<row0>	0.499964 0.000000 -0.865963	</row0>
			<row1>	0.000000 0.999966 0.000000	</row1>
			<row2>	0.865963 0.000000 0.499964	</row2>
			<row3>	-81.915504 -36.628899 -176.869339	</row3>
		</transform>
		<clientOnly>	false	</clientOnly>
		<properties>
			<entityName>	20741001	</entityName>
			<rediviousTime>	30.000000	</rediviousTime>
			<rediviousTotal>	1	</rediviousTotal>
			<randomWalkRange>	3.000000	</randomWalkRange>
			<patrolList>	</patrolList>
			<lineNumber>	0	</lineNumber>
			<patrolPathNode>	</patrolPathNode>
		</properties>
	</entity_61>
	<entity_62>
		<type>	MonsterSpawnPoint	</type>
		<transform>
			<row0>	-0.707056 0.000000 -0.707056	</row0>
			<row1>	0.000000 0.999966 0.000000	</row1>
			<row2>	0.707056 0.000000 -0.707056	</row2>
			<row3>	-76.273438 -35.656242 -165.613831	</row3>
		</transform>
		<clientOnly>	false	</clientOnly>
		<properties>
			<entityName>	20741001	</entityName>
			<rediviousTime>	30.000000	</rediviousTime>
			<rediviousTotal>	1	</rediviousTotal>
			<randomWalkRange>	3.000000	</randomWalkRange>
			<patrolList>	</patrolList>
			<lineNumber>	0	</lineNumber>
			<patrolPathNode>	</patrolPathNode>
		</properties>
	</entity_62>
	<entity_63>
		<type>	MonsterSpawnPoint	</type>
		<transform>
			<row0>	0.865967 0.000000 0.499967	</row0>
			<row1>	0.000000 0.999967 0.000000	</row1>
			<row2>	-0.499967 0.000000 0.865967	</row2>
			<row3>	-97.242851 -36.650383 -108.318733	</row3>
		</transform>
		<clientOnly>	false	</clientOnly>
		<properties>
			<entityName>	20741001	</entityName>
			<rediviousTime>	300.000000	</rediviousTime>
			<rediviousTotal>	1	</rediviousTotal>
			<randomWalkRange>	12.000000	</randomWalkRange>
			<patrolList>	</patrolList>
			<lineNumber>	0	</lineNumber>
			<patrolPathNode>	</patrolPathNode>
		</properties>
	</entity_63>
	<entity_64>
		<type>	MonsterSpawnPoint	</type>
		<transform>
			<row0>	0.965863 0.000000 -0.258799	</row0>
			<row1>	0.000000 0.999966 0.000000	</row1>
