<root>
	<entity_1>
		<stopLinkStation>	00000000.00000000.00000000.00000000	</stopLinkStation>
		<animation>	</animation>
		<animationEven>	</animationEven>
		<type>	SpawnPointCopyYeWai	</type>
		<transform>
			<row0>	0.000000 0.000000 -0.999999	</row0>
			<row1>	0.000000 1.000000 0.000000	</row1>
			<row2>	0.999999 0.000000 0.000000	</row2>
			<row3>	75.496552 3.673828 38.788971	</row3>
		</transform>
		<clientOnly>	false	</clientOnly>
		<properties>
			<entityName>	20732046	</entityName>
			<rediviousTime>	-1.000000	</rediviousTime>
			<rediviousTotal>	1	</rediviousTotal>
			<randomWalkRange>	0.000000	</randomWalkRange>
			<patrolList>	</patrolList>
			<difficulty>	0	</difficulty>
			<monsterType>	0	</monsterType>
			<patrolPathNode>	</patrolPathNode>
			<actionDefaultName>	</actionDefaultName>
			<ownModelName>	</ownModelName>
		</properties>
	</entity_1>
	<entity_2>
		<stopLinkStation>	00000000.00000000.00000000.00000000	</stopLinkStation>
		<animation>	</animation>
		<animationEven>	</animationEven>
		<type>	SpawnPointCopyYeWai	</type>
		<transform>
			<row0>	0.000000 0.000000 -0.999999	</row0>
			<row1>	0.000000 1.000000 0.000000	</row1>
			<row2>	0.999999 0.000000 0.000000	</row2>
			<row3>	74.537987 3.830078 27.433332	</row3>
		</transform>
		<clientOnly>	false	</clientOnly>
		<properties>
			<entityName>	20732046	</entityName>
			<rediviousTime>	-1.000000	</rediviousTime>
			<rediviousTotal>	1	</rediviousTotal>
			<randomWalkRange>	0.000000	</randomWalkRange>
			<patrolList>	</patrolList>
			<difficulty>	0	</difficulty>
			<monsterType>	0	</monsterType>
			<patrolPathNode>	</patrolPathNode>
			<actionDefaultName>	</actionDefaultName>
			<ownModelName>	</ownModelName>
		</properties>
	</entity_2>
	<entity_3>
		<stopLinkStation>	00000000.00000000.00000000.00000000	</stopLinkStation>
		<animation>	</animation>
		<animationEven>	</animationEven>
		<type>	SpawnPointCopyYeWai	</type>
		<transform>
			<row0>	-0.258819 0.000000 -0.965925	</row0>
			<row1>	0.000000 1.000000 0.000000	</row1>
			<row2>	0.965925 0.000000 -0.258819	</row2>
			<row3>	11.452195 1.726562 41.841240	</row3>
		</transform>
		<clientOnly>	false	</clientOnly>
		<properties>
			<entityName>	20732046	</entityName>
			<rediviousTime>	-1.000000	</rediviousTime>
			<rediviousTotal>	1	</rediviousTotal>
			<randomWalkRange>	0.000000	</randomWalkRange>
			<patrolList>	</patrolList>
			<difficulty>	0	</difficulty>
			<monsterType>	0	</monsterType>
			<patrolPathNode>	</patrolPathNode>
			<actionDefaultName>	</actionDefaultName>
			<ownModelName>	</ownModelName>
		</properties>
	</entity_3>
	<entity_4>
		<stopLinkStation>	00000000.00000000.00000000.00000000	</stopLinkStation>
		<animation>	</animation>
		<animationEven>	</animationEven>
		<type>	SpawnPointCopyYeWai	</type>
		<transform>
			<row0>	-0.258819 0.000000 -0.965925	</row0>
			<row1>	0.000000 1.000000 0.000000	</row1>
			<row2>	0.965925 0.000000 -0.258819	</row2>
			<row3>	10.189708 1.623047 35.681194	</row3>
		</transform>
		<clientOnly>	false	</clientOnly>
		<properties>
			<entityName>	20732046	</entityName>
			<rediviousTime>	-1.000000	</rediviousTime>
			<rediviousTotal>	1	</rediviousTotal>
			<randomWalkRange>	0.000000	</randomWalkRange>
			<patrolList>	</patrolList>
			<difficulty>	0	</difficulty>
			<monsterType>	0	</monsterType>
			<patrolPathNode>	</patrolPathNode>
			<actionDefaultName>	</actionDefaultName>
			<ownModelName>	</ownModelName>
		</properties>
	</entity_4>
	<entity_5>
		<stopLinkStation>	00000000.00000000.00000000.00000000	</stopLinkStation>
		<animation>	</animation>
		<animationEven>	</animationEven>
		<type>	SpawnPointCopyYeWai	</type>
		<transform>
			<row0>	-0.258819 0.000000 -0.965925	</row0>
			<row1>	0.000000 1.000000 0.000000	</row1>
			<row2>	0.965925 0.000000 -0.258819	</row2>
			<row3>	82.332268 4.988279 29.088831	</row3>
		</transform>
		<clientOnly>	false	</clientOnly>
		<properties>
			<entityName>	20724074	</entityName>
			<rediviousTime>	-1.000000	</rediviousTime>
			<rediviousTotal>	1	</rediviousTotal>
			<randomWalkRange>	0.000000	</randomWalkRange>
			<patrolList>	</patrolList>
			<difficulty>	0	</difficulty>
			<monsterType>	0	</monsterType>
			<patrolPathNode>	</patrolPathNode>
			<actionDefaultName>	</actionDefaultName>
			<ownModelName>	</ownModelName>
		</properties>
	</entity_5>
	<entity_6>
		<stopLinkStation>	00000000.00000000.00000000.00000000	</stopLinkStation>
		<animation>	</animation>
		<animationEven>	</animationEven>
		<type>	SpawnPointCopyYeWai	</type>
		<transform>
			<row0>	0.000000 0.000000 -0.999999	</row0>
			<row1>	0.000000 1.000000 0.000000	</row1>
			<row2>	0.999999 0.000000 0.000000	</row2>
			<row3>	83.934830 4.867187 36.436222	</row3>
		</transform>
		<clientOnly>	false	</clientOnly>
		<properties>
			<entityName>	20724074	</entityName>
			<rediviousTime>	-1.000000	</rediviousTime>
			<rediviousTotal>	1	</rediviousTotal>
			<randomWalkRange>	0.000000	</randomWalkRange>
			<patrolList>	</patrolList>
			<difficulty>	0	</difficulty>
			<monsterType>	0	</monsterType>
			<patrolPathNode>	</patrolPathNode>
			<actionDefaultName>	</actionDefaultName>
			<ownModelName>	</ownModelName>
		</properties>
	</entity_6>
	<entity_7>
		<stopLinkStation>	00000000.00000000.00000000.00000000	</stopLinkStation>
		<animation>	</animation>
		<animationEven>	</animationEven>
		<type>	SpawnPointCopyYeWai	</type>
		<transform>
			<row0>	0.000000 0.000000 -0.999999	</row0>
			<row1>	0.000000 1.000000 0.000000	</row1>
			<row2>	0.999999 0.000000 0.000000	</row2>
			<row3>	70.402245 3.380859 30.120337	</row3>
		</transform>
		<clientOnly>	false	</clientOnly>
		<properties>
			<entityName>	20724074	</entityName>
			<rediviousTime>	-1.000000	</rediviousTime>
			<rediviousTotal>	1	</rediviousTotal>
			<randomWalkRange>	0.000000	</randomWalkRange>
			<patrolList>	</patrolList>
			<difficulty>	0	</difficulty>
			<monsterType>	0	</monsterType>
			<patrolPathNode>	</patrolPathNode>
			<actionDefaultName>	</actionDefaultName>
			<ownModelName>	</ownModelName>
		</properties>
	</entity_7>
	<entity_8>
		<stopLinkStation>	00000000.00000000.00000000.00000000	</stopLinkStation>
		<animation>	</animation>
		<animationEven>	</animationEven>
		<type>	SpawnPointCopyYeWai	</type>
		<transform>
			<row0>	0.000000 0.000000 -0.999999	</row0>
			<row1>	0.000000 1.000000 0.000000	</row1>
			<row2>	0.999999 0.000000 0.000000	</row2>
			<row3>	70.947662 3.048828 36.795563	</row3>
		</transform>
		<clientOnly>	false	</clientOnly>
		<properties>
			<entityName>	20724074	</entityName>
			<rediviousTime>	-1.000000	</rediviousTime>
			<rediviousTotal>	1	</rediviousTotal>
			<randomWalkRange>	0.000000	</randomWalkRange>
			<patrolList>	</patrolList>
			<difficulty>	0	</difficulty>
			<monsterType>	0	</monsterType>
			<patrolPathNode>	</patrolPathNode>
			<actionDefaultName>	</actionDefaultName>
			<ownModelName>	</ownModelName>
		</properties>
	</entity_8>
	<entity_9>
		<stopLinkStation>	00000000.00000000.00000000.00000000	</stopLinkStation>
		<animation>	</animation>
		<animationEven>	</animationEven>
		<type>	SpawnPointCopyYeWai	</type>
		<transform>
			<row0>	0.000000 0.000000 -0.999999	</row0>
			<row1>	0.000000 1.000000 0.000000	</row1>
			<row2>	0.999999 0.000000 0.000000	</row2>
			<row3>	80.241302 4.349607 32.443417	</row3>
		</transform>
		<clientOnly>	false	</clientOnly>
		<properties>
			<entityName>	20724074	</entityName>
			<rediviousTime>	-1.000000	</rediviousTime>
			<rediviousTotal>	1	</rediviousTotal>
			<randomWalkRange>	0.000000	</randomWalkRange>
			<patrolList>	</patrolList>
			<difficulty>	0	</difficulty>
			<monsterType>	0	</monsterType>
			<patrolPathNode>	</patrolPathNode>
			<actionDefaultName>	</actionDefaultName>
			<ownModelName>	</ownModelName>
		</properties>
	</entity_9>
	<entity_10>
		<stopLinkStation>	00000000.00000000.00000000.00000000	</stopLinkStation>
		<animation>	</animation>
		<animationEven>	</animationEven>
		<type>	SpawnPointCopyYeWai	</type>
		<transform>
			<row0>	0.000000 0.000000 -0.999999	</row0>
			<row1>	0.000000 1.000000 0.000000	</row1>
			<row2>	0.999999 0.000000 0.000000	</row2>
			<row3>	76.074417 3.865234 32.886864	</row3>
		</transform>
		<clientOnly>	false	</clientOnly>
		<properties>
			<entityName>	20712052	</entityName>
			<rediviousTime>	-1.000000	</rediviousTime>
			<rediviousTotal>	1	</rediviousTotal>
			<randomWalkRange>	0.000000	</randomWalkRange>
			<patrolList>	</patrolList>
			<difficulty>	0	</difficulty>
			<monsterType>	0	</monsterType>
			<patrolPathNode>	</patrolPathNode>
			<actionDefaultName>	</actionDefaultName>
			<ownModelName>	</ownModelName>
		</properties>
	</entity_10>
	<entity_11>
		<stopLinkStation>	00000000.00000000.00000000.00000000	</stopLinkStation>
		<animation>	</animation>
		<animationEven>	</animationEven>
		<type>	SpawnPointCopyYeWai	</type>
		<transform>
			<row0>	-0.258819 0.000000 -0.965925	</row0>
			<row1>	0.000000 1.000000 0.000000	</row1>
			<row2>	0.965925 0.000000 -0.258819	</row2>
			<row3>	15.573967 1.785156 36.077026	</row3>
		</transform>
		<clientOnly>	false	</clientOnly>
		<properties>
			<entityName>	20712052	</entityName>
			<rediviousTime>	-1.000000	</rediviousTime>
			<rediviousTotal>	1	</rediviousTotal>
			<randomWalkRange>	0.000000	</randomWalkRange>
			<patrolList>	</patrolList>
			<difficulty>	0	</difficulty>
			<monsterType>	0	</monsterType>
			<patrolPathNode>	</patrolPathNode>
			<actionDefaultName>	</actionDefaultName>
			<ownModelName>	</ownModelName>
		</properties>
	</entity_11>
	<entity_12>
		<stopLinkStation>	00000000.00000000.00000000.00000000	</stopLinkStation>
		<animation>	</animation>
		<animationEven>	</animationEven>
		<type>	SpawnPointCopyYeWai	</type>
		<transform>
			<row0>	0.866024 0.000000 -0.500000	</row0>
			<row1>	0.000000 1.000000 0.000000	</row1>
			<row2>	0.500000 0.000000 0.866024	</row2>
			<row3>	18.676483 1.482422 26.461847	</row3>
		</transform>
		<clientOnly>	false	</clientOnly>
		<properties>
			<entityName>	20724074	</entityName>
			<rediviousTime>	-1.000000	</rediviousTime>
			<rediviousTotal>	1	</rediviousTotal>
			<randomWalkRange>	0.000000	</randomWalkRange>
			<patrolList>	</patrolList>
			<difficulty>	0	</difficulty>
			<monsterType>	0	</monsterType>
			<patrolPathNode>	</patrolPathNode>
			<actionDefaultName>	</actionDefaultName>
			<ownModelName>	</ownModelName>
		</properties>
	</entity_12>
	<entity_13>
		<stopLinkStation>	00000000.00000000.00000000.00000000	</stopLinkStation>
		<animation>	</animation>
		<animationEven>	</animationEven>
		<type>	SpawnPointCopyYeWai	</type>
		<transform>
			<row0>	-0.965924 0.000000 0.258819	</row0>
			<row1>	0.000000 0.999999 0.000000	</row1>
			<row2>	-0.258819 0.000000 -0.965924	</row2>
			<row3>	22.510616 2.916015 44.947716	</row3>
		</transform>
		<clientOnly>	false	</clientOnly>
		<properties>
			<entityName>	20724074	</entityName>
			<rediviousTime>	-1.000000	</rediviousTime>
			<rediviousTotal>	1	</rediviousTotal>
			<randomWalkRange>	0.000000	</randomWalkRange>
			<patrolList>	</patrolList>
			<difficulty>	0	</difficulty>
			<monsterType>	0	</monsterType>
			<patrolPathNode>	</patrolPathNode>
			<actionDefaultName>	</actionDefaultName>
			<ownModelName>	</ownModelName>
		</properties>
	</entity_13>
	<entity_14>
		<stopLinkStation>	00000000.00000000.00000000.00000000	</stopLinkStation>
		<animation>	</animation>
		<animationEven>	</animationEven>
		<type>	SpawnPointCopyYeWai	</type>
		<transform>
			<row0>	-0.258819 0.000000 -0.965924	</row0>
			<row1>	0.000000 0.999999 0.000000	</row1>
			<row2>	0.965924 0.000000 -0.258819	</row2>
			<row3>	7.101092 1.445312 43.493134	</row3>
		</transform>
		<clientOnly>	false	</clientOnly>
		<properties>
			<entityName>	20724074	</entityName>
			<rediviousTime>	-1.000000	</rediviousTime>
			<rediviousTotal>	1	</rediviousTotal>
			<randomWalkRange>	0.000000	</randomWalkRange>
			<patrolList>	</patrolList>
			<difficulty>	0	</difficulty>
			<monsterType>	0	</monsterType>
			<patrolPathNode>	</patrolPathNode>
			<actionDefaultName>	</actionDefaultName>
			<ownModelName>	</ownModelName>
		</properties>
	</entity_14>
	<entity_15>
		<stopLinkStation>	00000000.00000000.00000000.00000000	</stopLinkStation>
		<animation>	</animation>
		<animationEven>	</animationEven>
		<type>	SpawnPointCopyYeWai	</type>
		<transform>
			<row0>	-0.258819 0.000000 -0.965924	</row0>
			<row1>	0.000000 0.999999 0.000000	</row1>
			<row2>	0.965924 0.000000 -0.258819	</row2>
			<row3>	5.157378 1.289062 36.839302	</row3>
		</transform>
		<clientOnly>	false	</clientOnly>
		<properties>
			<entityName>	20724074	</entityName>
			<rediviousTime>	-1.000000	</rediviousTime>
			<rediviousTotal>	1	</rediviousTotal>
			<randomWalkRange>	0.000000	</randomWalkRange>
			<patrolList>	</patrolList>
			<difficulty>	0	</difficulty>
			<monsterType>	0	</monsterType>
			<patrolPathNode>	</patrolPathNode>
			<actionDefaultName>	</actionDefaultName>
			<ownModelName>	</ownModelName>
		</properties>
	</entity_15>
	<entity_16>
		<stopLinkStation>	00000000.00000000.00000000.00000000	</stopLinkStation>
		<animation>	</animation>
		<animationEven>	</animationEven>
		<type>	SpawnPointCopyYeWai	</type>
		<transform>
			<row0>	-0.346271 0.000000 -0.938131	</row0>
			<row1>	0.000000 0.999999 0.000000	</row1>
			<row2>	0.938131 0.000000 -0.346271	</row2>
			<row3>	17.856831 1.900390 39.414665	</row3>
		</transform>
		<clientOnly>	false	</clientOnly>
		<properties>
			<entityName>	20724074	</entityName>
			<rediviousTime>	-1.000000	</rediviousTime>
			<rediviousTotal>	1	</rediviousTotal>
			<randomWalkRange>	0.000000	</randomWalkRange>
			<patrolList>	</patrolList>
			<difficulty>	0	</difficulty>
			<monsterType>	0	</monsterType>
			<patrolPathNode>	</patrolPathNode>
			<actionDefaultName>	</actionDefaultName>
			<ownModelName>	</ownModelName>
		</properties>
	</entity_16>
	<entity_17>
		<stopLinkStation>	00000000.00000000.00000000.00000000	</stopLinkStation>
		<animation>	</animation>
		<animationEven>	</animationEven>
		<type>	SpawnPointCopyYeWai	</type>
		<transform>
			<row0>	0.000000 0.000000 -0.999999	</row0>
			<row1>	0.000000 1.000000 0.000000	</row1>
			<row2>	0.999999 0.000000 0.000000	</row2>
			<row3>	14.941405 1.714844 31.741322	</row3>
		</transform>
		<clientOnly>	false	</clientOnly>
		<properties>
			<entityName>	20732046	</entityName>
			<rediviousTime>	-1.000000	</rediviousTime>
			<rediviousTotal>	1	</rediviousTotal>
			<randomWalkRange>	0.000000	</randomWalkRange>
			<patrolList>	</patrolList>
			<difficulty>	0	</difficulty>
			<monsterType>	0	</monsterType>
			<patrolPathNode>	</patrolPathNode>
			<actionDefaultName>	</actionDefaultName>
			<ownModelName>	</ownModelName>
		</properties>
	</entity_17>
	<entity_18>
		<stopLinkStation>	00000000.00000000.00000000.00000000	</stopLinkStation>
		<animation>	</animation>
		<animationEven>	</animationEven>
		<type>	SpawnPointCopyYeWai	</type>
		<transform>
			<row0>	-0.000822 0.014521 -0.999893	</row0>
			<row1>	-0.112784 0.993513 0.014521	</row1>
			<row2>	0.993618 0.112784 0.000822	</row2>
			<row3>	78.336922 4.101878 34.111652	</row3>
		</transform>
		<clientOnly>	false	</clientOnly>
		<properties>
			<entityName>	20254019	</entityName>
			<rediviousTime>	-1.000000	</rediviousTime>
			<rediviousTotal>	1	</rediviousTotal>
			<randomWalkRange>	0.000000	</randomWalkRange>
			<patrolList>	</patrolList>
			<difficulty>	0	</difficulty>
			<monsterType>	2	</monsterType>
			<patrolPathNode>	</patrolPathNode>
			<actionDefaultName>	</actionDefaultName>
			<ownModelName>	</ownModelName>
		</properties>
	</entity_18>
	<entity_19>
		<stopLinkStation>	00000000.00000000.00000000.00000000	</stopLinkStation>
		<animation>	</animation>
		<animationEven>	</animationEven>
		<type>	SpawnPointCopyYeWai	</type>
		<transform>
			<row0>	-0.004482 0.053668 -0.998547	</row0>
			<row1>	-0.073222 0.995860 0.053852	</row1>
			<row2>	0.997304 0.073357 -0.000534	</row2>
			<row3>	70.593956 3.523636 27.726858	</row3>
		</transform>
		<clientOnly>	false	</clientOnly>
		<properties>
			<entityName>	20254019	</entityName>
			<rediviousTime>	-1.000000	</rediviousTime>
			<rediviousTotal>	1	</rediviousTotal>
			<randomWalkRange>	0.000000	</randomWalkRange>
			<patrolList>	</patrolList>
			<difficulty>	0	</difficulty>
			<monsterType>	2	</monsterType>
			<patrolPathNode>	</patrolPathNode>
			<actionDefaultName>	</actionDefaultName>
			<ownModelName>	</ownModelName>
		</properties>
	</entity_19>
	<entity_20>
		<stopLinkStation>	00000000.00000000.00000000.00000000	</stopLinkStation>
		<animation>	</animation>
		<animationEven>	</animationEven>
		<type>	SpawnPointCopyYeWai	</type>
		<transform>
			<row0>	-0.014048 0.107983 -0.994051	</row0>
			<row1>	-0.112986 0.987612 0.108880	</row1>
			<row2>	0.993496 0.113843 -0.001674	</row2>
			<row3>	66.525200 2.748083 34.896122	</row3>
		</transform>
		<clientOnly>	false	</clientOnly>
		<properties>
			<entityName>	20254019	</entityName>
			<rediviousTime>	-1.000000	</rediviousTime>
			<rediviousTotal>	1	</rediviousTotal>
			<randomWalkRange>	0.000000	</randomWalkRange>
			<patrolList>	</patrolList>
			<difficulty>	0	</difficulty>
			<monsterType>	2	</monsterType>
			<patrolPathNode>	</patrolPathNode>
			<actionDefaultName>	</actionDefaultName>
			<ownModelName>	</ownModelName>
		</properties>
	</entity_20>
	<entity_21>
		<stopLinkStation>	00000000.00000000.00000000.00000000	</stopLinkStation>
		<animation>	</animation>
		<animationEven>	</animationEven>
		<type>	SpawnPointCopyYeWai	</type>
		<transform>
			<row0>	-0.005935 -0.067208 -0.997719	</row0>
			<row1>	0.023494 0.997454 -0.067329	</row1>
			<row2>	0.999705 -0.023840 -0.004340	</row2>
			<row3>	22.458706 1.545954 32.941643	</row3>
		</transform>
		<clientOnly>	false	</clientOnly>
		<properties>
			<entityName>	20254019	</entityName>
			<rediviousTime>	-1.000000	</rediviousTime>
			<rediviousTotal>	1	</rediviousTotal>
			<randomWalkRange>	0.000000	</randomWalkRange>
			<patrolList>	</patrolList>
			<difficulty>	0	</difficulty>
			<monsterType>	2	</monsterType>
			<patrolPathNode>	</patrolPathNode>
			<actionDefaultName>	</actionDefaultName>
			<ownModelName>	</ownModelName>
		</properties>
	</entity_21>
	<entity_22>
		<stopLinkStation>	00000000.00000000.00000000.00000000	</stopLinkStation>
		<animation>	</animation>
		<animationEven>	</animationEven>
		<type>	SpawnPointCopyYeWai	</type>
		<transform>
			<row0>	0.050601 0.022543 -0.998462	</row0>
			<row1>	-0.074522 0.997042 0.018734	</row1>
			<row2>	0.995932 0.073459 0.052132	</row2>
			<row3>	10.620790 1.653436 38.790730	</row3>
		</transform>
		<clientOnly>	false	</clientOnly>
		<properties>
			<entityName>	20254019	</entityName>
			<rediviousTime>	-1.000000	</rediviousTime>
			<rediviousTotal>	1	</rediviousTotal>
			<randomWalkRange>	0.000000	</randomWalkRange>
			<patrolList>	</patrolList>
			<difficulty>	0	</difficulty>
			<monsterType>	2	</monsterType>
			<patrolPathNode>	</patrolPathNode>
			<actionDefaultName>	</actionDefaultName>
			<ownModelName>	</ownModelName>
		</properties>
	</entity_22>
	<entity_23>
		<stopLinkStation>	00000000.00000000.00000000.00000000	</stopLinkStation>
		<animation>	</animation>
		<animationEven>	</animationEven>
		<type>	SpawnPointCopyYeWai	</type>
		<transform>
			<row0>	0.056795 -0.154024 -0.986430	</row0>
			<row1>	-0.058151 0.985839 -0.157280	</row1>
			<row2>	0.996688 0.066296 0.047036	</row2>
			<row3>	22.698118 3.167324 46.458157	</row3>
		</transform>
		<clientOnly>	false	</clientOnly>
		<properties>
			<entityName>	20254019	</entityName>
			<rediviousTime>	-1.000000	</rediviousTime>
			<rediviousTotal>	1	</rediviousTotal>
			<randomWalkRange>	0.000000	</randomWalkRange>
			<patrolList>	</patrolList>
			<difficulty>	0	</difficulty>
			<monsterType>	2	</monsterType>
			<patrolPathNode>	</patrolPathNode>
			<actionDefaultName>	</actionDefaultName>
			<ownModelName>	</ownModelName>
		</properties>
	</entity_23>
	<entity_24>
		<stopLinkStation>	00000000.00000000.00000000.00000000	</stopLinkStation>
		<animation>	</animation>
		<animationEven>	</animationEven>
		<type>	SpawnPointCopyYeWai	</type>
		<transform>
			<row0>	0.056634 -0.144805 -0.987835	</row0>
			<row1>	-0.039233 0.988338 -0.147128	</row1>
			<row2>	0.997622 0.047088 0.050294	</row2>
			<row3>	31.340921 2.230411 38.147778	</row3>
		</transform>
		<clientOnly>	false	</clientOnly>
		<properties>
			<entityName>	20254019	</entityName>
			<rediviousTime>	-1.000000	</rediviousTime>
			<rediviousTotal>	1	</rediviousTotal>
			<randomWalkRange>	0.000000	</randomWalkRange>
			<patrolList>	</patrolList>
			<difficulty>	0	</difficulty>
			<monsterType>	2	</monsterType>
			<patrolPathNode>	</patrolPathNode>
			<actionDefaultName>	</actionDefaultName>
			<ownModelName>	</ownModelName>
		</properties>
	</entity_24>
</root>
