<root>
	<entity_1>
		<stopLinkStation>	00000000.00000000.00000000.00000000	</stopLinkStation>
		<animation>	</animation>
		<animationEven>	</animationEven>
		<type>	Flock	</type>
		<transform>
			<row0>	0.707102 0.000482 -0.707102	</row0>
			<row1>	-0.000284 0.999995 0.000398	</row1>
			<row2>	0.707102 -0.000081 0.707102	</row2>
			<row3>	-203.786346 19.095896 -14.709023	</row3>
		</transform>
		<clientOnly>	true	</clientOnly>
		<properties>
			<maxFlightTime>	200.000000	</maxFlightTime>
			<modelFile>	space/tong_yong/dong_wu/dong_wu/ty_hu_die_004.model	</modelFile>
			<amount>	2	</amount>
			<modelScale>	2.000000	</modelScale>
			<radius>	4.000000	</radius>
			<approachRadius>	10.000000	</approachRadius>
			<heightClipMin>	-10000000.000000	</heightClipMin>
			<heightClipMax>	10000000.000000	</heightClipMax>
			<yawEnable>	1	</yawEnable>
			<pitchEnable>	1	</pitchEnable>
			<rollEnable>	1	</rollEnable>
			<collisionFraction>	10.000000	</collisionFraction>
			<influenceRadius>	1.000000	</influenceRadius>
			<speed>	0.030000	</speed>
			<stopRadius>	1.000000	</stopRadius>
			<waterHeight>	0.000000	</waterHeight>
			<hardPoint>	</hardPoint>
			<effectID>	</effectID>
			<triggerLoopTime>	12.000000	</triggerLoopTime>
			<actionID>	</actionID>
			<patrolPathNode>	</patrolPathNode>
			<actionDefaultName>	</actionDefaultName>
			<ownModelName>	</ownModelName>
		</properties>
	</entity_1>
	<entity_2>
		<stopLinkStation>	00000000.00000000.00000000.00000000	</stopLinkStation>
		<animation>	</animation>
		<animationEven>	</animationEven>
		<type>	Flock	</type>
		<transform>
			<row0>	-0.499996 -0.000046 -0.866019	</row0>
			<row1>	0.000063 0.999995 -0.000089	</row1>
			<row2>	0.866019 -0.000099 -0.499996	</row2>
			<row3>	-251.176361 17.961081 -12.204735	</row3>
		</transform>
		<clientOnly>	true	</clientOnly>
		<properties>
			<maxFlightTime>	200.000000	</maxFlightTime>
			<modelFile>	space/tong_yong/dong_wu/dong_wu/ty_hu_die_004.model	</modelFile>
			<amount>	2	</amount>
			<modelScale>	2.000000	</modelScale>
			<radius>	4.000000	</radius>
			<approachRadius>	10.000000	</approachRadius>
			<heightClipMin>	-10000000.000000	</heightClipMin>
			<heightClipMax>	10000000.000000	</heightClipMax>
			<yawEnable>	1	</yawEnable>
			<pitchEnable>	1	</pitchEnable>
			<rollEnable>	1	</rollEnable>
			<collisionFraction>	10.000000	</collisionFraction>
			<influenceRadius>	1.000000	</influenceRadius>
			<speed>	0.030000	</speed>
			<stopRadius>	1.000000	</stopRadius>
			<waterHeight>	0.000000	</waterHeight>
			<hardPoint>	</hardPoint>
			<effectID>	</effectID>
			<triggerLoopTime>	12.000000	</triggerLoopTime>
			<actionID>	</actionID>
			<patrolPathNode>	</patrolPathNode>
			<actionDefaultName>	</actionDefaultName>
			<ownModelName>	</ownModelName>
		</properties>
	</entity_2>
	<entity_3>
		<stopLinkStation>	00000000.00000000.00000000.00000000	</stopLinkStation>
		<animation>	</animation>
		<animationEven>	</animationEven>
		<type>	Flock	</type>
		<transform>
			<row0>	-0.258817 0.000150 -0.965918	</row0>
			<row1>	-0.000136 0.999995 0.000193	</row1>
			<row2>	0.965918 0.000181 -0.258817	</row2>
			<row3>	-237.026077 19.743618 -5.801018	</row3>
		</transform>
		<clientOnly>	true	</clientOnly>
		<properties>
			<maxFlightTime>	200.000000	</maxFlightTime>
			<modelFile>	space/tong_yong/dong_wu/dong_wu/ty_hu_die_003.model	</modelFile>
			<amount>	2	</amount>
			<modelScale>	2.000000	</modelScale>
			<radius>	4.000000	</radius>
			<approachRadius>	10.000000	</approachRadius>
			<heightClipMin>	-10000000.000000	</heightClipMin>
			<heightClipMax>	10000000.000000	</heightClipMax>
			<yawEnable>	1	</yawEnable>
			<pitchEnable>	1	</pitchEnable>
			<rollEnable>	1	</rollEnable>
			<collisionFraction>	10.000000	</collisionFraction>
			<influenceRadius>	1.000000	</influenceRadius>
			<speed>	0.030000	</speed>
			<stopRadius>	1.000000	</stopRadius>
			<waterHeight>	0.000000	</waterHeight>
			<hardPoint>	</hardPoint>
			<effectID>	</effectID>
			<triggerLoopTime>	12.000000	</triggerLoopTime>
			<actionID>	</actionID>
			<patrolPathNode>	</patrolPathNode>
			<actionDefaultName>	</actionDefaultName>
			<ownModelName>	</ownModelName>
		</properties>
	</entity_3>
	<entity_4>
		<stopLinkStation>	00000000.00000000.00000000.00000000	</stopLinkStation>
		<animation>	</animation>
		<animationEven>	</animationEven>
		<type>	SpawnPointChallenge	</type>
		<transform>
			<row0>	0.000000 0.000000 0.999994	</row0>
			<row1>	-0.167629 0.985844 0.000000	</row1>
			<row2>	-0.985843 -0.167630 0.000000	</row2>
			<row3>	-211.440475 16.701170 -29.086845	</row3>
		</transform>
		<clientOnly>	false	</clientOnly>
		<properties>
			<entityName>	20721018	</entityName>
			<rediviousTime>	3.000000	</rediviousTime>
			<rediviousTotal>	1	</rediviousTotal>
			<randomWalkRange>	0.000000	</randomWalkRange>
			<patrolList>	</patrolList>
			<monsterType>	0	</monsterType>
			<level>	1	</level>
			<challengeLevel>	1	</challengeLevel>
			<challengeRank>	0	</challengeRank>
			<challengeTMembers>	1	</challengeTMembers>
			<patrolPathNode>	</patrolPathNode>
			<actionDefaultName>	</actionDefaultName>
			<ownModelName>	</ownModelName>
		</properties>
	</entity_4>
	<entity_5>
		<stopLinkStation>	00000000.00000000.00000000.00000000	</stopLinkStation>
		<animation>	</animation>
		<animationEven>	</animationEven>
		<type>	SpawnPointChallenge	</type>
		<transform>
			<row0>	0.000000 0.000000 0.999994	</row0>
			<row1>	-0.167629 0.985844 0.000000	</row1>
			<row2>	-0.985843 -0.167630 0.000000	</row2>
			<row3>	-217.776398 16.699217 -23.345825	</row3>
		</transform>
		<clientOnly>	false	</clientOnly>
		<properties>
			<entityName>	20731014	</entityName>
			<rediviousTime>	3.000000	</rediviousTime>
			<rediviousTotal>	1	</rediviousTotal>
			<randomWalkRange>	0.000000	</randomWalkRange>
			<patrolList>	</patrolList>
			<monsterType>	0	</monsterType>
			<level>	1	</level>
			<challengeLevel>	1	</challengeLevel>
			<challengeRank>	0	</challengeRank>
			<challengeTMembers>	3	</challengeTMembers>
			<patrolPathNode>	</patrolPathNode>
			<actionDefaultName>	</actionDefaultName>
			<ownModelName>	</ownModelName>
		</properties>
	</entity_5>
	<entity_6>
		<stopLinkStation>	00000000.00000000.00000000.00000000	</stopLinkStation>
		<animation>	</animation>
		<animationEven>	</animationEven>
		<type>	SpawnPointChallenge	</type>
		<transform>
			<row0>	0.000000 0.000000 0.999994	</row0>
			<row1>	-0.167629 0.985844 0.000000	</row1>
			<row2>	-0.985843 -0.167630 0.000000	</row2>
			<row3>	-218.977051 16.699217 -26.417168	</row3>
		</transform>
		<clientOnly>	false	</clientOnly>
		<properties>
			<entityName>	20731014	</entityName>
			<rediviousTime>	3.000000	</rediviousTime>
			<rediviousTotal>	1	</rediviousTotal>
			<randomWalkRange>	0.000000	</randomWalkRange>
			<patrolList>	</patrolList>
			<monsterType>	0	</monsterType>
			<level>	1	</level>
			<challengeLevel>	1	</challengeLevel>
			<challengeRank>	0	</challengeRank>
			<challengeTMembers>	3	</challengeTMembers>
			<patrolPathNode>	</patrolPathNode>
			<actionDefaultName>	</actionDefaultName>
			<ownModelName>	</ownModelName>
		</properties>
	</entity_6>
	<entity_7>
		<stopLinkStation>	00000000.00000000.00000000.00000000	</stopLinkStation>
		<animation>	</animation>
		<animationEven>	</animationEven>
		<type>	SpawnPointChallenge	</type>
		<transform>
			<row0>	0.000000 0.000000 0.999994	</row0>
			<row1>	-0.167629 0.985844 0.000000	</row1>
			<row2>	-0.985843 -0.167630 0.000000	</row2>
			<row3>	-217.582504 16.693357 -29.752831	</row3>
		</transform>
		<clientOnly>	false	</clientOnly>
		<properties>
			<entityName>	20731014	</entityName>
			<rediviousTime>	3.000000	</rediviousTime>
			<rediviousTotal>	1	</rediviousTotal>
			<randomWalkRange>	0.000000	</randomWalkRange>
			<patrolList>	</patrolList>
			<monsterType>	0	</monsterType>
			<level>	1	</level>
			<challengeLevel>	1	</challengeLevel>
			<challengeRank>	0	</challengeRank>
			<challengeTMembers>	3	</challengeTMembers>
			<patrolPathNode>	</patrolPathNode>
			<actionDefaultName>	</actionDefaultName>
			<ownModelName>	</ownModelName>
		</properties>
	</entity_7>
	<entity_8>
		<stopLinkStation>	00000000.00000000.00000000.00000000	</stopLinkStation>
		<animation>	</animation>
		<animationEven>	</animationEven>
		<type>	SpawnPointChallenge	</type>
		<transform>
			<row0>	0.000000 0.000000 0.999994	</row0>
			<row1>	-0.167629 0.985844 0.000000	</row1>
			<row2>	-0.985843 -0.167630 0.000000	</row2>
			<row3>	-213.518051 16.699217 -23.482971	</row3>
		</transform>
		<clientOnly>	false	</clientOnly>
		<properties>
			<entityName>	20721018	</entityName>
			<rediviousTime>	3.000000	</rediviousTime>
			<rediviousTotal>	1	</rediviousTotal>
			<randomWalkRange>	0.000000	</randomWalkRange>
			<patrolList>	</patrolList>
			<monsterType>	0	</monsterType>
			<level>	1	</level>
			<challengeLevel>	1	</challengeLevel>
			<challengeRank>	0	</challengeRank>
			<challengeTMembers>	3	</challengeTMembers>
			<patrolPathNode>	</patrolPathNode>
			<actionDefaultName>	</actionDefaultName>
			<ownModelName>	</ownModelName>
		</properties>
	</entity_8>
	<entity_9>
		<stopLinkStation>	00000000.00000000.00000000.00000000	</stopLinkStation>
		<animation>	</animation>
		<animationEven>	</animationEven>
		<type>	SpawnPointChallenge	</type>
		<transform>
			<row0>	0.000000 0.000000 0.999994	</row0>
			<row1>	-0.167629 0.985844 0.000000	</row1>
			<row2>	-0.985843 -0.167630 0.000000	</row2>
			<row3>	-214.643784 16.699217 -27.666008	</row3>
		</transform>
		<clientOnly>	false	</clientOnly>
		<properties>
			<entityName>	20721018	</entityName>
			<rediviousTime>	3.000000	</rediviousTime>
			<rediviousTotal>	1	</rediviousTotal>
			<randomWalkRange>	0.000000	</randomWalkRange>
			<patrolList>	</patrolList>
			<monsterType>	0	</monsterType>
			<level>	1	</level>
			<challengeLevel>	1	</challengeLevel>
			<challengeRank>	0	</challengeRank>
			<challengeTMembers>	3	</challengeTMembers>
			<patrolPathNode>	</patrolPathNode>
			<actionDefaultName>	</actionDefaultName>
			<ownModelName>	</ownModelName>
		</properties>
	</entity_9>
	<entity_10>
		<stopLinkStation>	00000000.00000000.00000000.00000000	</stopLinkStation>
		<animation>	</animation>
		<animationEven>	</animationEven>
		<type>	SpawnPointChallenge	</type>
		<transform>
			<row0>	0.000000 0.000000 0.999994	</row0>
			<row1>	-0.167629 0.985844 0.000000	</row1>
			<row2>	-0.985843 -0.167630 0.000000	</row2>
			<row3>	-216.147903 16.699217 -25.549820	</row3>
		</transform>
		<clientOnly>	false	</clientOnly>
		<properties>
			<entityName>	20741023	</entityName>
			<rediviousTime>	3.000000	</rediviousTime>
			<rediviousTotal>	1	</rediviousTotal>
			<randomWalkRange>	0.000000	</randomWalkRange>
			<patrolList>	</patrolList>
			<monsterType>	0	</monsterType>
			<level>	1	</level>
			<challengeLevel>	1	</challengeLevel>
			<challengeRank>	0	</challengeRank>
			<challengeTMembers>	3	</challengeTMembers>
			<patrolPathNode>	</patrolPathNode>
			<actionDefaultName>	</actionDefaultName>
			<ownModelName>	</ownModelName>
		</properties>
	</entity_10>
	<entity_11>
		<stopLinkStation>	00000000.00000000.00000000.00000000	</stopLinkStation>
		<animation>	</animation>
		<animationEven>	</animationEven>
		<type>	SpawnPointChallenge	</type>
		<transform>
			<row0>	0.000000 0.000000 0.999994	</row0>
			<row1>	-0.167629 0.985844 0.000000	</row1>
			<row2>	-0.985843 -0.167630 0.000000	</row2>
			<row3>	-215.390106 16.699217 -29.165260	</row3>
		</transform>
		<clientOnly>	false	</clientOnly>
		<properties>
			<entityName>	20741023	</entityName>
			<rediviousTime>	3.000000	</rediviousTime>
			<rediviousTotal>	1	</rediviousTotal>
			<randomWalkRange>	0.000000	</randomWalkRange>
			<patrolList>	</patrolList>
			<monsterType>	0	</monsterType>
			<level>	1	</level>
			<challengeLevel>	1	</challengeLevel>
			<challengeRank>	0	</challengeRank>
			<challengeTMembers>	3	</challengeTMembers>
			<patrolPathNode>	</patrolPathNode>
			<actionDefaultName>	</actionDefaultName>
			<ownModelName>	</ownModelName>
		</properties>
	</entity_11>
	<entity_12>
		<stopLinkStation>	00000000.00000000.00000000.00000000	</stopLinkStation>
		<animation>	</animation>
		<animationEven>	</animationEven>
		<type>	SpawnPointChallenge	</type>
		<transform>
			<row0>	0.000000 0.000000 0.999994	</row0>
			<row1>	-0.167629 0.985844 0.000000	</row1>
			<row2>	-0.985843 -0.167630 0.000000	</row2>
			<row3>	-217.245575 16.699215 -25.869202	</row3>
		</transform>
		<clientOnly>	false	</clientOnly>
		<properties>
			<entityName>	20731014	</entityName>
			<rediviousTime>	3.000000	</rediviousTime>
			<rediviousTotal>	1	</rediviousTotal>
			<randomWalkRange>	0.000000	</randomWalkRange>
			<patrolList>	</patrolList>
			<monsterType>	0	</monsterType>
			<level>	1	</level>
			<challengeLevel>	1	</challengeLevel>
			<challengeRank>	0	</challengeRank>
			<challengeTMembers>	1	</challengeTMembers>
			<patrolPathNode>	</patrolPathNode>
			<actionDefaultName>	</actionDefaultName>
			<ownModelName>	</ownModelName>
		</properties>
	</entity_12>
	<entity_13>
		<stopLinkStation>	00000000.00000000.00000000.00000000	</stopLinkStation>
		<animation>	</animation>
		<animationEven>	</animationEven>
		<type>	SpawnPointChallenge	</type>
		<transform>
			<row0>	0.000000 0.000000 0.999994	</row0>
			<row1>	-0.167629 0.985844 0.000000	</row1>
			<row2>	-0.985843 -0.167630 0.000000	</row2>
			<row3>	-213.349777 16.699215 -26.621094	</row3>
		</transform>
		<clientOnly>	false	</clientOnly>
		<properties>
			<entityName>	20732030	</entityName>
			<rediviousTime>	3.000000	</rediviousTime>
			<rediviousTotal>	1	</rediviousTotal>
			<randomWalkRange>	0.000000	</randomWalkRange>
			<patrolList>	</patrolList>
			<monsterType>	0	</monsterType>
			<level>	1	</level>
			<challengeLevel>	1	</challengeLevel>
			<challengeRank>	0	</challengeRank>
			<challengeTMembers>	1	</challengeTMembers>
			<patrolPathNode>	</patrolPathNode>
			<actionDefaultName>	</actionDefaultName>
			<ownModelName>	</ownModelName>
		</properties>
	</entity_13>
	<entity_14>
		<stopLinkStation>	00000000.00000000.00000000.00000000	</stopLinkStation>
		<animation>	</animation>
		<animationEven>	</animationEven>
		<type>	SpawnPointChallenge	</type>
		<transform>
			<row0>	0.000000 0.000000 0.999994	</row0>
			<row1>	-0.167629 0.985844 0.000000	</row1>
			<row2>	-0.985843 -0.167630 0.000000	</row2>
			<row3>	-216.141647 16.699215 -22.982780	</row3>
		</transform>
		<clientOnly>	false	</clientOnly>
		<properties>
			<entityName>	20731014	</entityName>
			<rediviousTime>	3.000000	</rediviousTime>
			<rediviousTotal>	1	</rediviousTotal>
			<randomWalkRange>	0.000000	</randomWalkRange>
			<patrolList>	</patrolList>
			<monsterType>	0	</monsterType>
			<level>	1	</level>
			<challengeLevel>	1	</challengeLevel>
			<challengeRank>	0	</challengeRank>
			<challengeTMembers>	1	</challengeTMembers>
			<patrolPathNode>	</patrolPathNode>
			<actionDefaultName>	</actionDefaultName>
			<ownModelName>	</ownModelName>
		</properties>
	</entity_14>
	<entity_15>
		<stopLinkStation>	00000000.00000000.00000000.00000000	</stopLinkStation>
		<animation>	</animation>
		<animationEven>	</animationEven>
		<type>	SpawnPointChallenge	</type>
		<transform>
			<row0>	0.000000 0.000000 0.999994	</row0>
			<row1>	-0.167629 0.985844 0.000000	</row1>
			<row2>	-0.985843 -0.167630 0.000000	</row2>
			<row3>	-212.933945 16.699215 -28.308418	</row3>
		</transform>
		<clientOnly>	false	</clientOnly>
		<properties>
			<entityName>	20721018	</entityName>
			<rediviousTime>	3.000000	</rediviousTime>
			<rediviousTotal>	1	</rediviousTotal>
			<randomWalkRange>	0.000000	</randomWalkRange>
			<patrolList>	</patrolList>
			<monsterType>	0	</monsterType>
			<level>	1	</level>
			<challengeLevel>	1	</challengeLevel>
			<challengeRank>	0	</challengeRank>
			<challengeTMembers>	1	</challengeTMembers>
			<patrolPathNode>	</patrolPathNode>
			<actionDefaultName>	</actionDefaultName>
			<ownModelName>	</ownModelName>
		</properties>
	</entity_15>
	<entity_16>
		<stopLinkStation>	00000000.00000000.00000000.00000000	</stopLinkStation>
		<animation>	</animation>
		<animationEven>	</animationEven>
		<type>	SpawnPointChallenge	</type>
		<transform>
			<row0>	0.000000 0.000000 0.999994	</row0>
			<row1>	-0.167629 0.985844 0.000000	</row1>
			<row2>	-0.985843 -0.167630 0.000000	</row2>
			<row3>	-211.169952 16.701168 -26.208900	</row3>
		</transform>
		<clientOnly>	false	</clientOnly>
		<properties>
			<entityName>	20721018	</entityName>
			<rediviousTime>	3.000000	</rediviousTime>
			<rediviousTotal>	1	</rediviousTotal>
			<randomWalkRange>	0.000000	</randomWalkRange>
			<patrolList>	</patrolList>
			<monsterType>	0	</monsterType>
			<level>	1	</level>
			<challengeLevel>	1	</challengeLevel>
			<challengeRank>	0	</challengeRank>
			<challengeTMembers>	3	</challengeTMembers>
			<patrolPathNode>	</patrolPathNode>
			<actionDefaultName>	</actionDefaultName>
			<ownModelName>	</ownModelName>
		</properties>
	</entity_16>
	<entity_17>
		<stopLinkStation>	00000000.00000000.00000000.00000000	</stopLinkStation>
		<animation>	</animation>
		<animationEven>	</animationEven>
		<type>	SpawnPointChallenge	</type>
		<transform>
			<row0>	0.000000 0.000000 0.999994	</row0>
			<row1>	-0.167629 0.985844 0.000000	</row1>
			<row2>	-0.985843 -0.167630 0.000000	</row2>
			<row3>	-213.052826 16.699215 -30.206757	</row3>
		</transform>
		<clientOnly>	false	</clientOnly>
		<properties>
			<entityName>	20741023	</entityName>
			<rediviousTime>	3.000000	</rediviousTime>
			<rediviousTotal>	1	</rediviousTotal>
			<randomWalkRange>	0.000000	</randomWalkRange>
			<patrolList>	</patrolList>
			<monsterType>	0	</monsterType>
			<level>	1	</level>
			<challengeLevel>	1	</challengeLevel>
			<challengeRank>	0	</challengeRank>
			<challengeTMembers>	3	</challengeTMembers>
			<patrolPathNode>	</patrolPathNode>
			<actionDefaultName>	</actionDefaultName>
			<ownModelName>	</ownModelName>
		</properties>
	</entity_17>
	<entity_18>
		<stopLinkStation>	00000000.00000000.00000000.00000000	</stopLinkStation>
		<animation>	</animation>
		<animationEven>	</animationEven>
		<type>	SpawnPointChallenge	</type>
		<transform>
			<row0>	0.000000 0.000000 0.999994	</row0>
			<row1>	-0.167629 0.985844 0.000000	</row1>
			<row2>	-0.985843 -0.167630 0.000000	</row2>
			<row3>	-217.037003 16.697262 -32.478546	</row3>
		</transform>
		<clientOnly>	false	</clientOnly>
		<properties>
			<entityName>	20741023	</entityName>
			<rediviousTime>	3.000000	</rediviousTime>
			<rediviousTotal>	1	</rediviousTotal>
			<randomWalkRange>	0.000000	</randomWalkRange>
			<patrolList>	</patrolList>
			<monsterType>	0	</monsterType>
			<level>	1	</level>
			<challengeLevel>	1	</challengeLevel>
			<challengeRank>	0	</challengeRank>
			<challengeTMembers>	3	</challengeTMembers>
			<patrolPathNode>	</patrolPathNode>
			<actionDefaultName>	</actionDefaultName>
			<ownModelName>	</ownModelName>
		</properties>
	</entity_18>
	<entity_19>
		<stopLinkStation>	00000000.00000000.00000000.00000000	</stopLinkStation>
		<animation>	</animation>
		<animationEven>	</animationEven>
		<type>	SpawnPointChallenge	</type>
		<transform>
			<row0>	0.000000 0.000000 0.999994	</row0>
			<row1>	-0.167629 0.985844 0.000000	</row1>
			<row2>	-0.985843 -0.167630 0.000000	</row2>
			<row3>	-215.423569 16.699215 -32.087402	</row3>
		</transform>
		<clientOnly>	false	</clientOnly>
		<properties>
			<entityName>	20741023	</entityName>
			<rediviousTime>	3.000000	</rediviousTime>
			<rediviousTotal>	1	</rediviousTotal>
			<randomWalkRange>	0.000000	</randomWalkRange>
			<patrolList>	</patrolList>
			<monsterType>	0	</monsterType>
			<level>	1	</level>
			<challengeLevel>	1	</challengeLevel>
			<challengeRank>	0	</challengeRank>
			<challengeTMembers>	1	</challengeTMembers>
			<patrolPathNode>	</patrolPathNode>
			<actionDefaultName>	</actionDefaultName>
			<ownModelName>	</ownModelName>
		</properties>
	</entity_19>
	<entity_20>
		<stopLinkStation>	00000000.00000000.00000000.00000000	</stopLinkStation>
		<animation>	</animation>
		<animationEven>	</animationEven>
		<type>	SpawnPointChallenge	</type>
		<transform>
			<row0>	0.000000 0.000000 0.999994	</row0>
			<row1>	-0.167629 0.985844 0.000000	</row1>
			<row2>	-0.985843 -0.167630 0.000000	</row2>
			<row3>	-214.513168 16.699215 -25.239822	</row3>
		</transform>
		<clientOnly>	false	</clientOnly>
		<properties>
			<entityName>	20741023	</entityName>
			<rediviousTime>	3.000000	</rediviousTime>
			<rediviousTotal>	1	</rediviousTotal>
			<randomWalkRange>	0.000000	</randomWalkRange>
			<patrolList>	</patrolList>
			<monsterType>	0	</monsterType>
			<level>	1	</level>
			<challengeLevel>	1	</challengeLevel>
			<challengeRank>	0	</challengeRank>
			<challengeTMembers>	3	</challengeTMembers>
			<patrolPathNode>	</patrolPathNode>
			<actionDefaultName>	</actionDefaultName>
			<ownModelName>	</ownModelName>
		</properties>
	</entity_20>
	<entity_21>
		<stopLinkStation>	00000000.00000000.00000000.00000000	</stopLinkStation>
		<animation>	</animation>
		<animationEven>	</animationEven>
		<type>	NPCSpawnPoint	</type>
		<transform>
			<row0>	-0.986148 0.000345 0.165863	</row0>
			<row1>	0.000340 0.999999 -0.000057	</row1>
			<row2>	-0.165863 0.000000 -0.986148	</row2>
			<row3>	-239.398376 15.397997 -16.226028	</row3>
		</transform>
		<clientOnly>	false	</clientOnly>
		<properties>
			<entityName>	10121098	</entityName>
			<rediviousTime>	60.000000	</rediviousTime>
			<rediviousTotal>	1	</rediviousTotal>
			<randomWalkRange>	3.000000	</randomWalkRange>
			<patrolList>	</patrolList>
			<lineNumber>	0	</lineNumber>
			<patrolPathNode>	</patrolPathNode>
			<actionDefaultName>	</actionDefaultName>
			<ownModelName>	</ownModelName>
		</properties>
	</entity_21>
	<entity_22>
		<stopLinkStation>	00000000.00000000.00000000.00000000	</stopLinkStation>
		<animation>	</animation>
		<animationEven>	</animationEven>
		<type>	NPCSpawnPoint	</type>
		<transform>
			<row0>	1.000000 0.000000 0.000000	</row0>
			<row1>	0.000000 1.000000 0.000000	</row1>
			<row2>	0.000000 0.000000 1.000000	</row2>
			<row3>	-240.293396 15.431459 -24.639977	</row3>
		</transform>
		<clientOnly>	false	</clientOnly>
		<properties>
			<entityName>	10122013	</entityName>
			<rediviousTime>	60.000000	</rediviousTime>
			<rediviousTotal>	1	</rediviousTotal>
			<randomWalkRange>	3.000000	</randomWalkRange>
			<patrolList>	</patrolList>
			<lineNumber>	0	</lineNumber>
			<patrolPathNode>	</patrolPathNode>
			<actionDefaultName>	</actionDefaultName>
			<ownModelName>	</ownModelName>
		</properties>
	</entity_22>
	<entity_34>
		<stopLinkStation>	00000000.00000000.00000000.00000000	</stopLinkStation>
		<animation>	</animation>
		<animationEven>	</animationEven>
		<type>	SpawnPointChallenge	</type>
		<transform>
			<row0>	-0.003543 -0.043422 -0.999043	</row0>
			<row1>	0.162054 0.985820 -0.043422	</row1>
			<row2>	0.986768 -0.162054 0.003543	</row2>
			<row3>	-153.550385 20.533199 -22.420006	</row3>
		</transform>
		<clientOnly>	false	</clientOnly>
		<properties>
			<entityName>	20722025	</entityName>
			<rediviousTime>	3.000000	</rediviousTime>
			<rediviousTotal>	1	</rediviousTotal>
			<randomWalkRange>	0.000000	</randomWalkRange>
			<patrolList>	</patrolList>
			<monsterType>	0	</monsterType>
			<level>	1	</level>
			<challengeLevel>	1	</challengeLevel>
			<challengeRank>	0	</challengeRank>
			<challengeTMembers>	3	</challengeTMembers>
			<patrolPathNode>	</patrolPathNode>
			<actionDefaultName>	</actionDefaultName>
			<ownModelName>	</ownModelName>
		</properties>
	</entity_34>
	<entity_35>
		<stopLinkStation>	00000000.00000000.00000000.00000000	</stopLinkStation>
		<animation>	</animation>
		<animationEven>	</animationEven>
		<type>	SpawnPointChallenge	</type>
		<transform>
			<row0>	0.000000 0.000000 0.999994	</row0>
			<row1>	-0.167771 0.985820 0.000000	</row1>
			<row2>	-0.985819 -0.167771 0.000000	</row2>
			<row3>	-161.860275 19.703121 -26.291489	</row3>
		</transform>
		<clientOnly>	false	</clientOnly>
		<properties>
			<entityName>	20732030	</entityName>
			<rediviousTime>	3.000000	</rediviousTime>
			<rediviousTotal>	1	</rediviousTotal>
			<randomWalkRange>	0.000000	</randomWalkRange>
			<patrolList>	</patrolList>
			<monsterType>	0	</monsterType>
			<level>	1	</level>
			<challengeLevel>	1	</challengeLevel>
			<challengeRank>	0	</challengeRank>
			<challengeTMembers>	1	</challengeTMembers>
			<patrolPathNode>	</patrolPathNode>
			<actionDefaultName>	</actionDefaultName>
			<ownModelName>	</ownModelName>
		</properties>
	</entity_35>
	<entity_36>
		<stopLinkStation>	00000000.00000000.00000000.00000000	</stopLinkStation>
		<animation>	</animation>
		<animationEven>	</animationEven>
		<type>	SpawnPointChallenge	</type>
		<transform>
			<row0>	-0.997902 -0.064452 -0.004424	</row0>
			<row1>	-0.064594 0.996593 0.051133	</row1>
			<row2>	0.001114 0.051313 -0.998673	</row2>
			<row3>	-159.301666 19.757809 -34.260681	</row3>
		</transform>
		<clientOnly>	false	</clientOnly>
		<properties>
			<entityName>	20741023	</entityName>
			<rediviousTime>	3.000000	</rediviousTime>
			<rediviousTotal>	1	</rediviousTotal>
			<randomWalkRange>	0.000000	</randomWalkRange>
			<patrolList>	</patrolList>
			<monsterType>	0	</monsterType>
			<level>	1	</level>
			<challengeLevel>	1	</challengeLevel>
			<challengeRank>	0	</challengeRank>
			<challengeTMembers>	1	</challengeTMembers>
			<patrolPathNode>	</patrolPathNode>
			<actionDefaultName>	</actionDefaultName>
			<ownModelName>	</ownModelName>
		</properties>
	</entity_36>
	<entity_37>
		<stopLinkStation>	00000000.00000000.00000000.00000000	</stopLinkStation>
		<animation>	</animation>
		<animationEven>	</animationEven>
		<type>	SpawnPointChallenge	</type>
		<transform>
			<row0>	-0.997902 -0.064452 -0.004424	</row0>
			<row1>	-0.064594 0.996593 0.051133	</row1>
			<row2>	0.001114 0.051313 -0.998673	</row2>
			<row3>	-155.996735 20.255856 -33.937561	</row3>
		</transform>
		<clientOnly>	false	</clientOnly>
		<properties>
			<entityName>	20721018	</entityName>
			<rediviousTime>	3.000000	</rediviousTime>
			<rediviousTotal>	1	</rediviousTotal>
			<randomWalkRange>	0.000000	</randomWalkRange>
			<patrolList>	</patrolList>
			<monsterType>	0	</monsterType>
			<level>	1	</level>
			<challengeLevel>	1	</challengeLevel>
			<challengeRank>	0	</challengeRank>
			<challengeTMembers>	3	</challengeTMembers>
			<patrolPathNode>	</patrolPathNode>
			<actionDefaultName>	</actionDefaultName>
			<ownModelName>	</ownModelName>
		</properties>
	</entity_37>
	<entity_38>
		<stopLinkStation>	00000000.00000000.00000000.00000000	</stopLinkStation>
		<animation>	</animation>
		<animationEven>	</animationEven>
		<type>	SpawnPointChallenge	</type>
		<transform>
			<row0>	-0.997902 -0.064452 -0.004424	</row0>
			<row1>	-0.064594 0.996593 0.051133	</row1>
			<row2>	0.001114 0.051313 -0.998673	</row2>
			<row3>	-162.227020 19.417965 -32.918350	</row3>
		</transform>
		<clientOnly>	false	</clientOnly>
		<properties>
			<entityName>	20741023	</entityName>
			<rediviousTime>	3.000000	</rediviousTime>
			<rediviousTotal>	1	</rediviousTotal>
			<randomWalkRange>	0.000000	</randomWalkRange>
			<patrolList>	</patrolList>
			<monsterType>	0	</monsterType>
			<level>	1	</level>
			<challengeLevel>	1	</challengeLevel>
			<challengeRank>	0	</challengeRank>
			<challengeTMembers>	3	</challengeTMembers>
			<patrolPathNode>	</patrolPathNode>
			<actionDefaultName>	</actionDefaultName>
			<ownModelName>	</ownModelName>
		</properties>
	</entity_38>
	<entity_39>
		<stopLinkStation>	00000000.00000000.00000000.00000000	</stopLinkStation>
		<animation>	</animation>
		<animationEven>	</animationEven>
		<type>	SpawnPointChallenge	</type>
		<transform>
			<row0>	0.000000 0.000000 0.999994	</row0>
			<row1>	-0.167629 0.985844 0.000000	</row1>
			<row2>	-0.985843 -0.167630 0.000000	</row2>
			<row3>	-162.144867 19.517574 -30.575623	</row3>
		</transform>
		<clientOnly>	false	</clientOnly>
		<properties>
			<entityName>	20731014	</entityName>
			<rediviousTime>	3.000000	</rediviousTime>
			<rediviousTotal>	1	</rediviousTotal>
			<randomWalkRange>	0.000000	</randomWalkRange>
			<patrolList>	</patrolList>
			<monsterType>	0	</monsterType>
			<level>	1	</level>
			<challengeLevel>	1	</challengeLevel>
			<challengeRank>	0	</challengeRank>
			<challengeTMembers>	1	</challengeTMembers>
			<patrolPathNode>	</patrolPathNode>
			<actionDefaultName>	</actionDefaultName>
			<ownModelName>	</ownModelName>
		</properties>
	</entity_39>
	<entity_40>
		<stopLinkStation>	00000000.00000000.00000000.00000000	</stopLinkStation>
		<animation>	</animation>
		<animationEven>	</animationEven>
		<type>	SpawnPointChallenge	</type>
		<transform>
			<row0>	0.000000 0.000000 0.999994	</row0>
			<row1>	-0.167629 0.985844 0.000000	</row1>
			<row2>	-0.985843 -0.167630 0.000000	</row2>
			<row3>	-155.723846 20.302731 -30.761047	</row3>
		</transform>
		<clientOnly>	false	</clientOnly>
		<properties>
			<entityName>	20721018	</entityName>
			<rediviousTime>	3.000000	</rediviousTime>
			<rediviousTotal>	1	</rediviousTotal>
			<randomWalkRange>	0.000000	</randomWalkRange>
			<patrolList>	</patrolList>
			<monsterType>	0	</monsterType>
			<level>	1	</level>
			<challengeLevel>	1	</challengeLevel>
			<challengeRank>	0	</challengeRank>
			<challengeTMembers>	1	</challengeTMembers>
			<patrolPathNode>	</patrolPathNode>
			<actionDefaultName>	</actionDefaultName>
			<ownModelName>	</ownModelName>
		</properties>
	</entity_40>
	<entity_41>
		<stopLinkStation>	00000000.00000000.00000000.00000000	</stopLinkStation>
		<animation>	</animation>
		<animationEven>	</animationEven>
		<type>	SpawnPointChallenge	</type>
		<transform>
			<row0>	0.000000 0.000000 0.999994	</row0>
			<row1>	-0.167629 0.985844 0.000000	</row1>
			<row2>	-0.985843 -0.167630 0.000000	</row2>
			<row3>	-165.309036 19.191402 -30.502914	</row3>
		</transform>
		<clientOnly>	false	</clientOnly>
		<properties>
			<entityName>	20731014	</entityName>
			<rediviousTime>	3.000000	</rediviousTime>
			<rediviousTotal>	1	</rediviousTotal>
			<randomWalkRange>	0.000000	</randomWalkRange>
			<patrolList>	</patrolList>
			<monsterType>	0	</monsterType>
			<level>	1	</level>
			<challengeLevel>	1	</challengeLevel>
			<challengeRank>	0	</challengeRank>
			<challengeTMembers>	3	</challengeTMembers>
			<patrolPathNode>	</patrolPathNode>
			<actionDefaultName>	</actionDefaultName>
			<ownModelName>	</ownModelName>
		</properties>
	</entity_41>
	<entity_42>
		<stopLinkStation>	00000000.00000000.00000000.00000000	</stopLinkStation>
		<animation>	</animation>
		<animationEven>	</animationEven>
		<type>	SpawnPointChallenge	</type>
		<transform>
			<row0>	0.000000 0.000000 0.999994	</row0>
			<row1>	-0.167629 0.985844 0.000000	</row1>
			<row2>	-0.985843 -0.167630 0.000000	</row2>
			<row3>	-159.255035 19.833981 -30.719971	</row3>
		</transform>
		<clientOnly>	false	</clientOnly>
		<properties>
			<entityName>	20731014	</entityName>
			<rediviousTime>	3.000000	</rediviousTime>
			<rediviousTotal>	1	</rediviousTotal>
			<randomWalkRange>	0.000000	</randomWalkRange>
			<patrolList>	</patrolList>
			<monsterType>	0	</monsterType>
			<level>	1	</level>
			<challengeLevel>	1	</challengeLevel>
			<challengeRank>	0	</challengeRank>
			<challengeTMembers>	3	</challengeTMembers>
			<patrolPathNode>	</patrolPathNode>
			<actionDefaultName>	</actionDefaultName>
			<ownModelName>	</ownModelName>
		</properties>
	</entity_42>
	<entity_43>
		<stopLinkStation>	00000000.00000000.00000000.00000000	</stopLinkStation>
		<animation>	</animation>
		<animationEven>	</animationEven>
		<type>	SpawnPointChallenge	</type>
		<transform>
			<row0>	0.000000 0.000000 0.999994	</row0>
			<row1>	-0.167629 0.985844 0.000000	</row1>
			<row2>	-0.985843 -0.167630 0.000000	</row2>
			<row3>	-152.637100 20.505856 -30.886490	</row3>
		</transform>
		<clientOnly>	false	</clientOnly>
		<properties>
			<entityName>	20721018	</entityName>
			<rediviousTime>	3.000000	</rediviousTime>
			<rediviousTotal>	1	</rediviousTotal>
			<randomWalkRange>	0.000000	</randomWalkRange>
			<patrolList>	</patrolList>
			<monsterType>	0	</monsterType>
			<level>	1	</level>
			<challengeLevel>	1	</challengeLevel>
			<challengeRank>	0	</challengeRank>
			<challengeTMembers>	3	</challengeTMembers>
			<patrolPathNode>	</patrolPathNode>
			<actionDefaultName>	</actionDefaultName>
			<ownModelName>	</ownModelName>
		</properties>
	</entity_43>
	<entity_44>
		<stopLinkStation>	00000000.00000000.00000000.00000000	</stopLinkStation>
		<animation>	</animation>
		<animationEven>	</animationEven>
		<type>	SpawnPointChallenge	</type>
		<transform>
			<row0>	-0.997902 -0.064452 -0.004424	</row0>
			<row1>	-0.064594 0.996593 0.051133	</row1>
			<row2>	0.001114 0.051313 -0.998673	</row2>
			<row3>	-162.137054 20.279293 -14.170746	</row3>
		</transform>
		<clientOnly>	false	</clientOnly>
		<properties>
			<entityName>	20741023	</entityName>
			<rediviousTime>	3.000000	</rediviousTime>
			<rediviousTotal>	1	</rediviousTotal>
			<randomWalkRange>	0.000000	</randomWalkRange>
			<patrolList>	</patrolList>
			<monsterType>	0	</monsterType>
			<level>	1	</level>
			<challengeLevel>	1	</challengeLevel>
			<challengeRank>	0	</challengeRank>
			<challengeTMembers>	3	</challengeTMembers>
			<patrolPathNode>	</patrolPathNode>
			<actionDefaultName>	</actionDefaultName>
			<ownModelName>	</ownModelName>
		</properties>
	</entity_44>
	<entity_45>
		<stopLinkStation>	00000000.00000000.00000000.00000000	</stopLinkStation>
		<animation>	</animation>
		<animationEven>	</animationEven>
		<type>	SpawnPointChallenge	</type>
		<transform>
			<row0>	-0.997902 -0.064452 -0.004424	</row0>
			<row1>	-0.064594 0.996593 0.051133	</row1>
			<row2>	0.001114 0.051312 -0.998673	</row2>
			<row3>	-155.924133 20.673824 -14.385170	</row3>
		</transform>
		<clientOnly>	false	</clientOnly>
		<properties>
			<entityName>	20741023	</entityName>
			<rediviousTime>	3.000000	</rediviousTime>
			<rediviousTotal>	1	</rediviousTotal>
			<randomWalkRange>	0.000000	</randomWalkRange>
			<patrolList>	</patrolList>
			<monsterType>	0	</monsterType>
			<level>	1	</level>
			<challengeLevel>	1	</challengeLevel>
			<challengeRank>	0	</challengeRank>
			<challengeTMembers>	3	</challengeTMembers>
			<patrolPathNode>	</patrolPathNode>
			<actionDefaultName>	</actionDefaultName>
			<ownModelName>	</ownModelName>
		</properties>
	</entity_45>
	<entity_46>
		<stopLinkStation>	00000000.00000000.00000000.00000000	</stopLinkStation>
		<animation>	</animation>
		<animationEven>	</animationEven>
		<type>	SpawnPointChallenge	</type>
		<transform>
			<row0>	0.000000 0.000000 0.999994	</row0>
			<row1>	-0.167629 0.985844 0.000000	</row1>
			<row2>	-0.985843 -0.167630 0.000000	</row2>
			<row3>	-165.011337 19.708981 -16.926537	</row3>
		</transform>
		<clientOnly>	false	</clientOnly>
		<properties>
			<entityName>	20731014	</entityName>
			<rediviousTime>	3.000000	</rediviousTime>
			<rediviousTotal>	1	</rediviousTotal>
			<randomWalkRange>	0.000000	</randomWalkRange>
			<patrolList>	</patrolList>
			<monsterType>	0	</monsterType>
			<level>	1	</level>
			<challengeLevel>	1	</challengeLevel>
			<challengeRank>	0	</challengeRank>
			<challengeTMembers>	3	</challengeTMembers>
			<patrolPathNode>	</patrolPathNode>
			<actionDefaultName>	</actionDefaultName>
			<ownModelName>	</ownModelName>
		</properties>
	</entity_46>
	<entity_47>
		<stopLinkStation>	00000000.00000000.00000000.00000000	</stopLinkStation>
		<animation>	</animation>
		<animationEven>	</animationEven>
		<type>	SpawnPointChallenge	</type>
		<transform>
			<row0>	0.000000 0.000000 0.999994	</row0>
			<row1>	-0.167629 0.985844 0.000000	</row1>
			<row2>	-0.985843 -0.167630 0.000000	</row2>
			<row3>	-161.847153 20.126949 -16.999245	</row3>
		</transform>
		<clientOnly>	false	</clientOnly>
		<properties>
			<entityName>	20731014	</entityName>
			<rediviousTime>	3.000000	</rediviousTime>
			<rediviousTotal>	1	</rediviousTotal>
			<randomWalkRange>	0.000000	</randomWalkRange>
			<patrolList>	</patrolList>
			<monsterType>	0	</monsterType>
			<level>	1	</level>
			<challengeLevel>	1	</challengeLevel>
			<challengeRank>	0	</challengeRank>
			<challengeTMembers>	1	</challengeTMembers>
			<patrolPathNode>	</patrolPathNode>
			<actionDefaultName>	</actionDefaultName>
			<ownModelName>	</ownModelName>
		</properties>
	</entity_47>
	<entity_48>
		<stopLinkStation>	00000000.00000000.00000000.00000000	</stopLinkStation>
		<animation>	</animation>
		<animationEven>	</animationEven>
		<type>	SpawnPointChallenge	</type>
		<transform>
			<row0>	0.000000 0.000000 0.999994	</row0>
			<row1>	-0.167629 0.985844 0.000000	</row1>
			<row2>	-0.985843 -0.167630 0.000000	</row2>
			<row3>	-155.426041 20.599606 -17.184654	</row3>
		</transform>
		<clientOnly>	false	</clientOnly>
		<properties>
			<entityName>	20721018	</entityName>
			<rediviousTime>	3.000000	</rediviousTime>
			<rediviousTotal>	1	</rediviousTotal>
			<randomWalkRange>	0.000000	</randomWalkRange>
			<patrolList>	</patrolList>
			<monsterType>	0	</monsterType>
			<level>	1	</level>
			<challengeLevel>	1	</challengeLevel>
			<challengeRank>	0	</challengeRank>
			<challengeTMembers>	1	</challengeTMembers>
			<patrolPathNode>	</patrolPathNode>
			<actionDefaultName>	</actionDefaultName>
			<ownModelName>	</ownModelName>
		</properties>
	</entity_48>
	<entity_49>
		<stopLinkStation>	00000000.00000000.00000000.00000000	</stopLinkStation>
		<animation>	</animation>
		<animationEven>	</animationEven>
		<type>	SpawnPointChallenge	</type>
		<transform>
			<row0>	0.000000 0.000000 0.999994	</row0>
			<row1>	-0.167629 0.985844 0.000000	</row1>
			<row2>	-0.985843 -0.167630 0.000000	</row2>
			<row3>	-158.957230 20.392574 -17.143570	</row3>
		</transform>
		<clientOnly>	false	</clientOnly>
		<properties>
			<entityName>	20721018	</entityName>
			<rediviousTime>	3.000000	</rediviousTime>
			<rediviousTotal>	1	</rediviousTotal>
			<randomWalkRange>	0.000000	</randomWalkRange>
			<patrolList>	</patrolList>
			<monsterType>	0	</monsterType>
			<level>	1	</level>
			<challengeLevel>	1	</challengeLevel>
			<challengeRank>	0	</challengeRank>
			<challengeTMembers>	3	</challengeTMembers>
			<patrolPathNode>	</patrolPathNode>
			<actionDefaultName>	</actionDefaultName>
			<ownModelName>	</ownModelName>
		</properties>
	</entity_49>
	<entity_50>
		<stopLinkStation>	00000000.00000000.00000000.00000000	</stopLinkStation>
		<animation>	</animation>
		<animationEven>	</animationEven>
		<type>	SpawnPointChallenge	</type>
		<transform>
			<row0>	0.000000 0.000000 0.999994	</row0>
			<row1>	-0.167629 0.985844 0.000000	</row1>
			<row2>	-0.985843 -0.167630 0.000000	</row2>
			<row3>	-152.159668 20.697264 -17.302269	</row3>
		</transform>
		<clientOnly>	false	</clientOnly>
		<properties>
			<entityName>	20721018	</entityName>
			<rediviousTime>	3.000000	</rediviousTime>
			<rediviousTotal>	1	</rediviousTotal>
			<randomWalkRange>	0.000000	</randomWalkRange>
			<patrolList>	</patrolList>
			<monsterType>	0	</monsterType>
			<level>	1	</level>
			<challengeLevel>	1	</challengeLevel>
			<challengeRank>	0	</challengeRank>
			<challengeTMembers>	3	</challengeTMembers>
			<patrolPathNode>	</patrolPathNode>
			<actionDefaultName>	</actionDefaultName>
			<ownModelName>	</ownModelName>
		</properties>
	</entity_50>
	<entity_51>
		<stopLinkStation>	00000000.00000000.00000000.00000000	</stopLinkStation>
		<animation>	</animation>
		<animationEven>	</animationEven>
		<type>	SpawnPointChallenge	</type>
		<transform>
			<row0>	-0.003543 -0.043422 -0.999043	</row0>
			<row1>	0.162054 0.985820 -0.043422	</row1>
			<row2>	0.986768 -0.162054 0.003543	</row2>
			<row3>	-130.871765 20.789059 -40.966801	</row3>
		</transform>
		<clientOnly>	false	</clientOnly>
		<properties>
			<entityName>	20722025	</entityName>
			<rediviousTime>	3.000000	</rediviousTime>
			<rediviousTotal>	1	</rediviousTotal>
			<randomWalkRange>	0.000000	</randomWalkRange>
			<patrolList>	</patrolList>
